,againstHero,games,hero,losses,shift,wins
0,17,10,81,0,31.104140358623045,10
1,44,11,37,0,29.88349889925713,11
2,112,18,102,2,28.496084585485107,16
3,98,10,61,0,28.323329566102494,10
4,69,10,38,1,27.695920761479556,9
5,98,10,81,1,27.56322031639677,9
6,49,10,106,1,25.681632401928862,9
7,55,15,38,2,25.19286181976179,13
8,90,14,23,2,25.1914979759845,12
9,26,16,57,3,24.881124922939264,13
10,104,11,42,1,24.55480599508646,10
11,74,10,53,2,24.36471273024663,8
12,75,19,77,3,23.52836570307736,16
13,4,11,8,1,23.177905083651485,10
14,104,18,91,1,22.937436859705542,17
15,3,10,1,2,22.670516239418717,8
16,48,21,3,4,22.625157919659564,17
17,91,12,97,2,22.175648770183784,10
18,62,12,31,3,21.790941067775986,9
19,41,15,4,5,21.48059017391386,10
20,25,13,4,2,21.420042602463127,11
21,75,18,3,3,21.417290354619,15
22,101,11,51,2,21.226620175614492,9
23,76,11,31,1,21.157211826935978,10
24,80,16,112,4,21.108795407964617,12
25,51,16,10,3,21.051824036569297,13
26,109,10,90,1,21.034570289962243,9
27,100,12,33,2,21.028397065514316,10
28,112,14,10,3,21.021770709139737,11
29,77,14,76,2,20.62856902116825,12
30,76,13,43,2,20.59689863108612,11
31,3,10,95,2,20.57885087785416,8
32,34,11,77,1,20.530353874618392,10
33,81,23,94,6,20.517798479805748,17
34,30,11,10,2,20.38962047667116,9
35,75,10,103,1,20.24199150509897,9
36,112,38,68,8,20.161440612174868,30
37,7,12,84,2,20.160900959942538,10
38,4,17,54,2,19.994435391851386,15
39,73,13,97,4,19.966763707753138,9
40,89,12,106,4,19.849086778440608,8
41,95,12,32,2,19.760326388824467,10
42,15,11,31,3,19.738787942525676,8
43,64,11,5,2,19.698196874853622,9
44,80,11,29,2,19.670803114551134,9
45,30,11,6,2,19.605882514870544,9
46,114,12,29,3,19.392096732655677,9
47,30,19,36,2,19.305297671687292,17
48,99,14,18,3,19.290873438644518,11
49,34,13,62,3,19.217276142512915,10
50,92,10,106,2,19.04169077246869,8
51,98,13,4,2,18.93649850914462,11
52,64,13,34,3,18.881258889539772,10
53,34,12,97,3,18.831202908180163,9
54,55,20,33,4,18.82593244000092,16
55,27,12,102,2,18.772173343475483,10
56,99,17,28,4,18.75458480836917,13
57,112,16,57,4,18.741640604630682,12
58,48,14,94,3,18.679447719754858,11
59,45,10,12,2,18.653807119995122,8
60,95,16,30,4,18.59476138296642,12
61,106,15,31,4,18.52908676481623,11
62,72,13,81,4,18.287707067400415,9
63,29,20,57,4,18.20864139751641,16
64,67,10,54,2,18.121548101252504,8
65,54,21,76,5,18.08934803214948,16
66,35,10,41,3,17.84884882348167,7
67,111,11,114,3,17.846918134233793,8
68,32,17,88,4,17.824594134673823,13
69,48,13,35,3,17.821530991658573,10
70,30,18,5,3,17.81053305502534,15
71,35,13,109,3,17.789223446519653,10
72,85,10,15,2,17.788004047228643,8
73,44,12,55,3,17.77184716319358,9
74,90,12,68,3,17.719685937760904,9
75,81,16,43,4,17.708072706454832,12
76,5,11,3,4,17.694163901939536,7
77,20,10,67,2,17.672455088050597,8
78,102,18,60,5,17.60770484195146,13
79,109,11,18,3,17.59427158865158,8
80,110,11,83,2,17.575104905290953,9
81,108,11,109,3,17.40163308376229,8
82,35,10,106,3,17.31905115685177,7
83,27,22,5,6,17.18696709990766,16
84,88,28,29,7,17.154392005842116,21
85,60,11,2,3,17.116843000088547,8
86,18,15,46,3,17.114833090306377,12
87,94,11,72,3,17.095227912006596,8
88,27,29,9,8,17.072056537621442,21
89,18,14,1,3,17.058153705270215,11
90,73,13,37,4,17.032463348069772,9
91,90,25,51,6,16.98113610300884,19
92,38,10,31,4,16.97274158238423,6
93,20,19,112,4,16.964936240764278,15
94,43,12,46,3,16.90387334173946,9
95,22,10,41,2,16.895138763704843,8
96,13,12,10,3,16.89276746041981,9
97,26,11,12,3,16.87748269880037,8
98,37,12,10,4,16.877061428062927,8
99,80,21,13,7,16.796282689859083,14
100,15,15,37,3,16.78479129694742,12
101,60,10,26,3,16.74543091529222,7
102,23,13,83,3,16.74470008954982,10
103,95,15,71,5,16.726754189945982,10
104,78,28,112,7,16.67914983172849,21
105,53,23,69,6,16.676579450904736,17
106,101,10,36,2,16.627946704419482,8
107,95,22,68,4,16.55020486315604,18
108,17,12,79,3,16.528587589888392,9
109,66,10,64,2,16.52634240612363,8
110,34,10,61,1,16.513382683902012,9
111,16,46,31,12,16.494251500601973,34
112,14,15,55,3,16.46488514148042,12
113,74,12,64,4,16.440953543226588,8
114,19,11,37,2,16.4401797639671,9
115,99,19,39,4,16.42872930905631,15
116,14,14,63,4,16.386711509096077,10
117,29,10,40,2,16.378294184390825,8
118,110,11,43,3,16.376498956572302,8
119,27,13,83,2,16.3680925226411,11
120,104,19,2,6,16.35238800305577,13
121,25,12,14,2,16.337614979675553,10
122,65,16,33,4,16.286121361101067,12
123,34,12,80,2,16.26922931751229,10
124,18,11,89,3,16.194414256598467,8
125,98,13,46,4,16.128351252027375,9
126,71,15,112,4,16.11687592102847,11
127,87,19,35,6,16.11679485458087,13
128,41,18,5,6,16.050377082501452,12
129,53,31,9,8,16.014655893145633,23
130,8,13,108,3,16.00695825478633,10
131,57,11,90,3,15.975273202140915,8
132,62,12,48,4,15.963389974606171,8
133,108,17,3,4,15.93663757211763,13
134,80,13,70,2,15.901333417895945,11
135,90,29,28,7,15.88008958677165,22
136,80,14,76,4,15.87988367140994,10
137,30,24,41,6,15.825071217598799,18
138,95,22,17,5,15.802621580377183,17
139,110,13,28,4,15.75542536900984,9
140,17,13,94,4,15.746212612138288,9
141,93,16,96,4,15.733194627661216,12
142,80,12,35,3,15.724062118723628,9
143,75,13,80,3,15.718052052365538,10
144,15,14,112,4,15.700949053545523,10
145,14,12,97,2,15.664913845649805,10
146,90,13,97,4,15.621888085765939,9
147,106,11,85,3,15.605731963514026,8
148,4,14,45,4,15.60089147044811,10
149,100,10,90,2,15.59689537510572,8
150,23,21,5,5,15.554175057753397,16
151,64,20,104,5,15.515264160119216,15
152,69,15,31,5,15.502962092044207,10
153,9,15,12,4,15.494125308722385,11
154,112,23,84,6,15.486639525748984,17
155,2,12,39,3,15.473797666414951,9
156,73,25,107,8,15.46067272069853,17
157,5,11,18,3,15.389394006883377,8
158,100,15,2,5,15.36385849078198,10
159,109,19,29,7,15.360965277079266,12
160,12,17,62,5,15.35031999717201,12
161,104,12,94,3,15.27233865597326,9
162,114,15,108,4,15.270376800556944,11
163,27,10,90,2,15.266408205709798,8
164,93,14,46,3,15.251126640356858,11
165,100,36,3,9,15.17022099047744,27
166,48,31,54,9,15.15203502038891,22
167,71,10,29,2,15.143188317628589,8
168,86,29,58,7,15.095351107022626,22
169,25,18,99,5,15.014737107768298,13
170,45,10,75,2,15.00364994694684,8
171,13,12,22,3,14.994671319317483,9
172,80,14,49,5,14.99318638978968,9
173,49,10,44,3,14.992301775479177,7
174,74,15,103,4,14.97396136778404,11
175,111,18,88,4,14.891378091601458,14
176,102,11,35,4,14.787485364380144,7
177,7,11,89,3,14.785043291363074,8
178,11,26,25,6,14.778705544740387,20
179,32,14,106,3,14.741977351969275,11
180,100,10,31,3,14.730848989291468,7
181,7,28,77,8,14.729495105034692,20
182,114,19,83,5,14.712530964906861,14
183,55,15,12,4,14.659208117082445,11
184,23,17,45,5,14.633454544359154,12
185,39,10,66,3,14.612542929328729,7
186,8,25,77,7,14.612256603393078,18
187,50,14,103,4,14.598236066613513,10
188,50,12,99,4,14.581629542155012,8
189,90,10,18,3,14.572865755876737,7
190,34,18,20,4,14.557800978959818,14
191,80,19,50,4,14.554439051919097,15
192,27,25,69,8,14.53516647824794,17
193,15,35,109,8,14.522042747676645,27
194,104,23,38,7,14.499014536690481,16
195,34,10,108,2,14.47806718750258,8
196,19,12,6,4,14.46906875309814,8
197,34,12,25,3,14.468789684868279,9
198,73,10,2,3,14.457830254043134,7
199,17,22,78,7,14.455986406772633,15
200,44,12,5,3,14.447481002517359,9
201,97,13,35,3,14.444551731599496,10
202,80,11,14,4,14.435345395194517,7
203,108,26,70,7,14.427393649276278,19
204,40,10,83,2,14.347262135245902,8
205,54,10,10,3,14.334784055636703,7
206,26,25,86,6,14.322036756570213,19
207,45,15,43,5,14.31794966361631,10
208,31,12,57,4,14.310689026630854,8
209,48,10,112,2,14.307464286387091,8
210,19,20,109,6,14.305000975474687,14
211,23,15,18,5,14.275894417804937,10
212,16,22,83,6,14.273795003910386,16
213,83,11,17,4,14.269615650014424,7
214,34,25,57,7,14.246419359699368,18
215,61,17,7,6,14.217702740281522,11
216,50,18,46,6,14.208875687593249,12
217,72,10,75,3,14.207053385683185,7
218,33,10,19,4,14.198164828754605,6
219,90,10,9,3,14.073147353965513,7
220,74,24,48,9,14.067708006346335,15
221,40,29,77,8,14.0487710710226,21
222,15,14,52,4,14.026248257676636,10
223,6,11,41,4,13.99218654178206,7
224,41,31,9,9,13.990507643067811,22
225,111,12,75,4,13.972281809419972,8
226,114,29,109,7,13.96133653890183,22
227,58,12,29,3,13.952580214272475,9
228,40,24,71,7,13.948125771645659,17
229,75,19,69,5,13.942304484906572,14
230,60,14,20,4,13.939926452860888,10
231,37,11,112,3,13.937736127059289,8
232,25,10,112,3,13.919292260310073,7
233,53,19,50,6,13.883151416746278,13
234,72,10,53,3,13.882269785370534,7
235,55,17,103,4,13.826956770005326,13
236,47,18,112,6,13.820833793363406,12
237,38,14,112,3,13.819485047030156,11
238,97,11,112,2,13.794615799527316,9
239,18,15,34,4,13.78556312433204,11
240,47,13,57,4,13.774921234941399,9
241,100,20,81,7,13.76479826478321,13
242,61,12,87,4,13.760538340997263,8
243,18,15,29,4,13.759102795902567,11
244,97,10,27,4,13.735152835550473,6
245,95,25,11,7,13.725658005456241,18
246,63,25,31,7,13.714594813504087,18
247,112,10,109,3,13.713802849046607,7
248,45,21,51,6,13.706946532575506,15
249,34,10,95,3,13.704508911135058,7
250,57,28,5,8,13.702708831126637,20
251,92,10,25,3,13.698642336458672,7
252,60,11,35,4,13.648279310586378,7
253,108,16,11,4,13.647782335147589,12
254,75,15,12,5,13.63556285801919,10
255,41,29,12,8,13.623588976279665,21
256,48,13,70,4,13.615964738776976,9
257,22,13,27,4,13.578238998395374,9
258,41,19,84,6,13.556150264603875,13
259,80,10,6,3,13.522871173076231,7
260,87,19,38,6,13.505889307722844,13
261,55,13,112,3,13.49840576791747,10
262,84,12,108,3,13.488009207908556,9
263,17,20,109,6,13.465201743869017,14
264,109,18,98,5,13.444061011572101,13
265,36,15,35,4,13.440272285829971,11
266,43,19,53,5,13.43803314299166,14
267,25,12,32,5,13.427877456338669,7
268,61,16,68,5,13.424919545398383,11
269,75,15,53,5,13.423496737137011,10
270,91,11,112,3,13.423237527272498,8
271,71,15,84,4,13.41321574412034,11
272,80,22,51,7,13.405837899191413,15
273,74,12,3,3,13.385856762614395,9
274,43,12,102,4,13.372023836980008,8
275,104,12,35,4,13.369677424437175,8
276,108,10,12,4,13.367955655554766,6
277,17,14,48,5,13.364907872446567,9
278,55,11,32,4,13.363639630093912,7
279,35,18,45,7,13.348739323329763,11
280,108,13,9,5,13.341841222661904,8
281,11,16,18,5,13.321280125838719,11
282,9,17,19,5,13.31812011403307,12
283,80,20,88,7,13.305539707805673,13
284,8,14,1,4,13.305141225086524,10
285,64,19,106,6,13.295192075566392,13
286,104,43,46,14,13.294982678813746,29
287,100,33,68,11,13.287177831750675,22
288,72,16,23,5,13.28677136009312,11
289,7,12,99,4,13.27451726078842,8
290,48,20,49,5,13.272537147968347,15
291,95,39,88,12,13.236869470595256,27
292,36,18,54,6,13.217744798273168,12
293,104,36,27,11,13.195528716848905,25
294,19,14,79,5,13.189433599982168,9
295,95,28,37,7,13.149042342745599,21
296,13,32,29,11,13.136727901073607,21
297,48,13,103,3,13.133825600656486,10
298,94,10,91,2,13.125494056890847,8
299,74,23,62,7,13.07201740553172,16
300,55,14,47,5,13.036465008068177,9
301,27,43,109,14,13.01783435328702,29
302,63,14,35,5,12.998216518752985,9
303,92,10,84,4,12.962976398847768,6
304,98,19,106,6,12.954874150336938,13
305,87,33,81,12,12.947610251942383,21
306,64,20,37,6,12.946494518825181,14
307,64,10,94,4,12.918584959999516,6
308,2,21,65,5,12.890027578518191,16
309,42,10,41,3,12.856406375174817,7
310,53,24,109,7,12.84584836422391,17
311,72,18,29,6,12.835964412753418,12
312,64,22,29,5,12.835455672871142,17
313,1,11,76,4,12.827717897490277,7
314,13,13,66,4,12.789636021700206,9
315,49,15,25,5,12.785517383168523,10
316,84,31,3,11,12.7817713508444,20
317,76,18,89,5,12.75804553023341,13
318,100,15,1,5,12.750379039232417,10
319,95,10,36,3,12.746346244298936,7
320,11,44,37,14,12.738426249160874,30
321,98,33,87,9,12.73723226761893,24
322,33,14,106,4,12.736963404825657,10
323,78,17,48,5,12.72681065943158,12
324,46,24,106,9,12.725492516069494,15
325,15,33,9,13,12.72411209862202,20
326,27,13,45,4,12.720614115305077,9
327,27,22,89,6,12.719981225557996,16
328,13,76,31,25,12.705633823012963,51
329,80,40,63,12,12.682443988429267,28
330,38,16,97,5,12.68239796661763,11
331,104,13,31,5,12.68196482072701,8
332,48,15,5,4,12.675358072710559,11
333,7,23,57,9,12.666461617234948,14
334,85,20,94,6,12.645956344332358,14
335,30,34,63,11,12.643300278538094,23
336,39,20,85,7,12.618845399489865,13
337,53,24,108,9,12.606603502458741,15
338,2,21,51,8,12.59592396910538,13
339,41,18,71,5,12.557773267008855,13
340,65,24,57,7,12.549887280742482,17
341,63,32,3,8,12.548769683390436,24
342,42,12,13,3,12.522183516198908,9
343,64,15,92,7,12.492372460791035,8
344,111,24,41,8,12.478825250714587,16
345,23,11,69,3,12.468155133637696,8
346,79,30,87,8,12.466071130940087,22
347,18,14,37,4,12.438833593443572,10
348,36,17,50,7,12.423703215189775,10
349,53,11,91,3,12.419564767639509,8
350,12,24,109,7,12.4135045049996,17
351,16,47,77,15,12.39229045894374,32
352,49,12,92,4,12.374864484595678,8
353,67,12,97,3,12.353467827440639,9
354,13,91,88,27,12.345868204497036,64
355,34,14,41,5,12.338786367505541,9
356,13,34,94,11,12.315280597409904,23
357,38,11,93,5,12.307152939253097,6
358,98,18,88,5,12.300728896947142,13
359,69,15,18,5,12.281407888329316,10
360,40,15,81,4,12.276802562895192,11
361,98,30,96,9,12.27549839186978,21
362,15,17,55,4,12.267740949311921,13
363,49,29,11,8,12.265394797164886,21
364,37,18,60,7,12.263894360602317,11
365,73,19,88,6,12.262693289910839,13
366,32,10,39,3,12.259008757767624,7
367,100,25,57,8,12.24904881178982,17
368,75,19,43,5,12.224767647713705,14
369,33,19,20,6,12.22272846414757,13
370,78,11,106,3,12.210243252742742,8
371,15,10,97,3,12.205780494305644,7
372,78,13,89,4,12.201646848352171,9
373,34,15,54,4,12.199946008042932,11
374,2,15,11,5,12.196157085843712,10
375,75,11,35,3,12.188091693345983,8
376,78,23,62,8,12.17692984868392,15
377,107,21,99,7,12.174640608684578,14
378,2,22,70,8,12.153236389251047,14
379,11,40,96,13,12.141028508791658,27
380,93,13,104,4,12.138932518021328,9
381,15,10,4,4,12.124220843420797,6
382,45,11,38,3,12.11330845327379,8
383,107,18,83,5,12.107720877525319,13
384,76,15,91,4,12.09807191241983,11
385,16,49,94,14,12.097455142978449,35
386,8,11,35,3,12.093356369533678,8
387,87,13,85,4,12.077215618367395,9
388,100,17,38,4,12.063654867780365,13
389,1,18,63,7,12.054495717242016,11
390,10,10,89,3,12.05123505380701,7
391,30,20,46,6,12.044164698044929,14
392,62,19,57,5,12.031481247026434,14
393,43,14,28,5,12.028046594555397,9
394,1,12,104,4,12.02010829271743,8
395,102,32,5,11,12.011851390558954,21
396,102,18,55,6,11.983866194974429,12
397,37,15,77,5,11.967604181160285,10
398,76,22,57,6,11.963037229635306,16
399,95,27,18,9,11.951490678023532,18
400,28,13,81,4,11.947384191502273,9
401,70,27,57,10,11.940546365796532,17
402,114,46,65,16,11.938229846486395,30
403,108,16,68,5,11.92861631232352,11
404,71,17,77,5,11.915487518479784,12
405,98,18,31,7,11.908816140421921,11
406,79,11,12,4,11.866943529008417,7
407,53,16,38,5,11.864509466472807,11
408,72,11,58,3,11.847351060385245,8
409,92,11,109,3,11.825872450184745,8
410,94,22,57,7,11.796472246977714,15
411,8,21,40,6,11.791921402372768,15
412,44,10,54,3,11.791894285038762,7
413,51,34,81,12,11.790201731891965,22
414,112,10,62,3,11.780471922009976,7
415,49,21,81,8,11.780141471258919,13
416,55,18,19,6,11.767861803446278,12
417,74,24,60,9,11.762098333048542,15
418,63,17,102,6,11.747209471298389,11
419,34,12,69,2,11.742698738008174,10
420,89,10,102,4,11.714231512429773,6
421,55,25,43,6,11.714024478286158,19
422,91,13,96,4,11.692854193124049,9
423,34,23,28,7,11.682170467841413,16
424,8,10,81,3,11.678569579324542,7
425,7,26,19,7,11.65176644692338,19
426,55,23,23,9,11.64391055385205,14
427,100,12,40,4,11.638460148115916,8
428,11,10,110,2,11.637838089699006,8
429,75,17,38,4,11.628826987325251,13
430,38,19,3,6,11.6116907508266,13
431,75,16,29,6,11.609985031917775,10
432,11,23,70,7,11.609570033059047,16
433,43,18,91,5,11.584680594680322,13
434,33,11,43,4,11.58259324901405,7
435,23,11,11,3,11.568338446113309,8
436,36,16,104,6,11.564722196156035,10
437,111,10,71,3,11.563837134119524,7
438,21,13,87,4,11.56318091799384,9
439,53,14,46,5,11.556347535591735,9
440,63,25,69,8,11.548874027492651,17
441,18,12,84,4,11.526678691260484,8
442,110,12,7,5,11.526061320417648,7
443,98,21,77,6,11.52597944233578,15
444,7,15,81,6,11.525413070422038,9
445,7,20,76,8,11.522456617485858,12
446,35,11,65,3,11.518581403700487,8
447,98,14,75,5,11.497093707313164,9
448,68,12,37,4,11.496583691347068,8
449,49,25,23,8,11.473157598441858,17
450,114,41,106,14,11.462749893343949,27
451,34,20,60,6,11.434147211488856,14
452,77,20,50,5,11.423502497737047,15
453,75,39,54,14,11.408133317564468,25
454,73,10,75,5,11.395199340418811,5
455,4,11,38,3,11.395009854616482,8
456,47,18,49,5,11.386056581513852,13
457,75,15,102,4,11.357902372458392,11
458,52,11,108,3,11.346744817608853,8
459,108,11,112,4,11.335603356831966,7
460,104,15,44,5,11.332078649569057,10
461,64,13,20,3,11.331308462604776,10
462,49,15,55,5,11.3111037781176,10
463,69,13,91,5,11.30407928014614,8
464,74,17,76,7,11.297198648055824,10
465,80,10,5,3,11.295210617596885,7
466,111,11,27,3,11.279710088837586,8
467,2,14,55,5,11.276816159574052,9
468,75,52,7,17,11.2746633859962,35
469,83,11,70,5,11.265042422069474,6
470,34,21,76,8,11.25579697597524,13
471,53,23,17,7,11.244737606744525,16
472,25,25,68,8,11.235607083018879,17
473,45,12,39,5,11.230688824941206,7
474,46,20,96,8,11.223825219116968,12
475,25,15,3,5,11.214634960222725,10
476,100,12,46,4,11.210309669403342,8
477,89,11,1,4,11.209011069389932,7
478,87,37,114,14,11.160921669895089,23
479,78,13,1,4,11.156578268103182,9
480,100,35,103,12,11.15403559492814,23
481,62,18,94,6,11.151655058140983,12
482,27,49,19,15,11.141415326856121,34
483,104,34,11,11,11.141180204048961,23
484,78,12,66,4,11.131528298187064,8
485,46,15,70,5,11.123543654837006,10
486,48,11,102,3,11.116814719382416,8
487,46,12,102,4,11.102504599435605,8
488,74,13,32,4,11.10166419198237,9
489,75,20,109,6,11.10040667281172,14
490,79,23,57,8,11.10038188990658,15
491,11,36,84,12,11.100193468531899,24
492,64,29,112,8,11.096215333139424,21
493,38,27,65,10,11.074356765807053,17
494,99,11,11,4,11.04788337752713,7
495,55,39,1,12,11.047135752371082,27
496,32,12,114,4,11.045874107216173,8
497,16,17,32,6,11.045561391190379,11
498,47,10,84,3,11.043789003229906,7
499,91,31,60,12,11.03333094942879,19
500,41,14,92,5,11.016394202336146,9
501,100,56,65,18,11.012297063888095,38
502,15,13,71,4,11.00914391321025,9
503,51,20,110,6,11.00014817045874,14
504,109,17,64,7,10.986928172384285,10
505,13,25,97,9,10.985857531237667,16
506,63,37,91,11,10.96934953874397,26
507,50,40,20,13,10.968930608298047,27
508,65,29,58,10,10.961146082647751,19
509,34,15,38,4,10.941945653131524,11
510,63,48,28,15,10.937243385325443,33
511,44,17,39,6,10.931701642504198,11
512,55,28,64,8,10.917217929011832,20
513,48,22,9,7,10.894666127588817,15
514,60,37,29,13,10.887844572900455,24
515,79,13,106,4,10.885501834452416,9
516,98,34,49,11,10.857447449903724,23
517,86,17,67,6,10.856458271232293,11
518,11,15,81,5,10.851443298256322,10
519,104,32,77,11,10.833725252578544,21
520,100,41,49,14,10.82349227562521,27
521,106,17,81,7,10.816681182916202,10
522,85,12,75,3,10.8046837733115,9
523,55,25,91,7,10.79161282762655,18
524,101,12,13,3,10.774607059056445,9
525,78,16,53,6,10.77154978747951,10
526,59,11,7,3,10.7712398180592,8
527,23,15,91,6,10.74878606870166,9
528,106,14,108,4,10.746780907865295,10
529,30,29,43,8,10.745923470223401,21
530,26,12,89,4,10.740745132559544,8
531,5,19,60,6,10.737943337535818,13
532,11,12,91,3,10.737589094202368,9
533,38,11,43,5,10.729750111855635,6
534,54,11,111,3,10.714143810197234,8
535,43,13,36,5,10.713552025008552,8
536,63,17,33,6,10.663903494014164,11
537,30,24,91,7,10.658543869059741,17
538,104,25,12,8,10.646691739775022,17
539,28,13,103,4,10.609246701939709,9
540,7,31,91,9,10.609100286101583,22
541,104,26,75,9,10.574353916694225,17
542,78,15,47,6,10.571891033683885,9
543,95,15,9,6,10.569002592922947,9
544,28,17,40,7,10.551622113062646,10
545,49,11,38,3,10.545141985188474,8
546,50,19,68,8,10.535408083030939,11
547,93,12,90,4,10.530779388732013,8
548,71,19,97,6,10.523533962196902,13
549,27,27,36,10,10.52334959933135,17
550,53,44,88,14,10.519286458480718,30
551,109,23,39,7,10.513513507021566,16
552,58,14,66,4,10.51321770133819,10
553,8,10,26,4,10.512024852650757,6
554,30,20,85,7,10.510030437811338,13
555,64,27,9,8,10.495957554452962,19
556,103,23,60,8,10.440496774270619,15
557,43,17,9,7,10.435718767902006,10
558,78,15,46,6,10.435320162132959,9
559,19,21,81,7,10.4227612410005,14
560,49,25,43,8,10.405425345146014,17
561,63,16,10,5,10.390771257176633,11
562,72,19,48,8,10.39005352377676,11
563,62,10,81,3,10.381128876663768,7
564,106,16,93,6,10.37915501513517,10
565,50,39,88,14,10.364860984100918,25
566,94,10,7,3,10.355621654064775,7
567,40,16,102,6,10.346146758066931,10
568,37,48,54,16,10.345446907641227,32
569,74,37,28,13,10.332746781815512,24
570,107,48,109,16,10.314744087150336,32
571,57,23,109,8,10.314665456034305,15
572,60,24,112,8,10.282975838759189,16
573,47,16,3,5,10.263621577333433,11
574,67,16,106,6,10.252161434234207,10
575,12,18,106,5,10.245560433617426,13
576,75,16,57,5,10.238315344226487,11
577,75,12,79,4,10.235318929578343,8
578,16,49,96,14,10.230768867165024,35
579,64,49,60,15,10.225579774670619,34
580,97,10,48,4,10.2212335454347,6
581,30,17,31,7,10.214096274935345,10
582,90,19,104,7,10.205908373136616,12
583,97,42,37,14,10.199316810918761,28
584,98,15,2,6,10.198603389321663,9
585,71,13,33,4,10.195530501937558,9
586,90,14,48,5,10.193948361787585,9
587,6,12,9,5,10.175309866966638,7
588,12,44,107,13,10.16896739229528,31
589,78,30,34,11,10.167946698328937,19
590,92,16,68,5,10.147306838487294,11
591,96,11,23,4,10.143008283174428,7
592,53,37,31,14,10.136338371296794,23
593,78,12,114,5,10.123963867745244,7
594,53,36,36,11,10.114732824687982,25
595,71,21,54,8,10.113144202991709,13
596,40,16,49,6,10.077718304922936,10
597,64,16,76,6,10.071620985041546,10
598,73,18,40,6,10.060776256522114,12
599,107,16,10,6,10.056408787562026,10
600,94,12,38,4,10.050498907320621,8
601,44,10,38,3,10.048373138060263,7
602,30,16,61,5,10.045667078233517,11
603,65,50,93,19,10.04207995603563,31
604,80,11,43,4,10.040501076551807,7
605,70,10,3,3,10.036631807498475,7
606,110,13,107,4,10.034721322746927,9
607,28,21,72,7,10.026127135244147,14
608,30,27,84,8,10.023299208241372,19
609,28,39,75,13,10.021801272184058,26
610,111,19,63,7,10.01291034850113,12
611,104,23,71,9,10.004145398382484,14
612,58,11,61,4,9.991140661268366,7
613,95,25,65,9,9.98743882075493,16
614,114,16,12,7,9.985343546707197,9
615,16,67,106,22,9.984638821275349,45
616,99,10,19,3,9.983244859068366,7
617,6,15,61,5,9.976861344972216,10
618,43,26,77,9,9.972633937246163,17
619,76,25,78,7,9.960883913629875,18
620,46,14,90,5,9.960134782518509,9
621,39,44,20,17,9.93573323054779,27
622,29,31,86,10,9.927999065138597,21
623,104,13,66,3,9.923020394172244,10
624,95,10,2,3,9.920312629990494,7
625,74,42,46,14,9.91934754308771,28
626,1,11,57,4,9.916035104284747,7
627,30,18,70,7,9.91397370546994,11
628,15,10,33,3,9.911800000475987,7
629,85,12,64,4,9.89511233166771,8
630,110,20,16,7,9.893450419413218,13
631,30,10,97,3,9.882522031725548,7
632,17,15,71,6,9.87407872077162,9
633,87,34,91,11,9.869349002662766,23
634,9,32,31,11,9.853659783790295,21
635,53,10,98,4,9.839111782848335,6
636,91,26,39,9,9.838657536338626,17
637,89,20,103,8,9.835639049912595,12
638,9,17,47,6,9.833363334347133,11
639,7,26,96,8,9.825450759982106,18
640,54,13,57,3,9.824315369895022,10
641,81,12,109,4,9.819741316945185,8
642,44,23,13,8,9.816634162051665,15
643,40,24,17,8,9.815776001763272,16
644,80,12,3,5,9.815065017111898,7
645,104,18,79,7,9.811537818194267,11
646,106,24,18,8,9.811498602513073,16
647,100,33,29,12,9.808300329770068,21
648,111,10,70,4,9.807746966138032,6
649,114,16,62,6,9.799890996069497,10
650,94,20,109,8,9.794162630052172,12
651,20,10,103,3,9.787162681907015,7
652,37,24,83,9,9.783726366978422,15
653,108,37,13,13,9.76086171077813,24
654,34,14,70,5,9.755416516876581,9
655,63,52,84,20,9.74716223383734,32
656,102,38,86,13,9.743964141517802,25
657,19,16,89,5,9.736687292718283,11
658,35,14,15,6,9.721615421027133,8
659,43,19,31,10,9.72085277355369,9
660,52,15,8,5,9.715026692600484,10
661,28,18,111,6,9.712251206209237,12
662,100,16,48,6,9.709186246796259,10
663,54,36,60,12,9.70707038462816,24
664,8,34,114,11,9.699231858321156,23
665,88,22,112,8,9.681832903230312,14
666,54,58,109,19,9.67695339511369,39
667,79,18,65,7,9.67569283729834,11
668,100,12,71,4,9.660687520316314,8
669,21,11,88,4,9.657212734415223,7
670,22,10,114,5,9.649313306364824,5
671,26,25,13,8,9.644667177898787,17
672,75,40,8,13,9.637059553855455,27
673,76,30,35,11,9.635961863757105,19
674,41,23,53,8,9.631953807885305,15
675,70,17,109,6,9.623350653501722,11
676,80,17,30,6,9.61803117509945,11
677,99,14,8,6,9.611065592860317,8
678,83,18,84,7,9.609473734372155,11
679,16,15,10,5,9.607669865815327,10
680,34,28,51,10,9.607216043613958,18
681,8,13,53,4,9.596286006275319,9
682,76,28,9,9,9.591794162872961,19
683,39,32,78,11,9.58980155760674,21
684,102,16,34,5,9.587766586983141,11
685,92,10,31,4,9.586105290347549,6
686,73,20,7,8,9.582485903794176,12
687,27,28,31,12,9.569633624787398,16
688,17,17,3,7,9.550337372259282,10
689,39,26,106,10,9.547502317564264,16
690,42,10,51,3,9.543588102916445,7
691,63,40,76,13,9.537527582020362,27
692,9,14,94,6,9.535806051453793,8
693,20,11,75,4,9.527707505687728,7
694,92,11,97,5,9.525917165548373,6
695,27,51,60,16,9.525839594949362,35
696,1,22,31,9,9.525804060927042,13
697,20,32,25,11,9.520523686179047,21
698,8,17,36,6,9.512360266950532,11
699,33,13,69,5,9.51115802646404,8
700,114,13,2,5,9.509158562417845,8
701,72,14,34,5,9.507609773643788,9
702,16,84,27,30,9.503735028845306,54
703,37,22,99,7,9.502759058160704,15
704,75,29,5,12,9.487135559909316,17
705,23,16,57,6,9.474501256774843,10
706,11,22,89,7,9.460158725873095,15
707,23,35,76,13,9.453849648482663,22
708,89,12,114,5,9.444885030105086,7
709,58,12,103,4,9.444823982816656,8
710,32,11,63,4,9.44232166344675,7
711,23,16,47,5,9.428933500778964,11
712,13,15,2,6,9.422510080465475,9
713,16,13,56,4,9.403965360554954,9
714,109,11,36,3,9.390936468630548,8
715,73,14,54,5,9.38293263538315,9
716,29,13,95,5,9.382021477576467,8
717,30,28,38,8,9.381391210893536,20
718,54,13,77,3,9.380901529721797,10
719,103,12,38,3,9.379557577066372,9
720,27,16,4,6,9.378715415982096,10
721,41,22,89,7,9.373462137125664,15
722,23,10,89,3,9.369382103123732,7
723,28,19,12,6,9.364727152511893,13
724,26,12,28,4,9.352858082446945,8
725,1,20,87,8,9.344990956449255,12
726,54,13,81,5,9.33569894630605,8
727,77,10,84,3,9.326879307665175,7
728,18,30,9,10,9.325317307118523,20
729,77,19,81,7,9.279503184611324,12
730,62,24,40,11,9.275726600058688,13
731,104,23,84,9,9.26674641219393,14
732,87,27,93,10,9.26552442404966,17
733,55,12,72,4,9.264849417303106,8
734,20,16,90,6,9.256704804618028,10
735,29,20,69,8,9.248313015601626,12
736,30,34,88,14,9.246002926232096,20
737,74,26,39,10,9.238307519906488,16
738,18,12,62,4,9.234800982158571,8
739,91,23,20,9,9.233435902067155,14
740,70,16,69,5,9.227346228401577,11
741,49,40,69,17,9.212563576492524,23
742,30,35,109,11,9.211024491397644,24
743,94,33,12,13,9.210243262558294,20
744,18,27,65,10,9.209776363333429,17
745,79,10,41,4,9.204704069079494,6
746,40,28,3,9,9.202268323423784,19
747,95,21,114,8,9.195016624238175,13
748,81,16,63,6,9.193429569946275,10
749,68,31,18,11,9.190826393650621,20
750,100,37,60,13,9.187580857300915,24
751,62,12,93,5,9.184190352261583,7
752,54,19,58,8,9.183988111852093,11
753,112,22,29,8,9.174610307731976,14
754,34,15,37,5,9.170559355322496,10
755,75,12,61,5,9.169495709034498,7
756,18,48,39,17,9.168202364529897,31
757,62,21,63,8,9.161474645821357,13
758,76,14,10,5,9.157178184443993,9
759,50,43,5,17,9.15604936984071,26
760,1,11,5,4,9.143641454097294,7
761,58,10,8,4,9.142222913085968,6
762,28,23,112,8,9.12022356401639,15
763,57,13,2,5,9.119959996501729,8
764,92,11,17,4,9.114563540800479,7
765,109,15,31,5,9.11388757240418,10
766,58,11,45,4,9.091525705777382,7
767,60,37,12,16,9.083987552436797,21
768,94,12,75,4,9.080901166069646,8
769,57,54,107,21,9.078700261285773,33
770,53,21,3,7,9.076818822513886,14
771,57,16,40,6,9.075047590769481,10
772,80,39,107,13,9.074881524481428,26
773,95,31,51,10,9.060456234548898,21
774,16,10,42,4,9.042303853739883,6
775,7,55,87,19,9.031940434035894,36
776,72,13,104,5,9.028766073834529,8
777,13,24,83,9,9.019898615590662,15
778,100,46,12,17,9.018777204816933,29
779,5,15,36,6,9.008614310253613,9
780,85,19,50,7,9.007921978503543,12
781,8,64,5,24,9.002251377410767,40
782,1,25,65,10,9.00217902882169,15
783,92,19,86,8,8.99999904756414,11
784,76,23,72,7,8.997779491450276,16
785,30,14,93,5,8.997367289185707,9
786,78,15,80,5,8.990142670025016,10
787,111,26,107,11,8.980921347663001,15
788,63,16,89,5,8.974860507493934,11
789,97,18,36,7,8.970668153566256,11
790,47,20,114,8,8.969382880850313,12
791,11,34,41,11,8.953991407123153,23
792,73,11,70,5,8.94135129372028,6
793,51,26,74,8,8.938947542412071,18
794,73,12,31,4,8.93891957013575,8
795,49,22,29,8,8.92665983569728,14
796,3,15,98,7,8.926309600802396,8
797,84,29,29,11,8.921575167609982,18
798,26,10,88,4,8.919527282390272,6
799,110,19,25,6,8.91770167255822,13
800,12,24,15,9,8.901081094280315,15
801,27,30,53,10,8.892087302529344,20
802,69,12,97,4,8.888377862411463,8
803,100,43,11,15,8.886934672274428,28
804,90,23,13,8,8.883764352926049,15
805,45,24,107,9,8.882581208643296,15
806,112,12,98,4,8.873991556640124,8
807,6,15,12,7,8.87368712650089,8
808,47,28,60,10,8.854852442447159,18
809,34,21,68,8,8.850128344712713,13
810,20,20,3,7,8.846112059849583,13
811,37,15,1,6,8.845768047127498,9
812,32,15,87,5,8.844155029434871,10
813,51,28,33,8,8.842467587731502,20
814,47,18,18,6,8.827723884174087,12
815,63,19,36,7,8.822881427312195,12
816,63,22,77,7,8.819997532642512,15
817,84,19,19,7,8.813396640852732,12
818,36,18,47,6,8.810892372607718,12
819,19,24,108,9,8.805451324275152,15
820,106,10,42,3,8.802546839644403,7
821,102,28,87,10,8.797023575349614,18
822,63,18,19,6,8.792724982250471,12
823,6,12,46,5,8.791371018033741,7
824,94,28,51,10,8.786368581861039,18
825,77,14,99,4,8.784719144285264,10
826,16,51,76,21,8.777975484377132,30
827,18,17,19,6,8.772934483482583,11
828,100,35,41,13,8.770507885142628,22
829,74,37,84,16,8.764103490564013,21
830,8,34,84,12,8.76285424467774,22
831,28,16,52,6,8.75730555636181,10
832,41,12,85,5,8.754152386383817,7
833,15,28,76,11,8.747693902892903,17
834,38,14,106,7,8.745019433529976,7
835,17,20,19,7,8.741288192134283,13
836,65,11,32,4,8.739314169667136,7
837,57,26,46,10,8.738900979302741,16
838,4,22,17,7,8.727735068009611,15
839,39,29,94,11,8.726167559311293,18
840,7,14,66,6,8.72512173427205,8
841,28,23,62,9,8.703867920620008,14
842,49,13,53,5,8.697012890359371,8
843,27,30,112,11,8.685425209929864,19
844,54,12,47,5,8.685088894357262,7
845,19,12,31,4,8.67684008479621,8
846,53,11,54,4,8.67028832638361,7
847,54,23,43,9,8.666061398643544,14
848,70,12,58,4,8.66252309250944,8
849,73,28,8,11,8.656865963639591,17
850,57,18,72,5,8.656042983673217,13
851,13,52,18,19,8.653636499693642,33
852,60,33,69,14,8.651136747788067,19
853,85,16,65,6,8.614950001639382,10
854,13,22,6,8,8.600067561462977,14
855,2,34,107,12,8.596357154255273,22
856,63,41,48,15,8.591649372014341,26
857,4,22,87,7,8.590843038311563,15
858,95,23,55,8,8.57500650986488,15
859,9,22,104,8,8.574493523715214,14
860,49,10,93,4,8.57216379677568,6
861,91,13,71,5,8.567246551132914,8
862,26,14,16,6,8.561151203860886,8
863,103,23,68,9,8.554646323444773,14
864,78,11,36,4,8.552435160203324,7
865,94,11,2,4,8.550586885180525,7
866,16,15,67,5,8.550473387804702,10
867,33,26,107,11,8.550231212849107,15
868,94,12,35,5,8.545638882275084,7
869,68,34,8,13,8.545370564412986,21
870,91,13,65,5,8.541931736396267,8
871,110,11,63,4,8.534985747455591,7
872,53,20,61,6,8.524850655507475,14
873,13,62,3,22,8.519160791346222,40
874,81,22,69,9,8.517997866855394,13
875,20,22,9,8,8.515923532058864,14
876,80,11,77,4,8.51548819382583,7
877,95,35,8,14,8.511725721270738,21
878,30,54,13,20,8.508972323826542,34
879,33,10,109,4,8.506616474826911,6
880,91,10,45,4,8.504304930616431,6
881,16,77,55,27,8.500132580900571,50
882,100,34,77,12,8.497514956083517,22
883,64,28,40,10,8.496071624321134,18
884,29,15,37,6,8.491699980771868,9
885,17,18,77,7,8.466623444733871,11
886,50,20,48,7,8.466418162124782,13
887,39,26,112,10,8.464674026518864,16
888,63,37,20,15,8.464473402081477,22
889,53,23,12,9,8.46079762480418,14
890,103,34,19,13,8.451907756621258,21
891,95,14,96,5,8.450373982592184,9
892,17,16,27,7,8.447083930107876,9
893,8,24,41,8,8.446748885751393,16
894,96,24,70,11,8.437417991026258,13
895,55,20,114,7,8.432483182241096,13
896,49,23,103,9,8.430062008794607,14
897,73,19,90,7,8.424101991862461,12
898,109,14,67,7,8.410228891959635,7
899,72,25,68,9,8.400269184621727,16
900,69,12,61,3,8.397253145469621,9
901,109,19,103,8,8.384087294813353,11
902,7,45,25,16,8.3728066183483,29
903,7,22,5,8,8.357081514884822,14
904,41,33,31,12,8.353957395244583,21
905,48,25,96,9,8.343995751105185,16
906,44,30,86,11,8.339333779949047,19
907,25,15,9,5,8.323455878342038,10
908,79,20,51,9,8.309517555811908,11
909,37,43,46,14,8.306667442353499,29
910,49,37,3,15,8.305049665091294,22
911,91,13,109,5,8.302894097359495,8
912,98,25,29,9,8.302046476403795,16
913,92,13,63,6,8.301235837359338,7
914,86,17,56,6,8.300855291965847,11
915,48,17,15,7,8.294674307198186,10
916,109,10,58,4,8.291034573977958,6
917,90,31,106,10,8.283845461248369,21
918,15,14,79,6,8.279617988476957,8
919,41,18,91,6,8.2766719527744,12
920,60,20,45,8,8.270932074255704,12
921,37,12,14,5,8.26646783507543,7
922,93,10,76,4,8.25053412937542,6
923,75,18,1,6,8.241769187322511,12
924,11,15,83,5,8.230715708736339,10
925,69,21,106,8,8.230262561693127,13
926,37,31,7,12,8.226042864777218,19
927,64,12,102,4,8.225103381123269,8
928,99,10,71,4,8.224966300288866,6
929,12,29,77,11,8.223519625266649,18
930,112,14,40,6,8.221202026655064,8
931,80,11,81,5,8.214427134711954,6
932,15,44,88,14,8.213143448624798,30
933,87,38,70,16,8.203286020187758,22
934,43,10,61,4,8.197501979978238,6
935,54,33,27,13,8.18041909853592,20
936,38,16,57,7,8.179065570967875,9
937,51,18,92,7,8.176167071622316,11
938,49,27,104,10,8.170229238591212,17
939,70,19,64,6,8.153009023968611,13
940,4,10,112,4,8.145974306589784,6
941,56,14,107,6,8.142413744294041,8
942,107,17,61,7,8.134950583984788,10
943,50,36,55,15,8.131693382626922,21
944,20,11,110,4,8.125291114928707,7
945,9,12,98,5,8.123745049728663,7
946,81,11,111,3,8.120062859865856,8
947,73,14,51,5,8.09774388932274,9
948,107,48,43,18,8.089714461787903,30
949,3,31,57,12,8.088823479437657,19
950,43,17,4,7,8.083539648296874,10
951,8,17,32,7,8.079749532998788,10
952,110,16,97,6,8.077466293642962,10
953,50,18,70,8,8.072010588554928,10
954,110,19,39,6,8.071999499945951,13
955,98,44,86,17,8.071238892551682,27
956,27,23,55,7,8.063317604605784,16
957,97,29,68,11,8.062315589675796,18
958,19,15,46,6,8.056646218005667,9
959,20,36,84,11,8.048616703285955,25
960,89,19,37,9,8.048334757683454,10
961,98,15,48,5,8.040930745507078,10
962,63,27,38,8,8.035551882917902,19
963,63,12,52,5,8.01519600341839,7
964,35,11,9,5,8.012816785902414,6
965,65,28,5,11,8.012091300535628,17
966,91,31,98,12,8.010154956050263,19
967,16,47,64,17,7.99934875103666,30
968,102,19,96,7,7.995631160966492,12
969,98,16,40,7,7.993416961646092,9
970,5,28,84,11,7.986435375626316,17
971,89,12,34,5,7.976037737760557,7
972,11,34,103,11,7.97551299405846,23
973,75,44,50,15,7.963443352466475,29
974,114,17,30,7,7.958588719714499,10
975,39,70,68,28,7.951159079684658,42
976,98,10,83,3,7.946776918388257,7
977,98,19,71,7,7.940784287039028,12
978,16,54,18,19,7.937149998649479,35
979,17,23,64,9,7.937110775809494,14
980,102,20,88,6,7.922214123871077,14
981,16,79,63,30,7.921890306239845,49
982,33,13,91,6,7.9196550020319165,7
983,108,20,98,8,7.913100401728397,12
984,88,10,82,4,7.912578083642501,6
985,71,13,38,4,7.906029048659731,9
986,78,11,31,5,7.904414780494012,6
987,53,14,90,5,7.9010322992925905,9
988,17,16,29,7,7.899676305324428,9
989,80,30,87,11,7.899566888780317,19
990,61,11,54,4,7.891370825375349,7
991,86,25,52,9,7.885400447396726,16
992,54,34,40,13,7.877426017050995,21
993,27,35,77,13,7.8745216976485,22
994,114,25,90,10,7.870165683504547,15
995,15,43,51,17,7.8653258099201935,26
996,28,30,2,11,7.862984699152351,19
997,44,12,35,5,7.859665557157527,7
998,23,12,10,5,7.85948423488221,7
999,62,16,38,5,7.859346684430756,11
1000,106,26,91,9,7.859341034872011,17
1001,16,16,92,4,7.858675892555915,12
1002,30,21,58,8,7.852822410978156,13
1003,114,20,1,7,7.837742070296789,13
1004,70,16,93,6,7.834949393241649,10
1005,5,22,17,7,7.829641724195981,15
1006,54,14,108,4,7.821734358546891,10
1007,25,46,46,19,7.820401195025543,27
1008,72,30,51,13,7.818846984447687,17
1009,114,12,110,4,7.800316810979699,8
1010,107,31,31,15,7.788469010128701,16
1011,111,25,13,11,7.788425056310504,14
1012,47,10,111,4,7.786638633209638,6
1013,92,14,114,4,7.774797164908201,10
1014,86,40,17,17,7.765710973648359,23
1015,53,11,73,4,7.756297558195458,7
1016,111,19,51,7,7.750696049131197,12
1017,28,29,68,10,7.748993038967358,19
1018,15,11,46,4,7.742583584977325,7
1019,44,11,84,5,7.741464370739859,6
1020,46,18,29,9,7.738693511487552,9
1021,108,17,57,7,7.738005960337114,10
1022,100,33,54,12,7.734134711661219,21
1023,16,14,101,5,7.729447625525021,9
1024,39,77,49,27,7.729122074399356,50
1025,78,17,104,6,7.72449974280056,11
1026,48,11,46,4,7.721576205361299,7
1027,114,21,96,8,7.708209589747937,13
1028,8,12,103,4,7.7073602754994885,8
1029,44,24,6,8,7.699216026117287,16
1030,75,61,68,22,7.69823200491078,39
1031,86,28,1,11,7.696680317913666,17
1032,62,11,96,3,7.693312023908734,8
1033,27,44,15,18,7.692021284563541,26
1034,111,25,7,10,7.690323425771979,15
1035,5,32,11,12,7.687442157533873,20
1036,90,22,63,9,7.68656156905561,13
1037,30,59,39,25,7.678784065910643,34
1038,8,38,9,17,7.672754136226992,21
1039,37,24,96,10,7.665844925696507,14
1040,33,13,31,6,7.647223417443057,7
1041,70,11,60,4,7.646435749026204,7
1042,15,13,96,5,7.641753691009957,8
1043,97,29,5,10,7.639418302115126,19
1044,28,28,3,11,7.638630473496032,17
1045,34,20,103,7,7.636780965322979,13
1046,51,30,89,11,7.628910157758351,19
1047,71,14,27,5,7.6209744722933594,9
1048,107,52,49,19,7.618746632426498,33
1049,18,45,87,18,7.611607014750331,27
1050,72,18,69,7,7.600823321303466,11
1051,51,20,91,7,7.599736540322733,13
1052,104,28,3,10,7.5966632679833825,18
1053,18,20,36,8,7.594902878501233,12
1054,103,18,84,8,7.589982363677433,10
1055,39,39,29,17,7.589721952675931,22
1056,72,10,36,4,7.585561627806544,6
1057,28,31,114,13,7.584853881328921,18
1058,47,14,43,5,7.584709684437342,9
1059,3,12,85,6,7.584252500547151,6
1060,58,17,112,7,7.574468513714297,10
1061,53,31,112,14,7.574348903828081,17
1062,85,10,46,3,7.538229298143683,7
1063,33,16,7,7,7.5321884826380465,9
1064,6,11,55,3,7.526848268362221,8
1065,41,18,17,6,7.526219064648913,12
1066,6,11,31,5,7.520489323813347,6
1067,65,17,66,6,7.515278237298981,11
1068,85,11,47,3,7.51471835956732,8
1069,64,10,93,5,7.507177747442428,5
1070,16,50,46,18,7.494318856216717,32
1071,7,21,109,8,7.493740572538848,13
1072,16,28,1,9,7.488361785520795,19
1073,71,15,76,7,7.4875920550169335,8
1074,100,42,43,17,7.486447542172748,25
1075,20,23,68,10,7.482872234261611,13
1076,70,14,36,6,7.476080415111225,8
1077,45,12,53,5,7.463487107897499,7
1078,27,11,80,4,7.4617467678086795,7
1079,47,18,69,7,7.454070061027652,11
1080,74,16,77,6,7.445248923450912,10
1081,11,12,71,5,7.444969376445687,7
1082,13,66,43,28,7.440342784840276,38
1083,6,24,16,11,7.439865172191104,13
1084,73,18,5,7,7.416873021801379,11
1085,36,34,41,16,7.412500474371831,18
1086,68,25,109,9,7.412111880903939,16
1087,70,30,20,11,7.408681007686706,19
1088,77,10,91,4,7.405339289847274,6
1089,20,11,94,4,7.40491165274963,7
1090,75,14,76,6,7.401272000460674,8
1091,10,15,28,5,7.394064388880875,10
1092,7,22,56,9,7.387479337914444,13
1093,71,19,81,7,7.374213709282574,12
1094,73,10,71,4,7.373234065194549,6
1095,56,12,88,5,7.371104573008601,7
1096,31,14,80,4,7.367135464628979,10
1097,106,10,61,3,7.3668858265854,7
1098,25,16,33,5,7.365926272964513,11
1099,41,11,61,4,7.351525315520968,7
1100,23,18,114,6,7.3449426375970175,12
1101,40,41,104,15,7.3422918945341555,26
1102,108,17,15,6,7.342094547015131,11
1103,75,19,11,8,7.336654356306241,11
1104,75,16,2,7,7.332326563651876,9
1105,62,30,88,12,7.323841783087015,18
1106,70,42,5,17,7.323141246130925,25
1107,13,65,106,25,7.3036939245307035,40
1108,60,34,50,15,7.30326988607439,19
1109,15,15,53,6,7.3015008185892984,9
1110,5,27,98,11,7.298838761636912,16
1111,11,23,9,9,7.298808121542034,14
1112,49,21,37,9,7.297110710558478,12
1113,23,32,68,14,7.289923232946887,18
1114,43,31,40,13,7.287691070183644,18
1115,2,18,54,6,7.287492324178089,12
1116,78,33,12,11,7.286703069476236,22
1117,95,14,49,5,7.284298716033514,9
1118,94,15,34,6,7.27613843510101,9
1119,55,20,68,7,7.273979151335484,13
1120,86,84,96,32,7.269360183001262,52
1121,110,16,70,6,7.267896542251018,10
1122,78,48,87,19,7.259648717645881,29
1123,75,19,81,7,7.259552889264536,12
1124,61,10,18,4,7.259552128825379,6
1125,69,12,96,4,7.2527556906488675,8
1126,13,42,8,16,7.249552270590032,26
1127,31,14,5,5,7.246607645789558,9
1128,114,27,40,9,7.240772461331045,18
1129,76,24,94,8,7.236263005031582,16
1130,58,12,57,5,7.2358962284082144,7
1131,13,25,98,9,7.235257648894784,16
1132,3,12,90,5,7.229183550562688,7
1133,41,15,90,6,7.225732946536368,9
1134,72,12,108,4,7.213712770239643,8
1135,98,14,93,6,7.212314028509714,8
1136,14,14,95,5,7.1971223272437035,9
1137,112,15,43,6,7.1893251112725824,9
1138,90,18,39,8,7.18884605844648,10
1139,49,11,45,4,7.1803155778985435,7
1140,36,16,112,6,7.175574629533444,10
1141,60,37,15,15,7.16452361135591,22
1142,41,30,77,10,7.15760476287467,20
1143,97,26,51,9,7.145200913148905,17
1144,111,12,69,5,7.144443379259749,7
1145,65,39,102,14,7.142598851395079,25
1146,13,12,93,5,7.127658172301537,7
1147,7,100,51,37,7.124169403819477,63
1148,67,12,107,4,7.124134838046416,8
1149,86,30,83,10,7.114862976089353,20
1150,45,33,7,13,7.114147641228474,20
1151,86,71,76,29,7.112661090699387,42
1152,88,18,103,8,7.110825447996327,10
1153,40,51,55,19,7.109300201154281,32
1154,1,10,45,4,7.100044646871245,6
1155,100,29,102,10,7.094058761081434,19
1156,48,17,89,5,7.093940889199019,12
1157,69,19,94,7,7.087672737054438,12
1158,16,137,88,52,7.08443502387227,85
1159,85,10,53,3,7.078145746437185,7
1160,11,23,38,9,7.075339060309606,14
1161,98,30,63,12,7.074142027349341,18
1162,37,50,25,21,7.070541112352608,29
1163,99,18,36,6,7.061516094995866,12
1164,63,25,18,9,7.057051865944985,16
1165,104,20,69,7,7.050658503403548,13
1166,41,10,33,3,7.049463752515185,7
1167,35,17,51,7,7.047942210096517,10
1168,75,25,49,10,7.046279748381454,15
1169,86,40,103,15,7.039039749484997,25
1170,94,18,60,7,7.0351599724686675,11
1171,95,15,40,6,7.026458120737086,9
1172,80,16,68,6,7.020946425736165,10
1173,48,24,108,9,7.014059937549278,15
1174,40,13,69,4,7.006717860168273,9
1175,74,12,29,5,6.99788298965225,7
1176,62,15,5,6,6.992708759597396,9
1177,72,31,3,13,6.988646739088715,18
1178,17,20,55,9,6.987444025974706,11
1179,53,30,30,12,6.984989750265449,18
1180,15,12,6,4,6.9844847610743175,8
1181,104,40,60,13,6.974608867474659,27
1182,18,23,97,9,6.9651635757198616,14
1183,16,34,36,13,6.962309553248682,21
1184,111,15,39,6,6.960860011711803,9
1185,32,18,104,6,6.9592250863895515,12
1186,91,19,50,7,6.959059467736711,12
1187,4,25,51,9,6.952578906103851,16
1188,16,53,9,18,6.946689005583055,35
1189,99,12,88,5,6.93913123202866,7
1190,54,10,92,3,6.935475063385283,7
1191,47,44,13,17,6.918967707744426,27
1192,87,39,40,17,6.915208460636839,22
1193,98,31,76,12,6.9145039131956345,19
1194,58,21,68,8,6.904652684866492,13
1195,41,31,3,10,6.894617259118267,21
1196,39,16,14,7,6.8922808961517115,9
1197,95,28,50,11,6.891870477756295,17
1198,88,13,67,4,6.891493842154361,9
1199,27,19,35,7,6.889601577867774,12
1200,18,17,112,6,6.887267609994756,11
1201,106,15,99,5,6.882359612487443,10
1202,78,13,37,5,6.870587526937588,8
1203,60,43,4,19,6.864343045215706,24
1204,16,60,109,23,6.839893936386638,37
1205,75,28,47,9,6.839491111976113,19
1206,85,28,72,10,6.836972195015779,18
1207,20,15,29,6,6.832826874702712,9
1208,34,39,87,15,6.832201504143449,24
1209,76,18,114,6,6.831521332050889,12
1210,95,25,106,9,6.830338155584791,16
1211,68,69,31,28,6.821634358561019,41
1212,108,25,39,11,6.818183477112846,14
1213,56,13,4,6,6.816273515879686,7
1214,50,22,102,10,6.809919414830619,12
1215,14,21,28,7,6.807027415542909,14
1216,28,14,108,6,6.806119384401875,8
1217,28,16,49,7,6.801284823553006,9
1218,100,32,76,13,6.799440423110685,19
1219,79,15,108,5,6.783855393965387,10
1220,97,20,57,8,6.78123727728494,12
1221,8,10,42,5,6.780541784776636,5
1222,18,32,8,11,6.779265570519181,21
1223,58,16,15,6,6.775829019835792,10
1224,27,78,87,30,6.76879445534877,48
1225,64,47,51,19,6.760702024897007,28
1226,39,43,88,17,6.751316626963761,26
1227,33,17,50,7,6.750798742645289,10
1228,63,27,109,12,6.749986635160673,15
1229,94,10,71,4,6.748460655059323,6
1230,41,13,80,5,6.741244434437033,8
1231,54,63,70,25,6.740490617059239,38
1232,74,38,96,14,6.7318287322523656,24
1233,43,11,20,5,6.726970372628883,6
1234,13,49,23,22,6.72653700751392,27
1235,30,32,55,12,6.725062001131899,20
1236,54,18,103,6,6.724707925139226,12
1237,28,35,97,13,6.716635909782017,22
1238,83,15,74,7,6.703298030488861,8
1239,34,24,55,10,6.693127800237834,14
1240,38,16,41,7,6.690435013594022,9
1241,99,11,54,4,6.681725927932732,7
1242,64,38,31,15,6.680717740842574,23
1243,65,46,29,18,6.670792875820868,28
1244,78,31,3,14,6.6701497666049185,17
1245,14,15,88,6,6.669368246830069,9
1246,85,20,54,7,6.664179187550934,13
1247,83,11,71,5,6.6562053803338666,6
1248,109,50,8,21,6.654691319398614,29
1249,71,19,37,8,6.653996053488666,11
1250,32,26,5,10,6.647447060451906,16
1251,16,31,58,13,6.6443499162942254,18
1252,74,16,71,7,6.635644376222863,9
1253,4,30,65,12,6.635600395573753,18
1254,62,26,68,11,6.63500576126116,15
1255,107,25,102,11,6.634183780588418,14
1256,39,22,37,9,6.6321566948630455,13
1257,25,48,5,19,6.626414170343125,29
1258,102,12,77,5,6.618078815941925,7
1259,51,67,63,29,6.61370980660726,38
1260,71,52,13,22,6.6022668326221785,30
1261,73,16,13,6,6.598047492921335,10
1262,50,23,109,9,6.597376468902569,14
1263,74,14,30,6,6.593804524411076,8
1264,86,29,73,13,6.584732384148775,16
1265,27,11,101,4,6.582303845846215,7
1266,84,28,57,13,6.577348977317855,15
1267,34,38,8,15,6.573808773415803,23
1268,13,95,87,36,6.5723701817494025,59
1269,53,26,114,11,6.571088082289225,15
1270,75,31,63,13,6.570041946714362,18
1271,112,15,30,5,6.562692428407154,10
1272,55,26,97,10,6.55988722490137,16
1273,100,33,7,13,6.554112823226252,20
1274,30,15,66,5,6.55196161559157,10
1275,23,28,41,11,6.550829980754917,17
1276,106,32,23,15,6.549055396089183,17
1277,26,12,107,5,6.545382512387971,7
1278,72,29,65,12,6.536977853075842,17
1279,91,13,80,5,6.531108694088667,8
1280,17,20,30,9,6.529732326409052,11
1281,102,12,38,3,6.529266346603467,9
1282,104,18,19,7,6.528809563809231,11
1283,44,16,64,6,6.52641817446092,10
1284,37,30,38,12,6.5188975255259205,18
1285,60,20,66,7,6.5151715619171755,13
1286,30,28,37,10,6.51369083060785,18
1287,55,66,65,27,6.5120252706716855,39
1288,39,14,97,5,6.507571487367287,9
1289,74,29,55,12,6.5036195464677915,17
1290,20,13,100,5,6.503255223034949,8
1291,90,11,102,6,6.502237322589013,5
1292,86,56,97,23,6.486588721597318,33
1293,41,17,45,6,6.481894211723943,11
1294,98,11,68,4,6.469927695975062,7
1295,11,15,10,6,6.454288934219358,9
1296,8,20,91,8,6.453847873736635,12
1297,93,28,54,10,6.453790444084362,18
1298,39,12,79,4,6.437313974618905,8
1299,17,17,43,7,6.427509500961607,10
1300,75,21,100,10,6.42687784088126,11
1301,69,30,57,11,6.426659822386942,19
1302,96,23,80,9,6.423400971659434,14
1303,84,28,48,11,6.421668889523295,17
1304,61,10,23,4,6.419517618014351,6
1305,64,33,63,14,6.4168724867260085,19
1306,7,20,62,8,6.416308867276496,12
1307,64,38,65,16,6.415105269042925,22
1308,6,11,72,5,6.413604067518454,6
1309,48,21,55,8,6.406579400537662,13
1310,50,19,72,7,6.405929426990031,12
1311,80,20,37,8,6.401050818487377,12
1312,53,18,62,7,6.398470883121979,11
1313,43,19,103,7,6.396904626354191,12
1314,79,12,49,4,6.395374558799645,8
1315,33,13,96,7,6.392035038140804,6
1316,28,16,27,5,6.382931621067466,11
1317,103,20,17,7,6.3778142305537076,13
1318,33,15,102,6,6.371524301983967,9
1319,56,10,37,4,6.3674406628794715,6
1320,7,24,46,8,6.3620461131037525,16
1321,34,23,48,10,6.349216967670749,13
1322,46,14,77,6,6.346489877085669,8
1323,85,17,96,5,6.345069391274805,12
1324,27,12,46,4,6.342403139124134,8
1325,28,43,9,19,6.342362216975373,24
1326,39,38,77,16,6.341834209693218,22
1327,15,16,91,8,6.341064031534598,8
1328,28,34,7,13,6.33926057444583,21
1329,34,26,49,11,6.339239747452096,15
1330,54,37,95,16,6.3333929852257755,21
1331,107,29,103,12,6.313293915688408,17
1332,63,51,88,19,6.3108086639374505,32
1333,78,32,8,13,6.307058841419962,19
1334,19,37,3,16,6.306652908739436,21
1335,87,70,19,27,6.304870856372159,43
1336,28,36,102,15,6.294379170221607,21
1337,43,35,109,13,6.2941373625237755,22
1338,100,18,84,6,6.292769168431847,12
1339,92,17,40,7,6.2908337110868535,10
1340,40,68,68,26,6.288399173895761,42
1341,12,15,4,5,6.2855790295334035,10
1342,3,25,18,9,6.280006323256653,16
1343,86,21,4,8,6.279484499549702,13
1344,55,24,70,10,6.272647161931926,14
1345,20,45,5,17,6.2703736334427855,28
1346,89,15,53,7,6.26765697101517,8
1347,15,12,95,5,6.265255655621168,7
1348,107,65,55,27,6.2629651896189,38
1349,13,31,76,12,6.256958483118664,19
1350,39,24,81,9,6.2522820107309345,15
1351,39,18,83,7,6.251089662915293,11
1352,37,49,63,19,6.239339617220506,30
1353,114,48,5,20,6.2376335334787205,28
1354,58,26,39,11,6.234529419751969,15
1355,100,25,109,9,6.230124080637671,16
1356,95,10,94,5,6.229015093991729,5
1357,53,15,100,6,6.219411389232119,9
1358,55,14,58,6,6.218287556947672,8
1359,28,37,70,15,6.2149266559981875,22
1360,114,24,70,9,6.214622620602992,15
1361,3,19,94,8,6.212642422976981,11
1362,68,70,87,28,6.212080199922705,42
1363,35,15,84,6,6.209299301194259,9
1364,108,26,88,10,6.206778138596414,16
1365,74,19,12,7,6.205068941759818,12
1366,50,30,71,13,6.204695227712774,17
1367,74,28,70,13,6.203999405338759,15
1368,63,28,2,12,6.2000184918514885,16
1369,11,38,68,16,6.199112684088247,22
1370,47,27,86,10,6.1934800041874265,17
1371,87,46,9,19,6.192350375466498,27
1372,13,73,40,31,6.184837754544506,42
1373,47,17,28,7,6.182374184386464,10
1374,72,15,114,7,6.177191459236313,8
1375,80,10,93,5,6.175234905241023,5
1376,29,35,30,13,6.169155809943201,22
1377,13,47,36,18,6.167141158071527,29
1378,104,58,28,24,6.161167829833448,34
1379,23,26,100,11,6.160200190912252,15
1380,114,48,68,20,6.151577271829131,28
1381,73,24,74,9,6.15033234594065,15
1382,86,41,48,16,6.149343718525509,25
1383,23,15,43,6,6.148918923918834,9
1384,37,10,12,5,6.14536499227858,5
1385,29,17,48,7,6.127198243730573,10
1386,107,50,53,20,6.123597161626504,30
1387,81,13,31,4,6.1171597913254,9
1388,107,24,66,10,6.115910396231512,14
1389,45,17,87,7,6.113368156873436,10
1390,10,13,48,5,6.110914502877383,8
1391,90,12,7,5,6.108519045195328,7
1392,84,12,15,5,6.098921486728436,7
1393,62,16,69,7,6.098141811871047,9
1394,65,79,88,29,6.0963002360375524,50
1395,54,19,3,8,6.093256445559038,11
1396,96,14,108,6,6.092516088942797,8
1397,16,111,39,47,6.091898274261621,64
1398,9,26,84,11,6.089357364465301,15
1399,108,39,87,16,6.0813676087585655,23
1400,23,13,102,6,6.080684731147933,7
1401,27,64,86,25,6.065009426524368,39
1402,98,22,84,8,6.0610062755899206,14
1403,87,60,20,25,6.059834491880847,35
1404,77,15,57,6,6.055395238374115,9
1405,8,82,87,34,6.054782800190983,48
1406,55,50,60,21,6.053838967638276,29
1407,41,22,28,9,6.053005216366935,13
1408,16,24,2,10,6.0520240829511485,14
1409,69,39,86,16,6.048519108301491,23
1410,30,37,77,15,6.047892609170505,22
1411,76,52,87,20,6.0437332942805835,32
1412,58,29,87,12,6.043606512163311,17
1413,8,62,63,27,6.040704829296191,35
1414,104,41,55,17,6.036207114699971,24
1415,103,28,57,11,6.035618973069867,17
1416,7,24,98,9,6.033686003781979,15
1417,26,10,68,4,6.030745942778483,6
1418,27,58,65,23,6.029901089038052,35
1419,12,31,11,13,6.0274316851373975,18
1420,16,139,87,58,6.019772025527701,81
1421,27,38,94,15,6.017224957482415,23
1422,81,50,13,19,6.016435190824958,31
1423,107,69,104,28,6.010771127855349,41
1424,13,53,64,24,6.0081721755801,29
1425,13,39,37,16,6.006726113746227,23
1426,65,51,9,20,6.006217714596818,31
1427,106,47,5,18,6.005839560090041,29
1428,30,45,11,18,6.003507195568124,27
1429,94,21,54,9,6.000772945562414,12
1430,30,30,64,12,5.9999514079123175,18
1431,28,18,29,8,5.991947603875371,10
1432,114,25,31,11,5.991876520395493,14
1433,108,11,18,4,5.985584696812657,7
1434,87,28,97,10,5.983886061129735,18
1435,94,17,37,7,5.9815536162143665,10
1436,71,13,109,5,5.977466642753509,8
1437,53,19,77,8,5.976513729958846,11
1438,64,20,18,8,5.974775055211903,12
1439,114,18,94,8,5.974081788881617,10
1440,27,21,38,7,5.970273477225022,14
1441,47,16,81,6,5.96783503011096,10
1442,97,18,40,7,5.96691841614039,11
1443,97,12,10,6,5.950831581917697,6
1444,114,19,81,9,5.947687005963305,10
1445,28,15,53,6,5.945744364633269,9
1446,66,14,15,6,5.940039403929696,8
1447,12,22,34,9,5.937389779488166,13
1448,53,26,104,11,5.936620222245529,15
1449,8,20,38,8,5.935271782387745,12
1450,12,43,13,14,5.929255274022873,29
1451,73,20,114,8,5.924435121305104,12
1452,78,23,7,11,5.919551023484508,12
1453,54,39,68,15,5.918584354683418,24
1454,87,17,66,7,5.91381874679573,10
1455,37,22,110,10,5.913666685850416,12
1456,27,55,78,20,5.9136640972441805,35
1457,65,51,20,19,5.912207435542769,32
1458,16,45,91,16,5.895263563304297,29
1459,75,45,9,18,5.89399328159944,27
1460,15,12,70,6,5.893160304355026,6
1461,63,22,43,9,5.8928094018567405,13
1462,101,15,68,5,5.891939886749792,10
1463,65,52,40,22,5.89106233992842,30
1464,86,127,51,57,5.890970775237404,70
1465,37,11,3,5,5.8897383384754045,6
1466,10,15,57,5,5.8872808270615,10
1467,75,17,108,7,5.88550634585497,10
1468,46,12,36,5,5.882094180819337,7
1469,8,31,15,14,5.881893034376993,17
1470,16,52,17,19,5.880958962864008,33
1471,41,27,19,10,5.880218602490821,17
1472,43,62,87,25,5.877354769110473,37
1473,28,12,31,5,5.876337878232255,7
1474,55,18,98,7,5.870446924304782,11
1475,11,46,109,18,5.869395565361234,28
1476,68,54,53,22,5.8668125784316985,32
1477,107,28,77,12,5.863901908728825,16
1478,34,17,7,7,5.86350495140184,10
1479,7,21,112,8,5.863389950487476,13
1480,104,52,51,19,5.856995324327739,33
1481,75,16,93,7,5.854064268882733,9
1482,23,50,87,20,5.853226854544743,30
1483,80,12,79,6,5.851472407179259,6
1484,65,17,14,8,5.850273562995321,9
1485,65,39,3,15,5.850081377266891,24
1486,100,28,55,13,5.848018543019883,15
1487,49,11,74,5,5.844136641014432,6
1488,16,23,93,11,5.842811946264205,12
1489,88,13,66,5,5.838752373213262,8
1490,63,40,13,17,5.836981602703613,23
1491,23,48,88,18,5.836406273695647,30
1492,13,49,25,22,5.827601447712149,27
1493,8,37,93,16,5.8241714732303524,21
1494,112,13,45,6,5.8226535127240915,7
1495,86,56,75,25,5.819454003755878,31
1496,79,13,20,5,5.810117746469002,8
1497,73,20,109,8,5.807578339260896,12
1498,8,19,98,7,5.806615359942182,12
1499,10,11,106,3,5.803672894932928,8
1500,91,19,31,7,5.801858258461762,12
1501,100,29,34,13,5.799221544769669,16
1502,69,29,43,12,5.793217873056412,17
1503,39,110,51,46,5.791910239876266,64
1504,50,29,30,12,5.790909551112376,17
1505,76,48,107,17,5.789796382951221,31
1506,17,21,9,9,5.788074839959892,12
1507,104,16,81,8,5.786821230718973,8
1508,29,32,15,14,5.78448158273674,18
1509,64,11,91,4,5.780157364605296,7
1510,11,39,19,15,5.773505801410168,24
1511,62,16,109,8,5.770362238431112,8
1512,51,11,52,5,5.770255561533728,6
1513,51,28,29,12,5.763884020681298,16
1514,76,16,2,6,5.758955323935481,10
1515,58,13,53,7,5.7565593826386765,6
1516,47,12,12,5,5.753232192548286,7
1517,36,12,77,5,5.751140829309577,7
1518,107,64,20,27,5.747310682281416,37
1519,50,25,18,11,5.745370532916838,14
1520,100,25,114,10,5.743860264273013,15
1521,17,24,60,10,5.742654989357159,14
1522,25,42,106,16,5.737688222420903,26
1523,80,10,109,5,5.736195162181013,5
1524,107,31,47,13,5.730039668040248,18
1525,55,40,54,18,5.729162102948165,22
1526,76,54,51,21,5.728636447204298,33
1527,45,14,9,5,5.727853500458992,9
1528,25,26,51,11,5.726135112848954,15
1529,57,16,53,7,5.724480397511021,9
1530,39,10,52,4,5.718885643095018,6
1531,69,16,12,8,5.715951067980107,8
1532,108,31,51,13,5.714339055081447,18
1533,109,31,55,15,5.712408791206378,16
1534,15,13,74,5,5.7106976006271415,8
1535,11,25,47,10,5.710030338860951,15
1536,69,16,48,7,5.704799954018799,9
1537,81,25,3,10,5.703142713570869,15
1538,64,22,43,9,5.70244252837627,13
1539,70,10,32,5,5.692479372096221,5
1540,41,23,37,9,5.690389002068545,14
1541,35,21,40,8,5.68914021357686,13
1542,37,20,27,8,5.683947818628646,12
1543,100,80,51,37,5.672256402276974,43
1544,94,10,25,5,5.671887186214522,5
1545,16,31,99,13,5.665818337043016,18
1546,23,10,38,4,5.6654185371586925,6
1547,54,11,82,4,5.664278302313932,7
1548,16,37,84,15,5.660913981238355,22
1549,25,36,88,13,5.660869431868405,23
1550,16,143,107,55,5.656542238729645,88
1551,64,34,41,13,5.656501014375914,21
1552,30,13,2,6,5.655225265692614,7
1553,46,31,75,13,5.65470539949331,18
1554,4,10,97,4,5.649870700339142,6
1555,62,18,104,6,5.643310295152116,12
1556,109,16,46,7,5.636528034552761,9
1557,11,32,3,13,5.627969794832959,19
1558,83,11,62,4,5.62718588507507,7
1559,88,31,38,11,5.624690085772771,20
1560,13,34,19,13,5.62379896339533,21
1561,19,10,5,4,5.623378775596124,6
1562,68,26,91,12,5.619466372772095,14
1563,102,16,98,7,5.616900846312717,9
1564,86,17,61,7,5.615128594276011,10
1565,76,41,68,14,5.614845988196357,27
1566,43,36,15,15,5.612695510464225,21
1567,66,10,49,4,5.61016441447998,6
1568,55,15,85,6,5.607159089440444,9
1569,15,30,81,13,5.604738646654967,17
1570,72,28,49,11,5.603830837042355,17
1571,49,36,60,15,5.599554299427178,21
1572,80,17,64,8,5.593698551425533,9
1573,20,38,96,15,5.591064360306498,23
1574,58,39,107,15,5.588947967313523,24
1575,20,22,44,9,5.576158683247873,13
1576,7,23,38,10,5.575438881033765,13
1577,16,109,8,44,5.569744608885198,65
1578,72,11,9,5,5.567587328744071,6
1579,37,14,108,6,5.561998311446509,8
1580,31,10,95,4,5.558189159340279,6
1581,18,11,57,4,5.557171046422163,7
1582,13,30,95,13,5.5569838085167085,17
1583,46,11,4,5,5.5562218746456535,6
1584,48,42,107,18,5.555372120517399,24
1585,8,44,46,20,5.5530537260963095,24
1586,69,16,54,7,5.552096999235809,9
1587,12,16,57,6,5.55204054213819,10
1588,8,41,25,16,5.550067480025429,25
1589,36,53,31,23,5.5485644604686595,30
1590,50,16,29,7,5.547011276460966,9
1591,25,18,84,7,5.546687618128964,11
1592,18,42,75,18,5.546579166688547,24
1593,44,11,70,5,5.543204446478317,6
1594,15,14,102,5,5.539976966220617,9
1595,8,11,85,4,5.538404103047142,7
1596,58,35,13,13,5.535900844279714,22
1597,16,22,14,9,5.533520092369791,13
1598,104,11,103,5,5.528181230693725,6
1599,13,24,48,10,5.520624456307565,14
1600,89,10,84,5,5.518590211576737,5
1601,17,10,89,4,5.51177775189421,6
1602,15,25,77,10,5.511717697327578,15
1603,45,23,65,11,5.510611418282089,12
1604,95,19,83,7,5.510188596504651,12
1605,39,32,38,13,5.50941856941641,19
1606,32,13,109,6,5.508051897308613,7
1607,62,30,19,11,5.5079113606244,19
1608,2,13,40,5,5.504797437287725,8
1609,5,10,111,4,5.501968622126493,6
1610,87,69,37,29,5.500923627593111,40
1611,67,10,102,4,5.497246561771851,6
1612,50,12,52,6,5.495642094131338,6
1613,111,27,55,11,5.492663797248297,16
1614,100,22,25,10,5.476003695191374,12
1615,72,22,17,9,5.472151820286164,13
1616,28,31,17,13,5.468605078583842,18
1617,31,13,74,5,5.468299370651388,8
1618,57,13,50,5,5.46070428512311,8
1619,54,34,49,14,5.449189781331788,20
1620,52,14,13,6,5.444984627732144,8
1621,51,55,11,21,5.443782340904029,34
1622,54,88,88,36,5.435654938222569,52
1623,71,29,68,11,5.435653336862239,18
1624,57,30,63,14,5.4237588746313765,16
1625,104,38,25,17,5.42238345531962,21
1626,41,52,86,20,5.422212270383409,32
1627,23,10,58,4,5.417812881789321,6
1628,2,26,106,11,5.4140126266560475,15
1629,9,21,34,9,5.406001466575153,12
1630,78,14,81,7,5.405603948540433,7
1631,4,11,58,4,5.405037105567138,7
1632,112,29,76,13,5.403769892160428,16
1633,8,20,33,8,5.397787705463006,12
1634,17,53,51,24,5.396332747607754,29
1635,63,16,12,8,5.391260705608898,8
1636,34,20,74,7,5.390554150511845,13
1637,6,14,106,6,5.390411966564587,8
1638,98,15,30,7,5.370529040661889,8
1639,15,25,18,10,5.370261713586336,15
1640,84,36,39,16,5.369674486814979,20
1641,30,11,111,4,5.365294658165568,7
1642,20,13,12,6,5.360426970680711,7
1643,7,35,97,16,5.356987360153854,19
1644,20,18,98,7,5.3527413318584305,11
1645,78,18,50,7,5.342630350789609,11
1646,54,37,90,15,5.340914168653275,22
1647,103,22,12,11,5.337957312778072,11
1648,97,14,102,5,5.335160623731833,9
1649,5,33,51,12,5.328986421528186,21
1650,83,21,64,9,5.3288244180118385,12
1651,62,33,51,14,5.327533238316315,19
1652,39,25,48,9,5.326525646398726,16
1653,7,40,3,16,5.315954351050264,24
1654,63,26,23,10,5.309010284156328,16
1655,34,38,86,16,5.308774927674142,22
1656,46,25,63,12,5.304512093520618,13
1657,73,19,87,6,5.303982369774461,13
1658,78,10,23,4,5.303068144131315,6
1659,57,26,37,11,5.296608425452367,15
1660,89,11,3,5,5.295815593088658,6
1661,87,58,49,26,5.292672771604692,32
1662,99,21,86,8,5.291638236148403,13
1663,39,24,103,11,5.290499681742947,13
1664,28,12,92,4,5.284547759707862,8
1665,108,11,77,4,5.283240563660736,7
1666,88,20,6,8,5.272285617199486,12
1667,103,17,69,8,5.270007364936181,9
1668,34,11,1,3,5.259854618241466,8
1669,43,40,65,18,5.2578263621348755,22
1670,68,18,33,7,5.257015515736626,11
1671,35,11,31,5,5.255104723881268,6
1672,41,28,49,12,5.249338337674644,16
1673,16,38,53,15,5.248684423830758,23
1674,98,20,12,8,5.2458423308532485,12
1675,25,26,40,11,5.242222631716464,15
1676,72,20,109,8,5.237390001234543,12
1677,91,21,25,9,5.236778929543698,12
1678,44,15,76,6,5.232736844369687,9
1679,75,60,107,21,5.231874163862643,39
1680,100,81,86,36,5.228718125693867,45
1681,17,12,57,4,5.228708389418874,8
1682,35,11,5,5,5.226534281744125,6
1683,92,23,39,11,5.223931097826436,12
1684,11,26,35,11,5.22379077829607,15
1685,54,54,106,25,5.222938310920245,29
1686,7,101,88,43,5.220134457500585,58
1687,10,20,86,9,5.219152465496855,11
1688,72,13,64,6,5.212965866676404,7
1689,8,35,57,14,5.20816002573612,21
1690,89,18,15,8,5.197663649290207,10
1691,46,25,39,13,5.196853389468726,12
1692,104,18,80,8,5.194103195079235,10
1693,40,13,113,5,5.1937263926866155,8
1694,6,10,71,4,5.19369227829273,6
1695,100,79,87,35,5.186783463134058,44
1696,75,17,97,7,5.1834390154874335,10
1697,91,12,48,6,5.179665478095687,6
1698,91,19,54,9,5.17957458706686,10
1699,74,14,112,6,5.173073586151801,8
1700,39,57,3,26,5.1728870655749235,31
1701,11,19,32,9,5.1696009211826786,10
1702,39,59,60,26,5.168723942798304,33
1703,31,11,54,5,5.168002033532433,6
1704,65,29,96,13,5.165027076154164,16
1705,6,16,86,6,5.1642614081075955,10
1706,43,51,86,22,5.1606707917056305,29
1707,67,12,5,5,5.159840528973079,7
1708,47,16,30,8,5.159042864029295,8
1709,38,14,46,5,5.157148141301117,9
1710,78,30,69,13,5.156427155096975,17
1711,35,16,28,8,5.153123660542294,8
1712,106,24,9,10,5.150083731218856,14
1713,11,13,97,6,5.149154391162877,7
1714,80,17,38,8,5.143241338130117,9
1715,13,17,70,7,5.142156998200086,10
1716,70,15,71,7,5.1409333575718525,8
1717,109,23,38,8,5.1369538890417745,15
1718,36,21,3,8,5.136055944816984,13
1719,40,30,58,14,5.133397385337806,16
1720,64,14,33,5,5.132334361355241,9
1721,100,47,15,20,5.123121997282322,27
1722,30,10,1,4,5.107240382060615,6
1723,11,55,88,22,5.106519046181128,33
1724,86,37,62,16,5.101426314391753,21
1725,41,22,29,9,5.098991788467605,13
1726,34,15,5,5,5.091205514677904,10
1727,32,10,20,3,5.082163415292113,7
1728,100,56,27,24,5.080984098773695,32
1729,7,16,10,7,5.0604070656519635,9
1730,78,27,77,12,5.0576925284957,15
1731,78,45,19,18,5.052434315983816,27
1732,12,12,17,5,5.051854355123882,7
1733,13,27,103,10,5.050931612605473,17
1734,95,20,75,8,5.05026015248493,12
1735,20,23,2,10,5.048117889239678,13
1736,40,16,91,7,5.034652795604085,9
1737,100,24,74,10,5.032874442379239,14
1738,74,26,93,12,5.031462008142043,14
1739,112,12,34,5,5.029259987635679,7
1740,34,16,15,6,5.02872812747396,10
1741,41,34,109,13,5.028182630199459,21
1742,55,19,18,9,5.012210431301632,10
1743,93,12,63,5,5.011120266810436,7
1744,112,17,94,6,5.010192110959227,11
1745,102,13,83,5,5.00532757458449,8
1746,93,26,5,10,5.00446052682132,16
1747,7,41,106,20,5.003800212982274,21
1748,49,21,58,10,5.003014201039977,11
1749,87,50,41,22,5.001718948477809,28
1750,51,23,96,10,5.001175453325252,13
1751,50,23,31,10,4.99199978599778,13
1752,70,16,29,8,4.990481050245631,8
1753,63,19,94,8,4.988953899876627,11
1754,77,14,114,7,4.986921402992951,7
1755,37,73,86,32,4.980857284592114,41
1756,23,46,60,19,4.974553671649713,27
1757,70,30,65,11,4.973765781446556,19
1758,80,10,44,5,4.973541413806906,5
1759,106,13,3,5,4.972676967703688,8
1760,98,11,23,5,4.9699651611390046,6
1761,66,19,86,8,4.968340195448314,11
1762,27,21,114,9,4.967571693509975,12
1763,30,41,3,15,4.964820410680748,26
1764,96,23,90,9,4.963939687748074,14
1765,62,16,64,8,4.958930096475882,8
1766,114,26,3,10,4.954476539328307,16
1767,77,10,89,5,4.949600502404531,5
1768,7,32,47,13,4.949472292851426,19
1769,56,19,68,9,4.948132166753329,10
1770,89,10,109,4,4.9475695420693455,6
1771,80,29,106,12,4.946009667025369,17
1772,40,15,78,5,4.942465399220725,10
1773,28,14,32,6,4.94214857785708,8
1774,49,11,71,5,4.940945789460408,6
1775,98,26,37,11,4.940519420053038,15
1776,78,50,51,24,4.932949040299609,26
1777,63,17,85,8,4.93137224468223,9
1778,86,40,36,17,4.92743325124,23
1779,108,17,63,7,4.925158043652065,10
1780,74,56,106,24,4.924754963776783,32
1781,95,16,109,6,4.923183536193761,10
1782,16,93,100,39,4.918404827379155,54
1783,48,11,77,4,4.913344813951473,7
1784,38,12,28,6,4.907164394244709,6
1785,47,30,68,13,4.897107609370838,17
1786,86,39,81,14,4.896461152277933,25
1787,30,22,103,9,4.892133206382254,13
1788,39,10,101,4,4.88974127810336,6
1789,94,12,18,5,4.884425557504234,7
1790,23,19,17,8,4.884057347144711,11
1791,69,11,95,4,4.882909765417967,7
1792,63,20,79,8,4.882182316485546,12
1793,3,14,35,6,4.877634175071101,8
1794,88,26,57,12,4.870812248870149,14
1795,18,30,30,13,4.868176896140197,17
1796,29,11,1,4,4.866934575588788,7
1797,95,10,64,5,4.863376640358334,5
1798,5,10,89,3,4.862465640901744,7
1799,100,31,112,14,4.858414274039207,17
1800,72,12,42,5,4.857673633217595,7
1801,64,23,23,10,4.856194819207912,13
1802,97,12,32,5,4.8514593495768255,7
1803,30,31,94,14,4.848071493453302,17
1804,27,33,103,13,4.847235428306038,20
1805,39,22,96,8,4.8469385601006945,14
1806,47,17,100,7,4.837634135475298,10
1807,8,15,67,6,4.831909846155588,9
1808,114,21,15,9,4.8260102326414716,12
1809,31,19,25,9,4.8238393010997695,10
1810,14,15,54,5,4.820525855929134,10
1811,12,20,64,8,4.814047437556215,12
1812,74,11,85,5,4.812388004493801,6
1813,13,23,79,9,4.81127521378253,14
1814,104,34,63,15,4.811269466320185,19
1815,77,11,20,5,4.809570789797778,6
1816,13,47,54,20,4.8086934753533885,27
1817,89,14,68,6,4.806077051288233,8
1818,1,16,12,7,4.804302234326604,9
1819,75,22,96,7,4.801381492311929,15
1820,41,22,97,10,4.799957538599524,12
1821,111,11,25,5,4.797175922879401,6
1822,104,89,65,39,4.7968264881701845,50
1823,52,13,20,5,4.795236183864799,8
1824,5,12,10,6,4.788462999241516,6
1825,29,24,68,10,4.788097341695897,14
1826,86,53,78,24,4.786494656983801,29
1827,41,20,81,8,4.785164896950242,12
1828,16,115,65,50,4.782452205057377,65
1829,9,12,5,5,4.777710715122406,7
1830,70,21,98,8,4.776806059512886,13
1831,33,14,23,6,4.772846471482117,8
1832,90,13,70,6,4.771084444295363,7
1833,12,15,31,7,4.7706324645211815,8
1834,12,43,3,17,4.769009589089564,26
1835,18,15,98,8,4.768289045671959,7
1836,30,71,65,30,4.766897212102786,41
1837,30,20,108,8,4.765041003995002,12
1838,13,28,84,11,4.762106527456084,17
1839,106,14,62,6,4.759729251582843,8
1840,13,69,46,28,4.756415151860812,41
1841,7,23,50,10,4.754905099968973,13
1842,62,13,20,5,4.748945383379627,8
1843,25,16,77,7,4.745845616411634,9
1844,78,11,64,5,4.7391034261565075,6
1845,30,19,12,8,4.728833191221808,11
1846,25,13,108,5,4.7274242554223145,8
1847,41,34,104,16,4.726865305600903,18
1848,11,14,66,7,4.7267990602383,7
1849,94,44,87,20,4.7267105551835815,24
1850,75,32,31,15,4.721982750346428,17
1851,30,11,45,4,4.71768267651097,7
1852,58,21,88,9,4.7114818888953405,12
1853,20,23,46,8,4.7087130702664775,15
1854,4,18,81,7,4.707056678124466,11
1855,98,34,107,15,4.703806209041121,19
1856,111,13,106,4,4.703726078810505,9
1857,40,51,39,21,4.685059105758992,30
1858,51,52,46,22,4.680955099362335,30
1859,109,25,3,11,4.677062907217812,14
1860,12,24,8,10,4.6768486824589965,14
1861,75,10,92,4,4.670779177266828,6
1862,11,26,98,12,4.667493378770945,14
1863,61,19,60,9,4.656026056433547,10
1864,104,48,50,20,4.65583203026361,28
1865,25,15,47,7,4.65539023183265,8
1866,27,13,79,6,4.651583262533679,7
1867,15,16,1,6,4.649350840919032,10
1868,63,39,96,15,4.649023449526141,24
1869,12,17,58,7,4.645880660678281,10
1870,15,27,78,13,4.643268039574816,14
1871,30,94,16,38,4.639128937275913,56
1872,80,11,69,5,4.638884395252672,6
1873,60,22,25,10,4.636282806493919,12
1874,17,32,49,16,4.635564491950155,16
1875,106,15,110,7,4.633960085739291,8
1876,102,16,91,7,4.632859199025978,9
1877,51,41,19,16,4.631222093494114,25
1878,72,10,40,4,4.616108231770902,6
1879,85,20,68,7,4.615895850726344,13
1880,74,11,57,5,4.613445177041246,6
1881,75,40,37,15,4.608119905928104,25
1882,13,21,96,9,4.6080585972764805,12
1883,80,18,39,8,4.600479594629686,10
1884,27,12,58,6,4.599497662673681,6
1885,41,60,107,23,4.597389180870248,37
1886,100,22,18,10,4.596212969192917,12
1887,57,15,89,7,4.5933511735185855,8
1888,50,32,96,14,4.592653394244439,18
1889,108,15,38,6,4.591465457156278,9
1890,9,15,37,7,4.590013554185222,8
1891,99,16,65,7,4.579704538683154,9
1892,7,23,58,11,4.575034525669341,12
1893,99,14,95,6,4.572737764013049,8
1894,60,43,114,22,4.570942388181804,21
1895,99,16,104,8,4.5627492392393005,8
1896,74,23,109,9,4.56252527772352,14
1897,19,37,57,17,4.559363107017674,20
1898,43,18,5,8,4.559277543830878,10
1899,70,15,23,7,4.554568026577774,8
1900,83,15,46,7,4.551826612706294,8
1901,64,48,86,21,4.551536600081677,27
1902,99,18,15,7,4.5514613106187225,11
1903,77,22,11,10,4.543733506971011,12
1904,16,56,50,23,4.542580234745905,33
1905,16,62,3,25,4.54235609360813,37
1906,93,29,28,11,4.540056078542574,18
1907,106,23,75,11,4.532198108241351,12
1908,55,44,28,18,4.526943972884062,26
1909,57,19,48,8,4.524936793492175,11
1910,74,23,50,10,4.520207268757788,13
1911,49,18,112,8,4.517911222226071,10
1912,63,64,54,27,4.513765725874224,37
1913,57,10,96,5,4.511509669176178,5
1914,39,40,43,18,4.51050839778733,22
1915,54,29,72,11,4.507929103645558,18
1916,45,17,86,7,4.501075246493339,10
1917,13,23,89,9,4.495493504352194,14
1918,16,109,7,48,4.487436298549418,61
1919,75,44,71,17,4.485645835804012,27
1920,7,46,64,21,4.481240056988839,25
1921,89,43,87,18,4.476155648703397,25
1922,96,31,25,14,4.472832877552797,17
1923,108,11,94,5,4.472725388082187,6
1924,49,20,18,7,4.468014752855383,13
1925,37,18,32,8,4.466542082918524,10
1926,85,16,57,7,4.462920901490054,9
1927,69,24,109,10,4.462898820440799,14
1928,79,15,54,6,4.462814449138745,9
1929,96,11,49,5,4.460220810874951,6
1930,19,14,85,6,4.456802611003388,8
1931,77,11,97,4,4.454901155383994,7
1932,87,48,57,21,4.4530394720798006,27
1933,94,18,49,7,4.445619988851261,11
1934,27,66,3,29,4.445164613495208,37
1935,19,45,107,18,4.439050926597956,27
1936,49,60,86,27,4.435620675790315,33
1937,78,16,96,6,4.433803384678502,10
1938,76,17,90,6,4.433393911042905,11
1939,37,39,70,16,4.433263990915909,23
1940,17,10,58,6,4.43139506148379,4
1941,23,14,20,6,4.427778675436007,8
1942,78,30,49,14,4.425046116990907,16
1943,99,30,13,13,4.4209668288342625,17
1944,29,17,23,8,4.418393467914161,9
1945,84,30,70,13,4.416286467774103,17
1946,7,64,53,28,4.4162137369106675,36
1947,86,118,5,51,4.415256493878053,67
1948,47,21,15,10,4.413268254147364,11
1949,71,14,108,6,4.402422140240555,8
1950,20,53,28,23,4.401187083369335,30
1951,76,35,5,15,4.400670357773005,20
1952,90,26,65,13,4.399856936469097,13
1953,97,39,16,18,4.395866715554318,21
1954,54,20,29,8,4.381395329954479,12
1955,87,33,25,15,4.379098196808539,18
1956,86,103,88,45,4.37292356531332,58
1957,40,23,23,10,4.3684233268033035,13
1958,74,15,9,6,4.367415226980933,9
1959,89,12,20,5,4.365845085514368,7
1960,49,17,70,8,4.364791676107706,9
1961,81,30,16,13,4.363693611861319,17
1962,95,20,23,9,4.361896262769256,11
1963,64,31,71,12,4.3594731378011655,19
1964,19,11,83,5,4.359398192701059,6
1965,65,16,6,7,4.346168811124805,9
1966,77,13,94,5,4.342999354868116,8
1967,72,33,19,14,4.335697285589667,19
1968,60,12,22,5,4.334241842742773,7
1969,95,19,41,8,4.332143979792181,11
1970,19,14,80,6,4.328848204649311,8
1971,4,22,40,10,4.316643149060887,12
1972,8,61,65,27,4.314970047229393,34
1973,97,23,17,10,4.313428551304965,13
1974,86,64,104,28,4.3129795987995365,36
1975,72,20,88,8,4.310304108373473,12
1976,106,27,53,13,4.3023196001359025,14
1977,37,45,55,21,4.3010010805888355,24
1978,68,32,78,14,4.290052324917813,18
1979,48,48,87,19,4.286667160277857,29
1980,50,22,69,11,4.283220710932241,11
1981,74,51,65,23,4.282390955650973,28
1982,64,25,49,10,4.2806812804968875,15
1983,30,18,90,8,4.279146936241298,10
1984,64,17,77,6,4.27748081762254,11
1985,23,12,103,5,4.2708753291504635,7
1986,100,69,13,31,4.2707670094806565,38
1987,37,55,106,26,4.262507559544696,29
1988,69,32,68,14,4.253129950198649,18
1989,76,28,60,11,4.2507308281171925,17
1990,100,13,70,6,4.2466986166827585,7
1991,13,42,69,18,4.244765914439893,24
1992,106,14,34,7,4.243674039664676,7
1993,16,44,71,18,4.24180487871631,26
1994,89,20,49,9,4.2403995512504125,11
1995,71,31,87,14,4.240167636343153,17
1996,29,11,104,5,4.232469176091443,6
1997,30,20,62,9,4.230291626453226,11
1998,17,13,62,6,4.230180767198623,7
1999,43,17,89,8,4.227307951626208,9
2000,9,21,38,9,4.22415659668818,12
2001,71,11,44,5,4.2235243488394545,6
2002,28,29,100,12,4.22112967447295,17
2003,4,19,18,8,4.220670692754495,11
2004,43,19,84,9,4.214619850887415,10
2005,52,10,48,4,4.211289472665269,6
2006,17,21,20,9,4.207666463256874,12
2007,27,20,48,8,4.2066865294128375,12
2008,86,42,72,18,4.205771698951837,24
2009,65,56,36,24,4.205692860728478,32
2010,20,14,72,6,4.198852334302271,8
2011,107,57,23,26,4.195631697148178,31
2012,29,25,34,12,4.194433318367099,13
2013,19,28,77,13,4.1898819439457275,15
2014,29,15,93,7,4.1887249261114,8
2015,26,15,87,7,4.18577387269015,8
2016,93,11,43,5,4.184906166012258,6
2017,23,27,25,12,4.182190113226041,15
2018,86,65,46,26,4.177941804652246,39
2019,18,13,103,5,4.1752141807255745,8
2020,60,24,96,8,4.164982345638217,16
2021,83,40,5,19,4.163709904424498,21
2022,34,17,22,7,4.1630551469091674,10
2023,87,31,53,15,4.161236932204788,16
2024,92,14,27,7,4.157793062407016,7
2025,19,10,2,5,4.15617878328422,5
2026,27,24,84,11,4.15605922191636,13
2027,99,12,17,5,4.148375833376951,7
2028,50,77,28,33,4.143924434349459,44
2029,53,47,71,20,4.141303557057989,27
2030,71,11,20,4,4.1364305573939655,7
2031,83,15,50,8,4.131296712002355,7
2032,42,14,87,6,4.125698672116465,8
2033,7,12,2,5,4.115660194227726,7
2034,108,17,55,7,4.110943675956946,10
2035,97,30,63,13,4.107378727934814,17
2036,75,48,51,22,4.10605342104463,26
2037,83,20,93,9,4.100880722204595,11
2038,20,24,35,10,4.098728722002916,14
2039,65,24,103,9,4.096777231970144,15
2040,111,15,8,7,4.091375789332372,8
2041,16,52,69,22,4.0902697468810425,30
2042,108,12,49,5,4.089652321500353,7
2043,36,11,19,5,4.088590218421681,6
2044,95,47,16,22,4.085164151883546,25
2045,78,17,98,8,4.084899624702052,9
2046,91,21,75,13,4.084376386784757,8
2047,89,17,72,7,4.083552531088759,10
2048,85,17,11,7,4.074093197649269,10
2049,30,14,33,5,4.072796165922766,9
2050,95,21,46,9,4.071848693893571,12
2051,69,15,37,7,4.071098728743587,8
2052,7,68,31,30,4.069172309295859,38
2053,65,19,73,8,4.067312461469672,11
2054,20,12,38,4,4.067291998076448,8
2055,72,39,27,18,4.063603110178614,21
2056,56,11,39,6,4.061429150921742,5
2057,68,28,49,12,4.0611103765436,16
2058,15,16,75,6,4.056062954518072,10
2059,14,10,20,4,4.051966837258039,6
2060,32,10,40,5,4.050021677419865,5
2061,84,12,69,5,4.046782427990891,7
2062,104,39,100,17,4.040446439481136,22
2063,100,35,78,15,4.039033914310789,20
2064,1,10,43,5,4.0389767157587135,5
2065,63,41,114,15,4.037972989054357,26
2066,60,23,57,10,4.037432638780123,13
2067,29,14,79,5,4.020689709966037,9
2068,28,25,19,10,4.019180575644085,15
2069,8,20,110,8,4.013172679497399,12
2070,5,18,77,8,4.010067732208506,10
2071,49,38,77,16,4.008242269493058,22
2072,31,16,112,6,4.001730552260444,10
2073,107,30,35,12,3.9981582817027532,18
2074,34,28,30,12,3.996388351570268,16
2075,104,16,112,7,3.9943402412730644,9
2076,112,12,14,6,3.993235963114864,6
2077,80,35,55,17,3.984081280103419,18
2078,60,18,97,9,3.9792005525226397,9
2079,83,10,76,4,3.9791717561004964,6
2080,96,12,14,5,3.975747798085741,7
2081,38,13,76,7,3.974718008801453,6
2082,13,25,62,11,3.969870239284988,14
2083,29,44,19,18,3.969051583051365,26
2084,41,13,102,5,3.968301975819481,8
2085,84,11,94,5,3.968156665744439,6
2086,72,36,11,16,3.9680601853718898,20
2087,39,31,72,14,3.965512114394319,17
2088,10,21,84,9,3.9602546020658425,12
2089,40,23,37,11,3.9558411724945226,12
2090,8,26,3,13,3.9551370260288135,13
2091,9,15,91,7,3.9508212932565088,8
2092,67,11,104,5,3.95056976239549,6
2093,35,19,43,9,3.946831407739411,10
2094,6,11,40,5,3.9442678680230885,6
2095,62,26,8,11,3.9420545038632544,15
2096,84,22,76,10,3.938973343504664,12
2097,18,15,20,6,3.930360704025332,9
2098,60,27,38,12,3.9280695771482024,15
2099,65,24,34,10,3.9259887492525167,14
2100,43,13,90,5,3.923424214669903,8
2101,5,28,2,12,3.9232778253201652,16
2102,76,45,49,19,3.92111761126653,26
2103,75,29,64,13,3.9160007140392388,16
2104,23,14,48,6,3.910408208571404,8
2105,55,30,63,14,3.9003771949656936,16
2106,64,24,19,9,3.897841875409208,15
2107,62,12,47,5,3.8975081676650087,7
2108,1,25,54,11,3.8929886538978153,14
2109,40,17,5,8,3.8914877974226934,9
2110,8,19,19,8,3.8866341483098394,11
2111,6,12,57,5,3.882176264826061,7
2112,3,22,112,11,3.881829625852149,11
2113,102,11,49,4,3.8805789709331324,7
2114,13,102,107,45,3.875896696379633,57
2115,2,11,48,4,3.8719596921161834,7
2116,78,21,103,7,3.868947984920713,14
2117,90,16,80,6,3.867067615214411,10
2118,40,50,107,20,3.8570605527160113,30
2119,85,17,17,7,3.8507511089593,10
2120,28,39,76,18,3.848512689408892,21
2121,41,22,50,9,3.845767300582984,13
2122,18,23,31,11,3.8430258307678673,12
2123,4,11,3,5,3.8250463920918434,6
2124,48,12,75,5,3.823943527087417,7
2125,77,44,51,21,3.817356709334502,23
2126,5,28,91,11,3.8146250930665184,17
2127,100,86,107,41,3.81426815907971,45
2128,110,16,5,7,3.8138584796050914,9
2129,43,17,62,8,3.8129445112496865,9
2130,28,27,71,11,3.8126316435493948,16
2131,74,86,86,40,3.8093023861998647,46
2132,13,49,11,21,3.8069597302365823,28
2133,109,22,77,10,3.802610927611434,12
2134,6,11,39,5,3.7966207547038127,6
2135,25,29,54,13,3.788520356553666,16
2136,106,52,51,23,3.7850976424308236,29
2137,104,28,98,15,3.783243181516933,13
2138,7,10,93,5,3.780231549016956,5
2139,43,21,18,11,3.7780523238060235,10
2140,114,47,13,24,3.775914918731173,23
2141,11,47,54,21,3.7735514931953094,26
2142,87,21,17,9,3.7733166042192914,12
2143,55,27,9,11,3.772633679119087,16
2144,102,14,17,6,3.765627490194506,8
2145,23,24,39,11,3.756334637991312,13
2146,30,25,48,10,3.7536152956466684,15
2147,52,13,107,5,3.753558475982526,8
2148,87,77,3,33,3.7524780507785414,44
2149,47,31,88,14,3.7483887695304947,17
2150,50,37,76,19,3.7437752407401974,18
2151,53,42,40,19,3.7429391558119973,23
2152,28,58,54,25,3.7427833536169195,33
2153,51,55,84,24,3.742451182902999,31
2154,69,36,3,14,3.739537956355414,22
2155,30,53,49,23,3.7368351184366295,30
2156,1,13,4,5,3.736039087851971,8
2157,60,59,40,26,3.735016412978284,33
2158,15,19,50,8,3.731886058645917,11
2159,90,31,5,13,3.729228130116929,18
2160,15,13,40,6,3.725578311667862,7
2161,20,26,41,13,3.722699653504378,13
2162,91,40,86,18,3.721705750823955,22
2163,18,58,53,27,3.720925458312455,31
2164,15,21,5,8,3.7147342263498166,13
2165,1,21,64,10,3.714096825641645,11
2166,60,57,86,25,3.707824553169818,32
2167,95,42,87,20,3.706416281336596,22
2168,112,10,35,5,3.7046440124812365,5
2169,29,15,108,7,3.6991799646967536,8
2170,17,12,108,5,3.6979659768897495,7
2171,23,19,28,9,3.6970356039584327,10
2172,78,17,20,8,3.6916138480807787,9
2173,54,72,51,32,3.676698399835987,40
2174,38,21,84,10,3.669980206703245,11
2175,28,20,85,9,3.6675135147560156,11
2176,29,16,102,6,3.661932828184928,10
2177,39,24,31,10,3.6610558433956144,14
2178,90,10,71,5,3.6561036030201173,5
2179,107,21,32,10,3.6546977761524615,11
2180,17,11,18,6,3.651905683853184,5
2181,64,20,108,9,3.648889859577028,11
2182,114,16,98,7,3.6481628146735163,9
2183,87,127,107,57,3.648044853553782,70
2184,9,13,23,6,3.6475995665029006,7
2185,14,10,70,5,3.647042134114854,5
2186,51,60,41,27,3.646621071359162,33
2187,55,51,5,22,3.6280461911141377,29
2188,80,26,28,12,3.6230809501897743,14
2189,112,15,79,7,3.621796379179409,8
2190,1,36,88,17,3.612486249864132,19
2191,12,46,27,19,3.60812267367479,27
2192,78,35,60,16,3.6051174806852493,19
2193,86,24,32,11,3.600337352350485,13
2194,65,88,41,36,3.5987797514188595,52
2195,34,23,79,9,3.5987779482770503,14
2196,75,57,16,26,3.5952902080350215,31
2197,106,14,57,7,3.593618983726931,7
2198,104,61,5,28,3.5931408944870395,33
2199,7,22,11,9,3.5909071733141316,13
2200,97,10,95,4,3.589432471334791,6
2201,14,18,11,7,3.5868100547047623,11
2202,88,62,5,29,3.583030843412137,33
2203,41,10,62,5,3.5810735995056335,5
2204,33,14,78,6,3.5759620126343448,8
2205,14,22,87,9,3.574657228905804,13
2206,13,48,78,21,3.5732041834288704,27
2207,25,19,43,7,3.573077352948072,12
2208,6,21,87,9,3.566989216260901,12
2209,6,28,7,15,3.5631855242339134,13
2210,60,12,79,5,3.555370933230572,7
2211,28,19,36,9,3.554999615354129,10
2212,62,21,37,8,3.552668728814333,13
2213,40,16,19,6,3.5456118713031146,10
2214,33,11,70,5,3.5452850377562246,6
2215,47,29,27,13,3.543966431934925,16
2216,23,37,8,16,3.5407673906896986,21
2217,40,65,36,28,3.54008292473436,37
2218,28,32,30,15,3.539926425473853,17
2219,38,16,72,8,3.537120264496002,8
2220,58,15,47,6,3.535505795510924,9
2221,44,15,7,7,3.5352660207554565,8
2222,85,26,84,10,3.5349178606931724,16
2223,6,10,62,4,3.534555615892036,6
2224,65,27,109,13,3.530447741364183,14
2225,93,17,25,8,3.5300397889756283,9
2226,37,55,50,26,3.5287986061002155,29
2227,89,16,74,7,3.5219803445540374,9
2228,28,17,15,8,3.521005718300717,9
2229,9,32,54,15,3.5206046809983693,17
2230,11,24,17,11,3.5151101549695944,13
2231,102,19,3,8,3.5088603359734862,11
2232,74,16,23,7,3.505315761927062,9
2233,85,19,51,9,3.5047202360231444,10
2234,25,27,109,12,3.5041369262347244,15
2235,73,17,98,8,3.503959852428817,9
2236,3,30,77,14,3.5028026588503227,16
2237,38,15,54,7,3.502268170966973,8
2238,114,39,51,19,3.4973322349486455,20
2239,97,36,114,16,3.494809729950692,20
2240,20,26,109,10,3.4929177397438647,16
2241,6,10,54,5,3.4921987314309866,5
2242,14,16,5,6,3.490369625649153,10
2243,62,13,36,6,3.4895283270523723,7
2244,94,13,50,5,3.4892669802483653,8
2245,36,30,51,14,3.487460022502504,16
2246,25,20,70,9,3.4845181159437417,11
2247,34,41,27,19,3.4773981792874973,22
2248,39,46,104,20,3.4737677467957737,26
2249,51,96,65,42,3.469787790980818,54
2250,50,21,49,10,3.4685004795882266,11
2251,34,22,43,10,3.4624025418425397,12
2252,30,33,57,13,3.4605487424348236,20
2253,33,23,5,11,3.4543275091771948,12
2254,37,21,23,10,3.4530437057487378,11
2255,112,14,114,7,3.4529529803290564,7
2256,63,97,86,40,3.452765603775126,57
2257,88,85,107,36,3.4500810163394413,49
2258,7,94,86,40,3.4487912180291196,54
2259,49,25,63,12,3.435463908483024,13
2260,107,39,62,19,3.4346861632726857,20
2261,107,40,38,17,3.4320037029545793,23
2262,7,52,27,24,3.4308990471010516,28
2263,4,12,37,5,3.4218717037755013,7
2264,64,24,11,9,3.420093692917575,15
2265,28,18,78,9,3.417711658801108,9
2266,17,11,36,6,3.417273645156761,5
2267,79,22,11,9,3.411899322441769,13
2268,4,13,28,6,3.394082491248691,7
2269,73,10,104,4,3.3914910994647243,6
2270,36,28,55,13,3.3833365772573503,15
2271,75,28,27,12,3.382934039982325,16
2272,109,27,102,12,3.38097920667117,15
2273,70,20,75,10,3.379349863200628,10
2274,74,16,91,7,3.3793273468188416,9
2275,64,40,39,18,3.377216491809084,22
2276,73,18,96,8,3.3726024221333364,10
2277,91,31,107,13,3.3692392206395296,18
2278,13,56,28,26,3.3671896375902834,30
2279,40,17,20,7,3.3649339637959685,10
2280,54,25,97,12,3.3648153427656786,13
2281,14,23,8,10,3.3634201583462153,13
2282,9,14,61,6,3.362078776884604,8
2283,14,17,106,7,3.360059412826618,10
2284,83,10,20,5,3.3478898251644154,5
2285,15,19,20,8,3.345564249700581,11
2286,16,158,51,74,3.342671607600068,84
2287,68,32,12,15,3.341405752135098,17
2288,68,13,5,6,3.3380294056441113,7
2289,80,17,48,7,3.3356230533911297,10
2290,50,12,81,6,3.335453957922903,6
2291,2,15,38,7,3.331749539896775,8
2292,27,52,49,23,3.3272858804288523,29
2293,13,85,55,38,3.325656298998864,47
2294,76,33,109,13,3.3209127164363066,20
2295,98,14,97,7,3.3185319117606134,7
2296,97,16,84,6,3.3164282058099306,10
2297,96,59,54,29,3.314517669950013,30
2298,13,46,77,20,3.313982424227239,26
2299,86,66,25,31,3.3097455853588773,35
2300,41,14,96,5,3.3088942892360294,9
2301,107,43,64,20,3.307651233136555,23
2302,19,21,20,10,3.306390497523301,11
2303,65,33,50,15,3.3047538561922973,18
2304,114,21,64,9,3.3046667254482807,12
2305,47,13,61,6,3.3043540506366393,7
2306,12,11,90,4,3.304244091296132,7
2307,3,37,29,16,3.303675226777743,21
2308,50,18,19,8,3.2983343340311553,10
2309,12,26,23,12,3.2981731860922108,14
2310,34,11,98,6,3.2977526881218022,5
2311,23,27,15,12,3.296466541508162,15
2312,63,28,15,12,3.2961749452345925,16
2313,76,17,79,7,3.2930359935936755,10
2314,15,10,38,4,3.290523774376458,6
2315,55,15,35,7,3.2899027901624844,8
2316,13,37,1,15,3.287939891614485,22
2317,9,19,100,8,3.2814220198806474,11
2318,114,13,67,6,3.2746706512348394,7
2319,16,41,38,15,3.2645871333861924,26
2320,68,63,107,30,3.262613498145854,33
2321,7,24,74,9,3.2574931437928867,15
2322,114,47,25,20,3.2540864225169726,27
2323,64,10,96,4,3.2470341038418864,6
2324,23,12,81,5,3.2407035870769985,7
2325,99,25,60,11,3.238194459102711,14
2326,107,49,36,23,3.2348387046482587,26
2327,3,14,97,7,3.230803945654674,7
2328,88,48,109,20,3.230101069602965,28
2329,23,50,65,24,3.229242004811313,26
2330,54,16,12,8,3.22546532700851,8
2331,100,10,80,4,3.221630002984554,6
2332,55,18,94,8,3.2183549150249444,10
2333,89,24,86,12,3.2137728032174717,12
2334,17,16,74,7,3.211770551027834,9
2335,50,19,97,8,3.210625734622635,11
2336,60,47,31,24,3.209470727487928,23
2337,63,18,72,7,3.209203933965973,11
2338,56,12,97,6,3.2085312435870676,6
2339,60,38,41,19,3.2070562991666334,19
2340,103,25,29,12,3.2059231580924306,13
2341,106,28,17,11,3.2039846830051175,17
2342,36,41,39,18,3.1998605067578247,23
2343,86,47,12,21,3.1933658429369904,26
2344,69,15,8,7,3.191300471105285,8
2345,17,22,90,9,3.1908484224220683,13
2346,11,10,58,4,3.1884299720547125,6
2347,54,31,114,15,3.18479213160143,16
2348,100,21,50,9,3.182484639829969,12
2349,78,29,54,13,3.1794235894954275,16
2350,106,25,60,10,3.1712615038081853,15
2351,64,19,46,8,3.170796609352694,11
2352,55,26,20,12,3.1691541193918384,14
2353,41,30,69,12,3.1671568486745967,18
2354,63,20,66,9,3.166079264336923,11
2355,107,55,9,27,3.1653943190937825,28
2356,93,16,109,7,3.1609286434035413,9
2357,75,19,4,8,3.1591429263358246,11
2358,86,21,82,9,3.158656091984634,12
2359,104,51,7,23,3.158219418007501,28
2360,11,43,57,22,3.1565311276310086,21
2361,75,23,23,12,3.1487336010920157,11
2362,114,23,9,8,3.1400252375404265,15
2363,47,24,41,12,3.137759511909013,12
2364,3,24,76,11,3.1320099121348606,13
2365,6,11,28,5,3.131247568187587,6
2366,11,94,86,43,3.1306889574978793,51
2367,17,37,107,17,3.127832561498684,20
2368,43,44,60,20,3.125644522728473,24
2369,100,34,63,17,3.1200171001381665,17
2370,28,36,48,16,3.118969087107223,20
2371,36,11,80,5,3.1158574211756562,6
2372,76,32,55,13,3.1154560441471983,19
2373,25,25,17,11,3.1106502600539123,14
2374,50,24,4,12,3.1105592371369686,12
2375,13,80,60,34,3.1063619078243834,46
2376,72,35,100,16,3.1057201407345865,19
2377,111,21,86,9,3.1037611827633476,12
2378,98,24,100,10,3.102517713271864,14
2379,92,15,60,6,3.101629065738577,9
2380,99,14,68,6,3.1001036150844774,8
2381,88,16,74,6,3.1000151762465453,10
2382,17,29,54,14,3.099464272586133,15
2383,104,34,54,16,3.0987784259955395,18
2384,34,28,19,12,3.0972119799619953,16
2385,85,10,109,3,3.0954068823106935,7
2386,6,17,27,8,3.0947871865212933,9
2387,93,17,50,7,3.089216846430406,10
2388,107,59,37,27,3.087858660035621,32
2389,47,20,72,7,3.083365842281265,13
2390,66,12,28,6,3.0826665795427424,6
2391,55,16,62,7,3.0797392954165557,9
2392,46,12,103,5,3.079174575382033,7
2393,97,23,104,11,3.078979141926911,12
2394,43,37,7,15,3.0706324410883696,22
2395,75,30,25,13,3.0695517335408993,17
2396,71,18,25,8,3.0644100067848137,10
2397,17,21,63,10,3.0560482096450983,11
2398,7,45,55,19,3.054761469393279,26
2399,86,28,93,13,3.0472078293797855,15
2400,38,13,96,6,3.0422152322461717,7
2401,30,22,79,9,3.0387025691085756,13
2402,25,39,65,16,3.0368934823131166,23
2403,39,13,98,5,3.0332323169773585,8
2404,63,46,41,21,3.0272340731708356,25
2405,86,156,87,75,3.0270960244356924,81
2406,86,38,79,17,3.025515072530802,21
2407,40,17,33,6,3.0217035797006977,11
2408,20,48,16,20,3.014886072612058,28
2409,74,42,63,20,3.0096162132471513,22
2410,50,20,108,10,3.0061866874624097,10
2411,89,39,16,18,3.006085567834273,21
2412,16,58,37,27,3.0025107191283236,31
2413,96,14,34,6,3.001763014782561,8
2414,4,11,69,5,2.99948417666171,6
2415,85,23,13,9,2.985985548040522,14
2416,46,13,1,7,2.9771068452784517,6
2417,18,11,72,7,2.976476380286215,4
2418,16,61,23,28,2.9759826631167945,33
2419,84,36,106,18,2.975473960825013,18
2420,43,28,41,13,2.9751067750185944,15
2421,36,32,4,13,2.9739066740354216,19
2422,54,84,16,39,2.9711690800953834,45
2423,2,21,37,10,2.96975801126945,11
2424,90,26,50,12,2.969099568178274,14
2425,49,38,51,18,2.967933172070934,20
2426,73,16,63,8,2.966556049159884,8
2427,65,44,11,21,2.9664408098026187,23
2428,25,18,57,8,2.9649349505538733,10
2429,114,23,46,10,2.963143531607224,13
2430,114,23,57,10,2.9591464136641084,13
2431,71,18,46,9,2.9448527741935377,9
2432,9,18,1,10,2.9438107743951836,8
2433,16,63,5,26,2.9385145168648896,37
2434,83,27,65,13,2.938404758323202,14
2435,36,20,87,8,2.93557325089767,12
2436,15,41,11,18,2.9350626506440065,23
2437,33,21,28,11,2.934003356051797,10
2438,12,18,40,9,2.93028970370934,9
2439,3,10,33,4,2.927658221464771,6
2440,49,39,65,18,2.9239609943299407,21
2441,1,14,62,7,2.921521583990398,7
2442,88,21,61,8,2.9209863910476948,13
2443,102,19,106,10,2.9207255392565106,9
2444,29,10,47,4,2.9199833749969137,6
2445,109,17,9,9,2.91854195196147,8
2446,55,11,31,5,2.9183781753906346,6
2447,37,10,33,4,2.9157377490462264,6
2448,104,12,10,6,2.9113530030237116,6
2449,95,29,53,11,2.9078610003173133,18
2450,62,19,9,9,2.9069158954391607,10
2451,16,33,79,14,2.9049583801159358,19
2452,34,52,107,22,2.895848185904654,30
2453,30,34,71,16,2.8915964337712703,18
2454,13,42,72,20,2.887828919086225,22
2455,60,69,88,30,2.8828629648708888,39
2456,8,33,27,16,2.8813894658039874,17
2457,88,18,48,7,2.8781551150447946,11
2458,17,25,46,11,2.875672610475698,14
2459,106,14,77,7,2.875589368126161,7
2460,75,21,30,10,2.874328227945732,11
2461,108,10,2,4,2.873465048153021,6
2462,112,14,1,5,2.872325056767921,9
2463,83,25,87,12,2.871024026015094,13
2464,103,16,94,8,2.8705816929887495,8
2465,88,69,68,31,2.8695211003313754,38
2466,53,32,55,14,2.8682065355723365,18
2467,28,70,84,31,2.8670003890442093,39
2468,54,11,89,4,2.8666538795584913,7
2469,108,14,78,6,2.8642940930834624,8
2470,69,25,28,12,2.861912956405139,13
2471,16,96,28,43,2.854985092700266,53
2472,39,51,53,23,2.8501763309992625,28
2473,97,13,33,6,2.848649622206162,7
2474,4,25,16,13,2.8411046840521457,12
2475,107,51,106,24,2.8408623146416336,27
2476,86,104,28,46,2.8374089851944673,58
2477,39,11,35,5,2.8361547619317555,6
2478,75,21,112,9,2.8242194050340816,12
2479,18,13,71,6,2.821320109059585,7
2480,12,40,87,18,2.8207468302268026,22
2481,68,14,48,7,2.8206443314688054,7
2482,30,18,23,8,2.8181808786768627,10
2483,97,26,76,12,2.8180456861896697,14
2484,9,48,40,21,2.81743847104381,27
2485,1,32,36,16,2.809530345293069,16
2486,99,15,41,7,2.8081672918617295,8
2487,65,42,71,18,2.8056942435602363,24
2488,106,14,112,7,2.805082024542774,7
2489,48,26,65,13,2.800978027003418,13
2490,33,15,27,7,2.7980319906219515,8
2491,83,32,8,16,2.795775595052069,16
2492,23,15,50,5,2.795623997234249,10
2493,68,14,44,7,2.7953277213928227,7
2494,7,26,1,12,2.793205495238505,14
2495,100,13,36,6,2.7923934619121074,7
2496,70,12,102,7,2.7906887378625385,5
2497,85,14,112,6,2.788857070839814,8
2498,69,19,39,9,2.785474853322304,10
2499,18,30,40,12,2.780722164544755,18
2500,11,64,46,29,2.7792177466233574,35
2501,10,17,87,8,2.7770692343126595,9
2502,93,12,100,5,2.7764313127252507,7
2503,62,32,3,14,2.7719381715786184,18
2504,27,60,88,29,2.7660588381556592,31
2505,15,23,69,10,2.7652098531538094,13
2506,50,25,64,12,2.763882032651321,13
2507,3,25,64,12,2.7633012322646224,13
2508,103,10,53,3,2.7626913899775767,7
2509,1,17,94,9,2.7623810098011936,8
2510,97,34,96,17,2.7556888339056833,17
2511,70,14,43,6,2.753352748891413,8
2512,3,16,46,8,2.752172231930853,8
2513,12,41,51,19,2.750892681987319,22
2514,71,26,51,12,2.748484052918404,14
2515,39,80,107,37,2.7469032653332537,43
2516,53,45,64,20,2.7453777698168924,25
2517,49,32,12,18,2.744772343734479,14
2518,13,115,51,56,2.744637990046723,59
2519,107,49,3,24,2.7387582486518753,25
2520,54,35,102,16,2.738133577396994,19
2521,99,12,63,6,2.737725340993938,6
2522,35,29,86,12,2.735934113725711,17
2523,104,67,13,30,2.733835584620105,37
2524,35,18,30,8,2.7335215300448548,10
2525,60,26,46,12,2.733085524905183,14
2526,89,16,65,7,2.732610790712205,9
2527,68,24,57,12,2.731461721250245,12
2528,49,11,5,5,2.7256599500520577,6
2529,44,16,88,8,2.7255415222047095,8
2530,37,30,84,14,2.7240272709777176,16
2531,34,16,88,7,2.7175195012540176,9
2532,63,20,4,9,2.7170319642618375,11
2533,16,180,86,78,2.715004124213958,102
2534,38,21,29,10,2.711869147927812,11
2535,114,66,88,31,2.711653784187521,35
2536,94,26,29,12,2.7112074149721908,14
2537,20,27,7,13,2.7023319306021247,14
2538,107,26,81,12,2.702077867782149,14
2539,87,63,106,30,2.6977525519324614,33
2540,43,20,37,10,2.6945517502192464,10
2541,30,42,68,20,2.69417991123464,22
2542,10,11,65,5,2.691616036034299,6
2543,87,23,31,11,2.6915087275033063,12
2544,13,20,102,8,2.68911865765018,12
2545,11,32,43,15,2.686891578049507,17
2546,74,61,5,29,2.685625674476677,32
2547,63,13,103,5,2.6855582456044873,8
2548,39,25,5,12,2.6791322172692817,13
2549,48,10,12,4,2.675775448389384,6
2550,46,36,87,15,2.6745789000356535,21
2551,25,17,44,8,2.67353547628176,9
2552,13,118,7,55,2.6708973171944725,63
2553,37,67,104,30,2.6697156594454787,37
2554,88,91,51,46,2.668728772004144,45
2555,71,17,5,8,2.668348512437488,9
2556,87,60,50,29,2.6630770578398373,31
2557,16,78,49,35,2.6573800645996855,43
2558,40,24,27,13,2.6563176029466624,11
2559,16,39,80,16,2.655474856892814,23
2560,20,14,73,6,2.6543798385197754,8
2561,55,52,11,22,2.6542455471400306,30
2562,57,13,36,5,2.6531160901053727,8
2563,103,22,41,11,2.6487253088558034,11
2564,104,39,109,18,2.643837630094446,21
2565,39,17,89,7,2.637403555239235,10
2566,110,13,54,6,2.635884902993451,7
2567,51,12,22,5,2.6349206585516356,7
2568,39,23,34,11,2.6339682840559657,12
2569,95,34,39,16,2.633907594970311,18
2570,54,21,98,10,2.6338814908595602,11
2571,95,34,107,16,2.633836762476072,18
2572,15,40,3,18,2.6249226124280622,22
2573,39,42,28,20,2.6233394077803616,22
2574,104,41,95,18,2.6172247089757974,23
2575,63,18,45,8,2.611830236832499,10
2576,40,29,1,13,2.6081027273161883,16
2577,50,37,51,18,2.606142976623963,19
2578,36,23,91,10,2.600483205457642,13
2579,11,38,60,17,2.600434490474114,21
2580,57,47,51,22,2.599162353840762,25
2581,62,12,77,5,2.5961939184273137,7
2582,20,48,37,23,2.5936827651590773,25
2583,94,21,65,11,2.593266998560741,10
2584,102,27,37,12,2.5931875377695404,15
2585,1,10,109,5,2.5929606771402334,5
2586,28,71,65,31,2.5907378992374,40
2587,33,15,88,6,2.581178022844097,9
2588,50,22,112,9,2.578275791966451,13
2589,81,14,108,7,2.5758573743146345,7
2590,16,26,45,11,2.575728914113901,15
2591,16,24,35,10,2.575434774594282,14
2592,1,29,51,14,2.574119304918465,15
2593,48,14,25,7,2.5710538086168517,7
2594,33,26,13,12,2.569937378676217,14
2595,86,48,90,21,2.566035530404322,27
2596,7,109,68,50,2.5626001746544613,59
2597,48,21,51,11,2.5619467431523466,10
2598,86,14,14,7,2.5565201304900285,7
2599,76,20,48,8,2.555510158825988,12
2600,73,19,1,8,2.5534291003907317,11
2601,9,44,39,22,2.551362349935293,22
2602,71,14,47,7,2.5504632262813383,7
2603,7,74,36,34,2.54935875079736,40
2604,97,35,65,16,2.539739428020559,19
2605,70,22,9,9,2.5390649499197586,13
2606,30,94,87,43,2.5374312113477226,51
2607,40,60,88,27,2.532837544735202,33
2608,7,29,17,13,2.532089441361393,16
2609,61,10,62,5,2.53075507416622,5
2610,44,15,107,7,2.530544567099409,8
2611,99,19,30,8,2.530388293684778,11
2612,36,33,9,15,2.527924078037464,18
2613,16,61,62,26,2.5254455848509716,35
2614,68,27,46,12,2.520930145642669,15
2615,104,77,16,35,2.5182352258511727,42
2616,97,18,29,8,2.5164381029243006,10
2617,12,15,36,7,2.516319942513756,8
2618,89,17,104,8,2.5139241654919755,9
2619,57,29,43,12,2.5092658098795173,17
2620,87,15,92,7,2.5078466479835897,8
2621,114,63,86,30,2.5031933128077988,33
2622,84,13,67,7,2.500709874534178,6
2623,100,41,88,18,2.4985821356472675,23
2624,65,38,111,16,2.4964278491140734,22
2625,3,22,50,10,2.496125409946101,12
2626,71,27,9,12,2.485839871550415,15
2627,28,25,79,12,2.485405030035431,13
2628,51,66,60,27,2.480029385751166,39
2629,87,58,28,28,2.477822962643624,30
2630,65,52,106,24,2.474183582331677,28
2631,64,30,8,13,2.4716465780703305,17
2632,13,52,15,25,2.4673961616838107,27
2633,74,17,69,9,2.466497282082459,8
2634,17,17,1,8,2.462761073509875,9
2635,102,32,25,15,2.460889696925051,17
2636,110,17,86,8,2.459712460283758,9
2637,40,10,84,5,2.4542210673969374,5
2638,58,16,50,8,2.4508398898046,8
2639,61,17,65,9,2.4487309858444046,8
2640,63,15,61,6,2.445410080263457,9
2641,32,10,50,6,2.4440541907162885,4
2642,23,56,7,26,2.4411917402729504,30
2643,68,53,3,26,2.437668230604428,27
2644,14,19,51,7,2.433844123091522,12
2645,77,19,112,10,2.4329966442768884,9
2646,3,17,96,8,2.432078371197565,9
2647,3,38,43,17,2.4285463624949,21
2648,109,11,99,5,2.4195174025010506,6
2649,8,98,107,48,2.4151763973518863,50
2650,28,19,94,8,2.4149604753175544,11
2651,15,32,7,17,2.4130666365885896,15
2652,8,40,50,17,2.4122569104172085,23
2653,54,22,23,10,2.4071199385443034,12
2654,19,18,58,8,2.406497773380725,10
2655,88,57,104,25,2.406185933878753,32
2656,20,26,80,12,2.4033351571638515,14
2657,74,14,33,7,2.401214003272284,7
2658,100,27,94,10,2.400243221659601,17
2659,8,36,76,16,2.3997351089247143,20
2660,46,38,28,16,2.3990178798165616,22
2661,100,13,89,6,2.3989300169483276,7
2662,97,21,109,10,2.398141101921517,11
2663,4,21,71,8,2.387175011736595,13
2664,96,25,104,11,2.386641983915838,14
2665,75,13,56,5,2.3840139649043484,8
2666,86,90,84,45,2.3816790899230798,45
2667,8,14,112,6,2.3798297239108375,8
2668,15,52,107,21,2.3786357884173874,31
2669,16,37,47,17,2.376800911289542,20
2670,71,40,107,17,2.376060967609246,23
2671,90,19,84,9,2.374748457023267,10
2672,78,49,107,22,2.370326822713638,27
2673,25,32,63,16,2.3688265373602633,16
2674,72,33,78,17,2.368711819117038,16
2675,40,24,50,10,2.367144047455048,14
2676,19,30,60,15,2.366878047373235,15
2677,99,23,5,11,2.36162190226428,12
2678,102,17,39,8,2.3613393535898353,9
2679,70,34,76,16,2.358420872168424,18
2680,100,14,97,6,2.358325970901081,8
2681,43,16,58,7,2.3567163693861573,9
2682,96,14,109,6,2.3566759619593634,8
2683,8,27,17,13,2.354578898260205,14
2684,40,17,109,7,2.3545763145612293,10
2685,99,12,33,5,2.354570382478152,7
2686,4,36,31,15,2.353535596679466,21
2687,57,12,33,5,2.3532372822710057,7
2688,79,10,96,5,2.351992111457352,5
2689,64,23,45,10,2.3519081217306117,13
2690,78,10,45,5,2.343791897433706,5
2691,8,61,51,29,2.341534201537923,32
2692,30,16,52,7,2.3410140593607367,9
2693,58,30,69,15,2.3378190755068298,15
2694,39,51,57,23,2.337676539544595,28
2695,38,21,19,8,2.334542521998157,13
2696,80,37,86,17,2.3309612757843783,20
2697,25,28,53,14,2.3301510854690863,14
2698,109,51,5,25,2.3285813949081624,26
2699,84,35,50,17,2.3257021134383256,18
2700,104,21,102,11,2.3206272974702777,10
2701,3,23,61,8,2.318754532374438,15
2702,111,18,87,8,2.316389144833365,10
2703,88,32,91,15,2.315767764685106,17
2704,8,58,96,27,2.313991189820113,31
2705,71,31,63,14,2.311262987331468,17
2706,63,28,70,13,2.309911464577443,15
2707,76,13,69,5,2.308555624427584,8
2708,35,13,70,7,2.3047047876076423,6
2709,38,11,98,5,2.303289795541877,6
2710,60,26,95,12,2.300035058084818,14
2711,86,23,33,10,2.299697494324661,13
2712,80,20,7,9,2.2986689861273377,11
2713,63,42,50,19,2.2950983829965117,23
2714,100,24,5,11,2.293242743404467,13
2715,106,13,4,7,2.287883468044358,6
2716,8,76,28,35,2.28759259007733,41
2717,73,16,16,8,2.286947763730408,8
2718,30,47,15,21,2.2823156835597858,26
2719,38,10,81,5,2.2819621266449914,5
2720,77,12,69,6,2.2797993708458937,6
2721,65,14,92,7,2.2769844774151653,7
2722,50,47,11,22,2.276023953743783,25
2723,40,14,74,6,2.2751378053719047,8
2724,13,68,27,32,2.274081632265013,36
2725,61,10,31,5,2.2696136748473625,5
2726,28,66,96,31,2.2674069446039304,35
2727,85,12,7,5,2.267272935114745,7
2728,62,12,98,6,2.263618494828719,6
2729,11,35,20,15,2.2586366319405853,20
2730,98,16,17,8,2.2572460925395315,8
2731,74,13,41,7,2.2545650248033358,6
2732,95,30,25,14,2.253973143655666,16
2733,60,79,77,37,2.2521615090082228,42
2734,63,11,83,4,2.2518527555221,7
2735,86,16,113,7,2.2517990720455145,9
2736,70,10,27,5,2.2432632584575636,5
2737,108,13,65,7,2.2401098494637828,6
2738,4,26,114,13,2.2345648368573663,13
2739,46,18,65,7,2.232998478058108,11
2740,62,29,71,14,2.2274966883750613,15
2741,90,16,25,7,2.2261576936837093,9
2742,52,10,19,4,2.2229451588662377,6
2743,98,13,99,7,2.2212581677933705,6
2744,75,23,84,11,2.2186834285684545,12
2745,5,50,96,22,2.21142719225076,28
2746,30,68,107,30,2.2090823054211053,38
2747,68,109,13,51,2.203259504991036,58
2748,34,14,90,6,2.2023988266159487,8
2749,54,45,19,19,2.199905055467105,26
2750,91,12,56,6,2.199268647174773,6
2751,7,75,40,33,2.195752128306479,42
2752,60,32,75,15,2.194819750320694,17
2753,68,35,106,16,2.193685806982791,19
2754,7,19,72,9,2.1917063339887894,10
2755,64,10,69,4,2.1864749506825825,6
2756,55,24,77,11,2.1857007329001785,13
2757,8,64,11,30,2.1781854274768375,34
2758,27,76,107,34,2.1737890157942084,42
2759,5,10,29,4,2.165232041865749,6
2760,23,13,53,6,2.1639220781507693,7
2761,40,20,45,9,2.160407922723577,11
2762,3,17,79,7,2.155492099627798,10
2763,10,21,8,9,2.147315002146761,12
2764,55,11,69,5,2.141856565606561,6
2765,71,39,39,18,2.1402119009407667,21
2766,102,22,74,10,2.1384304011801003,12
2767,66,13,31,6,2.1367157981218847,7
2768,8,26,102,13,2.1358165667375633,13
2769,107,22,89,11,2.1353078245406363,11
2770,2,12,61,5,2.133108515807604,7
2771,98,10,43,4,2.1302778964437667,6
2772,65,35,76,14,2.129357150998597,21
2773,41,61,88,27,2.1276735354556675,34
2774,51,45,43,22,2.125721432367968,23
2775,102,32,114,14,2.1240842876015136,18
2776,7,62,9,31,2.12190310948229,31
2777,104,34,70,16,2.118226250740968,18
2778,53,11,70,5,2.1174802085363624,6
2779,60,30,109,14,2.1142512208373354,16
2780,50,56,107,27,2.1132862646405495,29
2781,69,11,25,5,2.112059751085251,6
2782,68,28,94,13,2.106511062546953,15
2783,112,19,23,8,2.101852765262114,11
2784,33,22,11,12,2.098758142334807,10
2785,64,17,57,7,2.0964467583954445,10
2786,100,14,108,6,2.0963239779526797,8
2787,97,22,8,11,2.094799206270942,11
2788,40,18,11,9,2.0894421004610075,9
2789,15,12,94,5,2.08916589041162,7
2790,64,43,68,18,2.0864244028015833,25
2791,34,18,104,8,2.0843146811677244,10
2792,60,19,83,9,2.080593849514111,10
2793,15,43,72,19,2.074578089150859,24
2794,20,68,54,35,2.0740616245882637,33
2795,30,32,104,16,2.073588127852212,16
2796,89,16,55,8,2.073523664632458,8
2797,104,16,20,8,2.0724807758275627,8
2798,27,20,23,10,2.0722628371370155,10
2799,84,30,34,14,2.067010635537676,16
2800,9,19,57,9,2.058380213538902,10
2801,13,20,92,11,2.054986448369509,9
2802,57,60,15,29,2.0492240162459217,31
2803,16,79,68,35,2.0462981602365193,44
2804,16,137,13,62,2.0458568454743773,75
2805,78,29,43,13,2.0426911008363855,16
2806,45,14,68,6,2.0416275962437833,8
2807,30,57,60,24,2.0412933040106167,33
2808,12,14,7,7,2.0405365521973633,7
2809,11,18,93,10,2.0391902780828315,8
2810,60,40,8,20,2.033286998314092,20
2811,91,14,114,7,2.031242634143403,7
2812,19,36,94,18,2.0287789057822354,18
2813,87,36,75,17,2.0264664637740792,19
2814,32,11,13,5,2.0261815070275424,6
2815,28,52,51,26,2.025017303726126,26
2816,16,54,70,24,2.0212880671139883,30
2817,114,27,17,11,2.021159075364864,16
2818,65,44,17,18,2.020871434980538,26
2819,8,37,90,16,2.0194647820717773,21
2820,111,10,10,4,2.0194606727691027,6
2821,93,11,60,4,2.018629631632228,7
2822,80,37,54,19,2.0181573041232794,18
2823,84,37,54,17,2.0154202399698513,20
2824,68,29,70,14,2.015118158104632,15
2825,112,13,103,6,2.012520719272728,7
2826,83,22,97,12,2.0076368732075736,10
2827,16,48,29,23,2.0038510430636767,25
2828,48,29,11,13,2.003568336649414,16
2829,114,26,74,13,1.9975972531686852,13
2830,48,12,81,5,1.9888329395840285,7
2831,53,19,4,9,1.9876947928926743,10
2832,100,12,79,5,1.9822381822120898,7
2833,68,30,38,13,1.98112771845421,17
2834,88,32,70,15,1.9762934359596307,17
2835,55,31,84,15,1.9725581442910776,16
2836,54,10,35,4,1.970607603878345,6
2837,102,11,95,5,1.9663297200367644,6
2838,28,33,91,15,1.9649527402335243,18
2839,41,24,112,11,1.9642201479007209,13
2840,80,11,97,5,1.9631828964682283,6
2841,39,14,33,7,1.960095595226131,7
2842,41,21,78,9,1.9597162558523102,12
2843,50,11,35,5,1.9581460146246819,6
2844,36,34,64,17,1.9485056781764578,17
2845,13,22,61,9,1.9474617025071013,13
2846,25,20,55,9,1.9429576796619987,11
2847,87,55,64,27,1.9417661106075308,28
2848,107,38,112,19,1.9399789809753514,19
2849,23,14,31,6,1.9392936999416412,8
2850,110,13,104,5,1.938847445081051,8
2851,71,49,7,25,1.9387153694352726,24
2852,77,15,103,7,1.9384473379416856,8
2853,32,10,98,5,1.938005226383161,5
2854,23,14,97,7,1.9330528734436583,7
2855,87,54,109,24,1.93262806746801,30
2856,66,11,3,5,1.9323084142072935,6
2857,41,26,76,14,1.9323052199492383,12
2858,65,30,84,14,1.928864673268391,16
2859,70,19,40,8,1.9276789997691242,11
2860,102,23,51,11,1.9242622041835236,12
2861,114,21,18,10,1.9235772497574426,11
2862,99,11,76,6,1.9173589523208294,5
2863,97,32,106,16,1.9159665785715103,16
2864,110,11,17,5,1.9155371371930712,6
2865,8,65,74,29,1.9128656065638743,36
2866,111,33,16,16,1.9125912453319391,17
2867,17,39,34,20,1.911801999559805,19
2868,68,38,1,18,1.9099752765436635,20
2869,37,20,109,9,1.908398750070837,11
2870,78,37,63,18,1.905896647305326,19
2871,93,12,9,5,1.9054646427528432,7
2872,39,52,54,25,1.8985642042569593,27
2873,55,27,99,12,1.895072402151854,15
2874,52,12,100,5,1.8946165490949367,7
2875,85,12,98,5,1.892963761582925,7
2876,90,37,87,19,1.8914339188745466,18
2877,51,50,109,20,1.888855425473344,30
2878,71,44,86,22,1.8883807510456327,22
2879,25,23,64,11,1.8857238852847764,12
2880,96,16,30,7,1.8850748786904798,9
2881,2,41,8,20,1.8848654476169666,21
2882,72,23,8,12,1.8829021972697353,11
2883,100,57,19,26,1.8760845646642401,31
2884,98,17,19,7,1.875761702707658,10
2885,39,62,27,28,1.8742568395293475,34
2886,8,84,88,40,1.8718556109203217,44
2887,30,16,81,8,1.8705842587540351,8
2888,104,15,92,8,1.8690561053420138,7
2889,53,13,47,6,1.867452050486345,7
2890,60,13,33,5,1.8644268792007332,8
2891,29,36,27,16,1.862710190219295,20
2892,93,21,97,10,1.8583722279909525,11
2893,60,90,16,43,1.8564739333348055,47
2894,53,22,97,10,1.8492466822191047,12
2895,88,65,49,30,1.849113211186693,35
2896,49,29,62,12,1.8483299990260198,17
2897,27,50,11,23,1.8473478300697816,27
2898,50,13,73,5,1.8439270323254195,8
2899,12,18,85,9,1.8411131730635333,9
2900,84,38,96,19,1.8356486827006806,19
2901,17,18,38,8,1.835044678880425,10
2902,95,22,20,11,1.8350043196326213,11
2903,86,78,3,38,1.8322846458945423,40
2904,51,32,103,14,1.831613737640475,18
2905,74,29,13,14,1.8278354237299024,15
2906,44,13,114,6,1.8263733365516688,7
2907,13,44,75,20,1.82625422828726,24
2908,43,53,19,25,1.8262026945752656,28
2909,94,28,86,13,1.8256273703234354,15
2910,102,13,99,6,1.821289341303691,7
2911,55,18,29,9,1.8130539080836594,9
2912,40,18,111,9,1.8104998545748747,9
2913,36,22,25,11,1.807144013826855,11
2914,70,57,86,26,1.80463722039498,31
2915,51,34,31,14,1.8036645224364263,20
2916,29,18,9,9,1.8021042570677095,9
2917,62,19,102,9,1.8008214371485478,10
2918,88,13,45,7,1.7936864388197336,6
2919,107,33,85,16,1.7927255981297012,17
2920,114,35,39,18,1.7909993968165154,17
2921,20,19,48,8,1.7888857426975104,11
2922,97,27,46,13,1.7888516310767923,14
2923,37,25,90,12,1.7816453937181727,13
2924,62,47,87,22,1.7735628992287058,25
2925,9,19,30,8,1.7725720850396782,11
2926,58,16,77,7,1.7691785236904847,9
2927,53,51,65,25,1.7628403003306898,26
2928,8,96,55,48,1.7591507480746835,48
2929,37,98,5,47,1.7580752219846099,51
2930,91,29,13,15,1.7567935360990932,14
2931,54,78,8,34,1.7565177133908374,44
2932,88,37,18,18,1.7539193639392456,19
2933,39,79,13,37,1.752527206578107,42
2934,85,17,88,8,1.7507571303795118,9
2935,79,23,107,10,1.7474071801332398,13
2936,41,50,27,22,1.7436572730759,28
2937,76,30,27,13,1.7427067110546455,17
2938,60,33,36,16,1.7416473627060738,17
2939,18,11,6,5,1.7414584600944842,6
2940,36,37,88,16,1.7392851936744356,21
2941,11,28,102,14,1.7387973463291377,14
2942,9,23,112,10,1.7370284161007252,13
2943,111,16,9,7,1.7347101097492736,9
2944,16,27,44,12,1.7334648777380284,15
2945,103,20,3,11,1.732990158940766,9
2946,106,38,96,17,1.7318320126651967,21
2947,32,13,68,5,1.7311662598089266,8
2948,60,24,1,11,1.730552170717301,13
2949,27,38,43,18,1.7274963713159432,20
2950,77,10,28,5,1.7274479044716262,5
2951,88,25,77,11,1.7210000447837095,14
2952,74,17,43,9,1.720220429736231,8
2953,16,61,72,28,1.7181329014682758,33
2954,104,24,83,10,1.7171480590838881,14
2955,5,51,54,23,1.7127518345022985,28
2956,88,62,28,29,1.7102908597256317,33
2957,66,10,54,5,1.7065646902657796,5
2958,77,10,2,5,1.7047420693819304,5
2959,20,16,102,8,1.6989391239814888,8
2960,19,32,86,16,1.6986617617039832,16
2961,49,15,33,6,1.6985707880959617,9
2962,36,15,23,9,1.697287527418564,6
2963,63,17,95,8,1.6923751834394967,9
2964,65,30,78,13,1.6922088418099972,17
2965,87,104,65,49,1.6895189939198372,55
2966,15,54,87,27,1.6886752752040897,27
2967,73,20,28,10,1.687006788072292,10
2968,77,40,87,19,1.6865402316690912,21
2969,55,58,88,25,1.6855630045879748,33
2970,55,40,106,18,1.6835382667235024,22
2971,39,43,12,20,1.6799981271423818,23
2972,16,41,90,20,1.6799312140304254,21
2973,63,45,7,18,1.673573876629926,27
2974,48,14,104,6,1.673511883025235,8
2975,11,23,94,10,1.671556142402879,13
2976,87,45,84,20,1.6712785926609632,25
2977,45,28,31,13,1.6710870406691025,15
2978,17,17,112,8,1.670998049379022,9
2979,54,19,33,8,1.6683853925492595,11
2980,85,21,16,9,1.6660938255041766,12
2981,114,13,34,7,1.6642874528280043,6
2982,37,47,74,23,1.66281633297112,24
2983,63,24,47,10,1.6623324282821739,14
2984,39,47,19,20,1.6563754565915598,27
2985,41,30,1,13,1.6558361653082903,17
2986,72,18,62,8,1.6557951231896935,10
2987,57,16,104,6,1.6527114989919929,10
2988,36,23,68,11,1.651168634820273,12
2989,13,51,109,25,1.6395687372615342,26
2990,104,26,18,11,1.6361581237581893,15
2991,6,18,68,10,1.6346986227731617,8
2992,64,12,84,7,1.6272082249846804,5
2993,7,22,30,12,1.6270647619511827,10
2994,106,46,88,20,1.6248459493396556,26
2995,8,57,39,29,1.6187019001012433,28
2996,69,18,20,8,1.617076755581312,10
2997,86,69,55,32,1.6142442894532774,37
2998,17,14,80,6,1.6140041509212482,8
2999,30,29,69,14,1.6139022710932394,15
3000,15,26,54,14,1.6106595014683187,12
3001,76,17,18,8,1.601109520179619,9
3002,51,56,37,24,1.5992269438266569,32
3003,91,12,38,6,1.5959128745414664,6
3004,14,11,75,5,1.594721022285634,6
3005,51,24,98,11,1.5914965104039462,13
3006,114,42,7,19,1.5876978285125964,23
3007,104,18,23,10,1.586371905318577,8
3008,27,20,98,10,1.5846794804650375,10
3009,2,15,25,8,1.5845186001024,7
3010,2,34,97,16,1.581483466739766,18
3011,53,24,81,11,1.5814051894912782,13
3012,55,22,90,12,1.578656952498875,10
3013,76,20,95,10,1.5773440780858254,10
3014,74,59,16,29,1.5763144198537753,30
3015,96,34,88,17,1.5755489762598094,17
3016,4,61,13,28,1.56876063127331,33
3017,80,20,11,10,1.5532652275466894,10
3018,43,52,94,25,1.5485361244464173,27
3019,60,53,65,28,1.5454344822227837,25
3020,60,32,9,14,1.541763907829675,18
3021,60,80,7,38,1.5400508999434617,42
3022,68,19,81,9,1.5385400494517059,10
3023,65,94,107,45,1.5382878071098194,49
3024,22,10,86,5,1.5381482899799122,5
3025,39,54,41,28,1.5363749047169115,26
3026,94,35,107,14,1.5336456044178703,21
3027,98,13,79,6,1.5335435073226167,7
3028,60,24,58,12,1.5296571105675618,12
3029,114,20,84,9,1.5282826629009736,11
3030,23,49,86,23,1.5258006277824925,26
3031,35,14,37,7,1.523131742310598,7
3032,78,31,30,15,1.519719382314602,16
3033,107,45,70,23,1.5183987584852088,22
3034,46,12,55,5,1.514859018089967,7
3035,72,31,77,15,1.5141422764127501,16
3036,29,20,43,9,1.5081589544251808,11
3037,68,53,63,25,1.50575560658607,28
3038,27,25,50,10,1.5040884605682736,15
3039,46,52,5,24,1.4974094901037533,28
3040,107,47,25,23,1.4967278623744338,24
3041,112,16,11,8,1.4950492246382474,8
3042,13,86,86,39,1.4942238545984032,47
3043,87,26,112,13,1.492086660519308,13
3044,2,23,74,10,1.4920197761473226,13
3045,88,16,94,9,1.488282221240778,7
3046,27,10,95,4,1.4847422192138044,6
3047,60,74,71,35,1.4843115108657066,39
3048,86,44,77,21,1.4836620718907323,23
3049,30,21,102,11,1.483382510488162,10
3050,67,20,34,8,1.482087506365966,12
3051,87,82,88,40,1.481723717278904,42
3052,37,38,17,16,1.479924510472103,22
3053,68,10,84,4,1.4788993773509214,6
3054,103,17,79,8,1.4762996181953671,9
3055,106,50,11,21,1.4751786277994416,29
3056,35,24,7,12,1.4676220715119486,12
3057,6,13,69,7,1.4672562795661197,6
3058,71,24,3,11,1.4668209780059522,13
3059,2,47,50,22,1.4655399199134267,25
3060,40,64,51,31,1.4624658901194083,33
3061,31,21,47,10,1.4606130980712677,11
3062,12,18,52,8,1.4597821535609574,10
3063,25,23,83,10,1.459720188055504,13
3064,107,131,86,63,1.4543099391367897,68
3065,91,14,90,7,1.453639559044283,7
3066,81,18,65,8,1.452973082856524,10
3067,65,33,80,16,1.4513664238423436,17
3068,106,55,63,27,1.448556681809942,28
3069,75,44,39,23,1.4473715172929777,21
3070,29,45,107,18,1.4469723177138325,27
3071,27,20,81,10,1.446682198592998,10
3072,12,21,38,10,1.44606768522066,11
3073,99,14,27,6,1.4451774655149798,8
3074,65,33,69,16,1.4425642416495112,17
3075,19,22,112,11,1.4419647960353517,11
3076,20,21,97,11,1.4395279608818752,10
3077,50,28,25,14,1.4391705454909005,14
3078,89,21,60,11,1.4364501610048446,10
3079,108,32,86,14,1.4238119794889865,18
3080,36,35,45,19,1.423273124508118,16
3081,88,24,35,12,1.4205575592973045,12
3082,1,11,53,5,1.4196819324858239,6
3083,30,23,106,11,1.4150001393849174,12
3084,12,20,71,10,1.4059148964814137,10
3085,46,25,9,13,1.4052752923291445,12
3086,70,17,95,9,1.4011695857654891,8
3087,74,12,98,6,1.394136813126094,6
3088,19,29,12,16,1.3921833318008658,13
3089,29,47,87,22,1.389980306368887,25
3090,95,12,80,6,1.3888115326852126,6
3091,36,11,29,6,1.3837445576600509,5
3092,62,14,84,7,1.3810102415014267,7
3093,106,30,41,15,1.3806292559177726,15
3094,65,113,63,54,1.3796912612486345,59
3095,52,11,55,5,1.3787566985994324,6
3096,20,36,106,17,1.371361503792123,19
3097,23,22,77,11,1.37016978666684,11
3098,39,37,62,17,1.3681155062123813,20
3099,87,61,55,30,1.3657748995370722,31
3100,25,26,30,14,1.363384718034573,12
3101,41,35,40,18,1.358626645359705,17
3102,50,70,54,34,1.3558875691745103,36
3103,86,38,18,17,1.3540592939037148,21
3104,97,37,88,18,1.3490743629309014,19
3105,108,17,40,9,1.3479697301696891,8
3106,86,89,8,46,1.3465074887539425,43
3107,8,44,104,21,1.3410693202324964,23
3108,6,10,23,5,1.3385415186806267,5
3109,41,41,57,19,1.3346067759194706,22
3110,91,15,57,8,1.3279179810680901,7
3111,16,75,19,33,1.3261572129763854,42
3112,74,18,80,9,1.319966132866856,9
3113,16,48,48,25,1.3151995623254895,23
3114,62,32,65,16,1.314337298660698,16
3115,86,86,20,41,1.3141035216728758,45
3116,94,11,40,5,1.3131730085845268,6
3117,112,32,65,16,1.3122977163439495,16
3118,68,52,9,25,1.3104638696206712,27
3119,9,28,58,13,1.310268135821897,15
3120,32,14,51,7,1.3093866254236395,7
3121,41,28,114,14,1.307338108043566,14
3122,107,74,63,39,1.3057879270213837,35
3123,5,44,13,21,1.3023509853743034,23
3124,51,91,107,39,1.3008406750639327,52
3125,15,41,68,18,1.2999611619233393,23
3126,41,47,68,23,1.2976062488793099,24
3127,34,31,11,14,1.296203071280123,17
3128,11,27,29,13,1.2961292923128658,14
3129,7,22,8,10,1.2952715014492373,12
3130,88,39,4,19,1.294921220761057,20
3131,108,23,60,11,1.29428465385161,12
3132,62,21,11,10,1.2893955559956798,11
3133,51,19,99,10,1.2892082407104484,9
3134,76,34,19,16,1.2877409537338131,18
3135,76,24,88,12,1.2876347721936485,12
3136,66,17,72,7,1.2819330482563256,10
3137,96,59,107,27,1.2779661064945878,32
3138,34,10,91,5,1.2767116469837227,5
3139,57,13,35,5,1.2766228565175344,8
3140,71,11,1,6,1.2732152302328021,5
3141,6,12,100,6,1.2723378615799017,6
3142,60,29,28,16,1.272111001147211,13
3143,57,18,49,8,1.2683352845717475,10
3144,52,15,65,8,1.262826215370322,7
3145,92,12,107,5,1.2625916923530776,7
3146,81,20,18,10,1.2612198373935404,10
3147,47,17,19,8,1.2608828610261413,9
3148,93,10,79,5,1.2606355667564615,5
3149,114,18,49,10,1.2604600332250735,8
3150,9,37,63,18,1.2589023707877973,19
3151,38,20,51,10,1.2575366142186466,10
3152,17,42,13,21,1.2570532505054286,21
3153,65,51,15,25,1.2546222571535903,26
3154,13,61,9,28,1.2504419702657084,33
3155,11,31,74,15,1.2464065422784565,16
3156,91,20,37,10,1.2413018923540677,10
3157,71,25,31,12,1.2380158081615484,13
3158,39,42,50,20,1.237297066410004,22
3159,68,76,27,36,1.2367720795392603,40
3160,28,39,25,17,1.2338977751460145,22
3161,66,16,9,7,1.2335487286820452,9
3162,55,17,41,8,1.220974525083998,9
3163,112,51,16,25,1.2207004808764241,26
3164,95,17,77,8,1.2206054516856415,9
3165,71,37,88,16,1.218508421155273,21
3166,66,17,51,8,1.2164278063930316,9
3167,25,33,97,16,1.2112097532933517,17
3168,47,12,76,8,1.2091645579998245,4
3169,8,33,48,16,1.2090868114966704,17
3170,28,65,5,32,1.2040234196998174,33
3171,90,15,33,7,1.2020135668608967,8
3172,20,20,76,11,1.195513412586339,9
3173,25,67,16,32,1.1932865297100734,35
3174,68,18,74,7,1.1930607364890244,11
3175,98,15,60,7,1.188577253485572,8
3176,87,16,110,7,1.1878037867151132,9
3177,49,28,9,15,1.1870965912725642,13
3178,76,31,96,14,1.1853039288193863,17
3179,33,12,77,6,1.1756675735500741,6
3180,83,35,55,18,1.174944809247691,17
3181,44,13,75,7,1.169380882277211,6
3182,100,34,62,17,1.1692002604569447,17
3183,54,85,107,42,1.1626549744549326,43
3184,70,24,41,13,1.154537329956712,11
3185,17,33,50,17,1.1518911540029002,16
3186,79,17,7,8,1.150116600366683,9
3187,51,19,58,9,1.150079328736186,10
3188,98,17,57,8,1.1470460176345278,9
3189,17,10,33,5,1.1464162819529016,5
3190,43,11,95,5,1.1446531804765827,6
3191,17,37,39,17,1.1422691868893706,20
3192,8,14,56,7,1.138262181129431,7
3193,87,26,52,13,1.137456454355296,13
3194,88,27,90,12,1.1337889641393057,15
3195,36,26,106,13,1.1307287364062795,13
3196,3,26,31,14,1.1304098830558913,12
3197,79,17,88,8,1.1249704502892566,9
3198,69,28,19,13,1.12274464710603,15
3199,57,42,13,22,1.1222847149141768,20
3200,28,25,57,12,1.1208866402447313,13
3201,29,19,7,7,1.117067463392933,12
3202,100,14,61,7,1.1138239851805005,7
3203,63,17,58,7,1.1113806593996052,10
3204,73,13,55,6,1.1082443575059628,7
3205,4,32,107,15,1.1053879522342496,17
3206,96,18,2,9,1.1039761816908875,9
3207,27,37,57,19,1.1033906612223556,18
3208,70,39,106,20,1.1024614638047314,19
3209,34,24,50,12,1.1020664531949347,12
3210,16,77,57,36,1.0992347487680032,41
3211,18,35,41,18,1.098384167284529,17
3212,19,17,102,7,1.0910566361497018,10
3213,42,14,69,7,1.0889746986073447,7
3214,93,11,94,4,1.0822019157683678,7
3215,62,23,76,11,1.0792355388180026,12
3216,75,27,74,12,1.0761366724331511,15
3217,64,19,97,9,1.0748997556853976,10
3218,28,61,109,28,1.0738097371372834,33
3219,88,21,89,10,1.0718351353910898,11
3220,9,16,97,9,1.0715415510849877,7
3221,67,20,37,9,1.070770052763525,11
3222,58,14,71,7,1.0679524363994424,7
3223,3,44,60,21,1.0597090467748502,23
3224,100,14,44,7,1.0590413147864144,7
3225,3,22,58,12,1.0556648267196655,10
3226,86,39,38,18,1.0547313169805967,21
3227,103,54,16,28,1.052419794650176,26
3228,68,42,104,21,1.0507036529928548,21
3229,71,18,45,10,1.0500246166344471,8
3230,104,23,17,11,1.0458379273038076,12
3231,49,11,91,5,1.0426488720953477,6
3232,104,16,33,7,1.0375486456158094,9
3233,80,17,60,9,1.0365050448794264,8
3234,104,38,74,17,1.0321539192468763,21
3235,63,20,44,9,1.0233184771026445,11
3236,64,12,90,6,1.0226762518657313,6
3237,87,84,11,39,1.0224933521024777,45
3238,33,31,16,17,1.021253352666774,14
3239,8,34,49,17,1.020408759114468,17
3240,79,13,9,7,1.0203716742776936,6
3241,30,66,19,31,1.01819608239916,35
3242,20,17,85,8,1.0120202947249686,9
3243,91,20,18,9,1.0069076377111847,11
3244,114,11,93,6,1.0049906589581667,5
3245,86,31,53,13,0.9974427707068927,18
3246,76,37,39,16,0.9969073892313128,21
3247,86,41,112,19,0.9922807857596481,22
3248,43,13,48,7,0.9891423928749106,6
3249,37,42,65,19,0.988736357368918,23
3250,20,13,27,6,0.9871413726704082,7
3251,69,32,107,15,0.9867318989974718,17
3252,54,19,112,9,0.9843355592348286,10
3253,43,10,92,4,0.9836040223889839,6
3254,86,38,2,20,0.9822306710469796,18
3255,7,81,41,40,0.9794700083084562,41
3256,93,19,84,8,0.9776365381665071,11
3257,61,13,39,7,0.9776304076631862,6
3258,68,15,102,7,0.9774478191416416,8
3259,107,65,5,32,0.9748363761521168,33
3260,70,10,62,5,0.9747108971050832,5
3261,78,12,9,6,0.9745877106891233,6
3262,114,31,20,15,0.9686487519699057,16
3263,7,91,65,47,0.9659125099226098,44
3264,77,35,18,15,0.9630191535077136,20
3265,71,34,8,17,0.9628252268322728,17
3266,104,38,106,19,0.9604760273979267,19
3267,15,55,19,26,0.9578260835405309,29
3268,108,42,107,20,0.9533935254940742,22
3269,63,23,53,11,0.9461903574639025,12
3270,90,10,103,5,0.937267034161119,5
3271,46,22,41,10,0.9370339102063082,12
3272,89,21,29,10,0.931980376914534,11
3273,3,30,9,15,0.9265694640511716,15
3274,55,24,4,12,0.9256101911535765,12
3275,95,32,7,15,0.9236786450564196,17
3276,75,27,114,13,0.9181862737012535,14
3277,72,19,60,9,0.9143767974142858,10
3278,39,14,1,5,0.9120351629887123,9
3279,36,35,75,19,0.9076169876586814,16
3280,6,14,50,7,0.9048960894988062,7
3281,60,12,111,7,0.901998030050083,5
3282,62,14,50,6,0.9017457082495477,8
3283,78,17,55,9,0.9002458878614119,8
3284,12,16,76,9,0.897464731380323,7
3285,107,91,28,43,0.8970764795683025,48
3286,86,57,9,29,0.8962993918202342,28
3287,39,24,70,11,0.8958543413772162,13
3288,106,71,28,34,0.8945808420172994,37
3289,64,16,47,7,0.8911330622653795,9
3290,55,27,3,13,0.889351927209094,14
3291,9,19,69,9,0.8879210172039291,10
3292,83,21,88,11,0.8798897555023121,10
3293,86,89,39,45,0.8776646402408599,44
3294,12,13,29,6,0.8751444942400031,7
3295,41,15,48,7,0.8735829617761527,8
3296,104,22,43,10,0.8731107554850521,12
3297,66,12,27,6,0.8729397609022103,6
3298,27,15,1,6,0.8721383199452204,9
3299,60,17,84,10,0.8716143564890761,7
3300,94,11,47,5,0.8667479929831174,6
3301,54,111,65,54,0.8660420311677451,57
3302,86,75,57,36,0.8647383552328988,39
3303,10,10,114,4,0.8617397018011357,6
3304,100,58,39,29,0.8612772013311619,29
3305,16,10,22,5,0.856518199490958,5
3306,72,52,87,26,0.855284015092242,26
3307,63,31,27,14,0.8537649484268142,17
3308,33,15,95,7,0.8491128905949068,8
3309,79,23,84,11,0.8428978656974995,12
3310,37,24,100,11,0.8361893314053773,13
3311,13,34,34,17,0.8338743360773314,17
3312,2,16,46,8,0.8285194662826778,8
3313,29,12,106,6,0.8264692442725412,6
3314,18,33,12,17,0.8241150325831366,16
3315,81,27,88,13,0.8225284845495021,14
3316,84,15,95,7,0.8218033746912392,8
3317,114,19,45,9,0.820568913201756,10
3318,57,18,20,9,0.8178941572060074,9
3319,23,11,19,5,0.8175991137149171,6
3320,13,15,35,7,0.81376153494348,8
3321,64,48,88,22,0.8099410279440211,26
3322,56,14,40,7,0.8062835825274118,7
3323,100,22,17,9,0.8054576821865731,13
3324,63,54,87,25,0.8053876890559839,29
3325,30,26,40,13,0.8045580871786273,13
3326,64,31,27,15,0.8011389808774306,16
3327,2,22,88,11,0.7956469041111253,11
3328,1,36,107,18,0.792741418555241,18
3329,33,22,87,10,0.791696856133381,12
3330,65,61,12,31,0.7915819769678686,30
3331,28,16,89,7,0.7901986413516666,9
3332,75,14,33,6,0.7900898585820573,8
3333,19,34,68,16,0.7895435672953289,18
3334,4,18,104,10,0.7872554057904755,8
3335,109,16,47,8,0.7871811619003324,8
3336,39,49,47,23,0.7851889909174609,26
3337,68,23,43,12,0.7846724466731662,11
3338,30,47,51,23,0.781796847325333,24
3339,87,22,99,10,0.7762165713325079,12
3340,88,32,69,15,0.7753807063240763,17
3341,20,41,51,22,0.7739635282271321,19
3342,95,14,100,6,0.7733599760917211,8
3343,68,64,60,33,0.7655380923161711,31
3344,47,27,65,13,0.7649117411143579,14
3345,93,15,3,6,0.7634421017965243,9
3346,95,55,86,25,0.7570140635444287,30
3347,8,68,37,34,0.7513899671656665,34
3348,14,15,13,6,0.751185424264851,9
3349,11,47,76,23,0.749127180425144,24
3350,51,15,44,9,0.7467242677105251,6
3351,46,24,84,11,0.7446057703540031,13
3352,107,43,97,21,0.7437976748281456,22
3353,36,13,74,5,0.7437175733038418,8
3354,109,27,106,14,0.7430675694349274,13
3355,87,57,60,30,0.7419795874248714,27
3356,7,12,108,5,0.7404080910313966,7
3357,25,24,15,13,0.7394428200536313,11
3358,40,77,86,36,0.735275767181436,41
3359,68,38,77,17,0.7343942735731206,21
3360,28,57,11,27,0.733863128330741,30
3361,34,22,3,10,0.733728273284704,12
3362,19,34,65,17,0.7329370882543191,17
3363,103,12,106,5,0.7328239321562169,7
3364,30,41,54,20,0.7319528169248138,21
3365,39,67,65,35,0.7318202375681624,32
3366,95,41,5,21,0.7316066534315495,20
3367,68,89,51,41,0.7293513016782857,48
3368,8,13,89,6,0.7293319374406646,7
3369,46,58,54,29,0.7282188233281477,29
3370,71,10,96,5,0.7278695572627853,5
3371,57,10,4,4,0.7276499847388465,6
3372,92,31,88,15,0.7260589770500642,16
3373,15,22,64,10,0.7194942356138029,12
3374,86,82,109,40,0.7173675612978611,42
3375,37,51,28,24,0.7168710662114339,27
3376,61,18,40,9,0.715489570683085,9
3377,8,72,106,37,0.7133251026811394,35
3378,43,18,71,10,0.7122285277146779,8
3379,87,18,44,9,0.7101293456244441,9
3380,64,23,38,11,0.707451399642146,12
3381,106,18,27,7,0.7074485049679642,11
3382,41,20,54,10,0.7052079558025968,10
3383,87,46,104,24,0.7029218509880973,22
3384,45,16,3,8,0.6997435754221073,8
3385,103,26,76,15,0.6977497875510184,11
3386,86,98,65,51,0.6974726074215498,47
3387,50,29,9,14,0.6932669196756267,15
3388,100,19,85,9,0.692145009111035,10
3389,69,27,11,14,0.6919460086860773,13
3390,78,29,84,15,0.6870815538251351,14
3391,18,19,25,10,0.6816652439852796,9
3392,69,40,87,21,0.6806817652073741,19
3393,29,24,8,10,0.6801150064661755,14
3394,72,13,91,6,0.6793597084818658,7
3395,50,10,38,4,0.6752935140977933,6
3396,93,18,37,8,0.6735242225279052,10
3397,81,33,60,16,0.6720214795360957,17
3398,48,21,60,10,0.6714503253808508,11
3399,71,24,55,13,0.6670673084821276,11
3400,47,32,51,17,0.6670636230393004,15
3401,23,23,3,11,0.6655599327569631,12
3402,12,22,72,12,0.6575846906143135,10
3403,68,76,65,38,0.6569278898882531,38
3404,74,16,90,9,0.65421251535055,7
3405,49,34,7,16,0.6498930091293172,18
3406,75,50,88,24,0.6490595256191717,26
3407,2,10,109,5,0.6444253237530845,5
3408,85,15,69,7,0.6408165415497196,8
3409,25,25,41,14,0.6394054706376694,11
3410,15,36,49,16,0.6386914766589886,20
3411,6,18,51,10,0.6381605805799537,8
3412,50,22,43,12,0.638144064643618,10
3413,111,17,36,8,0.6365354853619519,9
3414,13,34,20,16,0.6324978295967632,18
3415,4,28,64,13,0.6316212138641669,15
3416,87,11,22,4,0.6297643541071193,7
3417,109,30,84,14,0.6283430275726476,16
3418,36,33,71,17,0.6241330409639588,16
3419,29,30,77,16,0.6226110152362433,14
3420,9,17,81,8,0.6212818094890723,9
3421,76,23,37,10,0.6195085365451084,13
3422,40,12,38,5,0.617907919478443,7
3423,31,22,58,11,0.616855370373501,11
3424,76,29,46,14,0.6078150500139488,15
3425,91,16,70,7,0.6063303701253766,9
3426,63,15,34,7,0.6010869874219991,8
3427,71,32,106,15,0.6009609652453838,17
3428,111,10,12,6,0.6003907747378712,4
3429,71,10,23,4,0.6000287508458293,6
3430,79,22,8,10,0.596047638444006,12
3431,39,70,15,36,0.5935974612498409,34
3432,78,27,88,14,0.5921971540070259,13
3433,76,13,36,4,0.5885035889042637,9
3434,86,98,30,50,0.5838604669841301,48
3435,63,28,112,14,0.5834223269951258,14
3436,13,27,45,13,0.582600698562669,14
3437,15,17,17,9,0.5792844725575113,8
3438,28,26,98,11,0.5775231479620817,15
3439,70,33,51,17,0.5766573461400448,16
3440,88,60,9,29,0.5756732724314684,31
3441,41,32,75,17,0.57538170131953,15
3442,69,15,71,8,0.5724150990318982,7
3443,64,17,81,8,0.5669312262343831,9
3444,71,13,78,6,0.56619632387446,7
3445,100,60,30,28,0.5627549497485371,32
3446,64,29,100,13,0.5620875680015568,16
3447,83,10,2,5,0.5594397265150789,5
3448,78,62,16,31,0.5591176697612448,31
3449,16,74,15,36,0.5564767963179026,38
3450,103,44,87,21,0.5559871853872344,23
3451,68,73,86,37,0.5539989086580965,36
3452,74,44,54,21,0.5510628960849681,23
3453,92,17,7,7,0.5480230211986085,10
3454,106,10,1,5,0.5396528610114324,5
3455,6,22,107,11,0.5355439544398269,11
3456,17,11,88,4,0.5330720941070787,7
3457,100,26,69,13,0.5321674487070288,13
3458,4,24,77,12,0.5234491201479384,12
3459,97,10,43,5,0.5231950290778637,5
3460,74,14,27,8,0.5219215520059601,6
3461,29,15,53,6,0.5213542793701306,9
3462,89,13,62,7,0.5207091343493782,6
3463,112,10,66,4,0.5146742754382652,6
3464,112,20,51,10,0.5141422831615046,10
3465,4,18,9,9,0.5118055197130298,9
3466,54,41,7,20,0.5072416292031929,21
3467,87,37,47,19,0.5071641743984844,18
3468,111,51,68,26,0.5032623987049997,25
3469,88,35,31,18,0.4999807976090581,17
3470,38,13,114,6,0.49067913419821746,7
3471,62,12,97,6,0.490051403125013,6
3472,30,61,27,31,0.4869648075868821,30
3473,84,80,107,39,0.48662393295564865,41
3474,88,40,20,21,0.4827222531499379,19
3475,7,19,48,10,0.48075396413828586,9
3476,54,20,62,10,0.48075198509246564,10
3477,107,72,114,36,0.4790116249707105,36
3478,95,28,74,13,0.4784255086028103,15
3479,29,27,76,13,0.47622564943107304,14
3480,25,51,39,26,0.47594650511842773,25
3481,38,17,18,9,0.4756313871056426,8
3482,7,60,18,31,0.4748651156903118,29
3483,62,33,27,15,0.4732354134121797,18
3484,63,42,5,18,0.4718441296207792,24
3485,23,36,51,18,0.4693009266846338,18
3486,65,54,31,26,0.4691388746969232,28
3487,7,10,22,5,0.46832977832412503,5
3488,5,10,78,6,0.46671252280804226,4
3489,12,18,50,7,0.46586470667488683,11
3490,106,101,86,50,0.4658315283344795,51
3491,65,11,21,6,0.46273082007848293,5
3492,12,26,88,12,0.4625051791637989,14
3493,107,36,46,19,0.458246310756249,17
3494,72,26,43,13,0.4519116453690262,13
3495,106,45,50,21,0.450853387486715,24
3496,16,47,114,22,0.4504343015160457,25
3497,13,33,112,17,0.44654566712440297,16
3498,80,11,9,7,0.4439834453330443,4
3499,90,15,11,7,0.4409004522210786,8
3500,39,73,11,35,0.43998113902862446,38
3501,40,49,63,25,0.43519783962840436,24
3502,40,43,31,22,0.4296271974626762,21
3503,16,38,12,19,0.42918825126716137,19
3504,16,61,43,29,0.4261353708437383,32
3505,27,15,61,8,0.4250644477983035,7
3506,41,79,13,40,0.422698302829954,39
3507,87,80,51,40,0.419961953126886,40
3508,112,18,69,10,0.4198013383725023,8
3509,16,31,98,16,0.41976347120600754,15
3510,78,16,38,8,0.4172293933616711,8
3511,5,14,38,7,0.41683785462955975,7
3512,109,30,34,15,0.41518711983885753,15
3513,31,33,86,17,0.41076921803924654,16
3514,96,39,55,20,0.40999901205957556,19
3515,50,18,79,9,0.40910464935228613,9
3516,43,20,12,11,0.4082921247623329,9
3517,17,11,26,5,0.4065653808604262,6
3518,63,54,11,24,0.4051858334293069,30
3519,60,35,18,17,0.40000420272155157,18
3520,13,97,49,44,0.3942725488337287,53
3521,78,31,29,16,0.3917133589340771,15
3522,102,14,84,7,0.3912018744364834,7
3523,8,13,44,6,0.3904420875790021,7
3524,50,19,89,9,0.3889433495588358,10
3525,69,30,36,15,0.38598798110098687,15
3526,79,12,78,6,0.38583207842589995,6
3527,103,26,15,12,0.37964583424350207,14
3528,114,28,71,14,0.3795577437704564,14
3529,37,13,48,6,0.3793970201456422,7
3530,70,22,97,12,0.3783758219642569,10
3531,14,18,84,8,0.3778390349649412,10
3532,63,27,60,13,0.37326617266532824,14
3533,40,21,75,10,0.3686371386700514,11
3534,95,26,28,12,0.36814720179538235,14
3535,49,52,19,25,0.3612989094697539,27
3536,28,14,44,8,0.3571298728778931,6
3537,34,13,75,6,0.35287672494659683,7
3538,53,59,13,31,0.3521849621376953,28
3539,108,11,69,7,0.3504283321129652,4
3540,78,57,57,28,0.3500760488841161,29
3541,51,42,53,20,0.3483792890012145,22
3542,63,11,82,5,0.34593533956848593,6
3543,94,16,33,8,0.34380946136701285,8
3544,111,12,18,6,0.34349474631160665,6
3545,106,14,66,6,0.34287379392296863,8
3546,48,15,19,8,0.3426076067275109,7
3547,57,15,95,6,0.3413524322360248,9
3548,17,12,69,6,0.3399205773020941,6
3549,84,19,91,9,0.338597737579075,10
3550,109,13,4,6,0.33809070228925237,7
3551,5,61,87,30,0.3370261398348081,31
3552,83,20,106,11,0.3316445649094074,9
3553,39,55,55,26,0.327344669064615,29
3554,30,25,72,12,0.32674128476440356,13
3555,8,57,70,28,0.32660941887077904,29
3556,87,26,2,13,0.32619162405938884,13
3557,80,17,71,9,0.3237123360021252,8
3558,57,26,102,13,0.3234085467610229,13
3559,18,46,28,22,0.32313224084926334,24
3560,50,63,86,33,0.32248983371062373,30
3561,83,25,28,14,0.31931308670237557,11
3562,50,46,13,23,0.3183740832997801,23
3563,114,22,69,10,0.3170624988990175,12
3564,27,25,108,13,0.3163478963551657,12
3565,11,16,114,9,0.31453322621159063,7
3566,11,34,78,18,0.31349808902661863,16
3567,16,41,40,20,0.3129456302783174,21
3568,107,44,18,24,0.3125789428020784,20
3569,60,48,53,25,0.3118269913878406,23
3570,96,51,87,26,0.31095451157976556,25
3571,15,19,41,10,0.3105460012311623,9
3572,64,12,28,6,0.3078927557568371,6
3573,23,19,111,11,0.30722018824926817,8
3574,65,112,13,57,0.3036291464684758,55
3575,85,34,86,16,0.30043079848706666,18
3576,90,28,60,13,0.29376548989314444,15
3577,54,26,18,13,0.2929951334431298,13
3578,47,13,91,6,0.2919938008476733,7
3579,27,17,25,9,0.2912949474117434,8
3580,20,11,108,6,0.2890337641084793,5
3581,86,62,15,32,0.28849584863375216,30
3582,43,20,8,11,0.28422499135382606,9
3583,90,10,98,5,0.2818861887378333,5
3584,67,12,25,6,0.2816428039469052,6
3585,96,12,67,7,0.2799650125910983,5
3586,7,20,70,8,0.27895885562123496,12
3587,53,18,5,8,0.2778213329671466,10
3588,97,14,49,8,0.276775832531503,6
3589,36,11,38,4,0.2667921507986764,7
3590,22,16,109,8,0.26617483465115477,8
3591,17,15,91,7,0.26423233992702466,8
3592,43,22,114,12,0.26405625020379975,10
3593,109,26,49,13,0.2606921490129186,13
3594,39,19,4,9,0.2603628586605467,10
3595,16,59,41,28,0.25750275907125997,31
3596,4,32,68,16,0.2573095525279982,16
3597,4,16,30,8,0.2549680926160687,8
3598,40,25,47,14,0.24655985846699083,11
3599,39,11,93,6,0.24650819188031292,5
3600,69,43,51,22,0.24445202829272475,21
3601,27,67,51,33,0.2427966548377877,34
3602,72,27,107,13,0.2408089842705413,14
3603,65,10,110,6,0.23968670854518379,4
3604,54,85,86,41,0.2356703589086235,44
3605,51,16,61,6,0.23498173360609398,10
3606,88,25,93,14,0.2346836303137904,11
3607,93,13,51,7,0.23291171077771639,6
3608,65,10,101,5,0.22906131925900258,5
3609,3,38,88,19,0.22718638777347913,19
3610,79,31,48,16,0.22311337916674606,15
3611,82,15,28,8,0.2205286984952181,7
3612,60,68,107,33,0.21980397725110012,35
3613,37,38,88,19,0.21837047991817124,19
3614,17,21,84,10,0.21599839278237065,11
3615,53,21,44,9,0.21221133134211373,12
3616,106,20,48,10,0.20449983406695527,10
3617,78,22,94,11,0.20381830464933717,11
3618,43,36,88,17,0.198258565418297,19
3619,112,18,72,9,0.19365171750841212,9
3620,7,79,39,41,0.19327466006546398,38
3621,39,83,87,41,0.18956108057814036,42
3622,76,18,108,9,0.18864761121169643,9
3623,44,15,65,6,0.18351226600641293,9
3624,11,98,16,45,0.182300840141394,53
3625,50,25,114,12,0.18060110833647136,13
3626,43,23,106,11,0.17255495280345076,12
3627,20,48,8,24,0.17245365752257427,24
3628,15,20,62,10,0.1715539886765498,10
3629,106,28,100,13,0.1677556244233467,15
3630,75,57,65,29,0.16394853878537058,28
3631,17,29,68,15,0.16206629975870687,14
3632,74,20,108,11,0.16204972626611253,9
3633,7,51,4,26,0.16136746029798288,25
3634,76,39,104,18,0.16127355259141732,21
3635,7,16,83,7,0.15765677447455673,9
3636,79,14,55,7,0.15414527044248416,7
3637,41,22,94,10,0.14625612851966724,12
3638,37,41,114,19,0.14487606275647452,22
3639,73,10,25,5,0.13287312364388484,5
3640,88,28,19,13,0.13250310720755332,15
3641,33,16,114,9,0.1306594611288726,7
3642,69,25,7,13,0.12779683769017072,12
3643,52,17,16,9,0.1158049551506922,8
3644,80,23,84,12,0.11286096846693006,11
3645,68,10,79,4,0.11002938828097016,6
3646,97,10,94,6,0.10576953599255426,4
3647,11,10,73,5,0.1054273387277771,5
3648,2,18,84,9,0.10504403066305122,9
3649,87,69,54,33,0.09884106557435604,36
3650,74,39,25,20,0.09563368284675952,19
3651,16,51,34,27,0.09547894196656649,24
3652,114,29,36,13,0.0921312858778607,16
3653,60,21,62,10,0.09015235921891117,11
3654,78,17,109,9,0.08773786963571444,8
3655,114,48,104,25,0.08363522002227851,23
3656,84,37,88,17,0.08333477514829642,20
3657,62,10,95,5,0.0814782186148065,5
3658,97,36,74,17,0.07931920932357457,19
3659,3,73,51,39,0.07746228641669775,34
3660,74,24,18,13,0.07395269221669398,11
3661,27,18,18,9,0.07186590608419113,9
3662,106,21,40,10,0.0680825308022658,11
3663,8,44,30,23,0.06496408593076701,21
3664,39,52,63,30,0.0630675230274347,22
3665,51,56,9,27,0.06289520250725894,29
3666,75,46,55,21,0.06023477871620806,25
3667,48,23,109,11,0.056413754859006945,12
3668,87,47,74,23,0.05355029116061811,24
3669,16,43,108,21,0.05107644192151077,22
3670,55,66,51,33,0.050276849060499694,33
3671,98,21,50,11,0.04841640747209045,10
3672,73,16,106,8,0.047003862193632395,8
3673,13,35,38,15,0.04693716989254577,20
3674,83,17,51,10,0.04607341431682118,7
3675,15,28,104,14,0.04354031934497942,14
3676,31,11,97,5,0.04256244744109594,6
3677,9,10,73,5,0.04170228259349536,5
3678,76,35,30,19,0.03906954275326707,16
3679,100,44,8,22,0.03778187011993821,22
3680,112,12,12,7,0.037452763165636206,5
3681,23,18,109,9,0.03305007667392977,9
3682,88,12,110,7,0.03270549440561658,5
3683,51,40,18,18,0.03150467733021017,22
3684,31,11,8,5,0.02937900525924807,6
3685,72,26,103,14,0.027568733206550726,12
3686,58,18,100,10,0.023617119288312536,8
3687,54,30,64,14,0.022365756253541966,16
3688,46,67,88,35,0.014583283352867883,32
3689,80,18,8,10,0.01264063172158774,8
3690,77,35,65,19,0.01039955185693669,16
3691,109,17,83,7,0.009729329647016893,10
3692,103,13,37,8,0.006347929382525964,5
3693,57,25,55,14,0.005686766813275881,11
3694,7,100,107,55,0.0045269968653226115,45
3695,107,100,7,45,-0.004526996865322238,55
3696,55,25,57,11,-0.005686766813278013,14
3697,37,13,103,5,-0.006347929382526511,8
3698,106,47,76,26,-0.009505075346388465,21
3699,83,17,109,10,-0.009729329647015561,7
3700,65,35,77,16,-0.01039955185693811,19
3701,8,18,80,8,-0.012640631721588136,10
3702,88,67,46,32,-0.014583283352867446,35
3703,64,30,54,16,-0.02236575625354161,14
3704,100,18,58,8,-0.023617119288314115,10
3705,103,26,72,12,-0.02756873320654977,14
3706,8,11,31,6,-0.02937900525924678,5
3707,18,40,51,22,-0.03150467733021017,18
3708,110,12,88,5,-0.032705494405616285,7
3709,109,18,23,9,-0.033050076673930166,9
3710,12,12,112,5,-0.037452763165636206,7
3711,8,44,100,22,-0.03778187011993732,22
3712,30,35,76,16,-0.03906954275326525,19
3713,73,10,9,5,-0.04170228259349358,5
3714,97,11,31,6,-0.04256244744109594,5
3715,104,28,15,14,-0.0435403193449772,14
3716,51,17,83,7,-0.04607341431682181,10
3717,38,35,13,20,-0.04693716989254555,15
3718,106,16,73,8,-0.04700386219363217,8
3719,50,21,98,10,-0.048416407472091784,11
3720,51,66,55,33,-0.05027684906049733,33
3721,108,43,16,22,-0.051076441921511104,21
3722,74,47,87,24,-0.053550291160618865,23
3723,109,23,48,12,-0.05641375485900662,11
3724,55,46,75,25,-0.060234778716207416,21
3725,9,56,51,29,-0.06289520250725868,27
3726,63,52,39,22,-0.06306752302743374,30
3727,30,44,8,21,-0.06496408593076741,23
3728,40,21,106,11,-0.06808253080226648,10
3729,18,18,27,9,-0.07186590608419152,9
3730,18,24,74,11,-0.07395269221669472,13
3731,51,73,3,34,-0.07746228641669678,39
3732,74,36,97,19,-0.07931920932357497,17
3733,11,66,107,32,-0.08031185219657075,34
3734,95,10,62,5,-0.08147821861480545,5
3735,88,37,84,20,-0.08333477514829642,17
3736,104,48,114,23,-0.08363522002227874,25
3737,109,17,78,8,-0.08773786963571381,9
3738,62,21,60,11,-0.09015235921891082,10
3739,36,29,114,16,-0.09213128587785951,13
3740,20,18,93,10,-0.09396642945465869,8
3741,34,51,16,24,-0.09547894196656494,27
3742,25,39,74,19,-0.09563368284675924,20
3743,54,69,87,36,-0.09884106557435471,33
3744,84,18,2,9,-0.10504403066305122,9
3745,73,10,11,5,-0.10542733872777674,5
3746,94,10,97,4,-0.10576953599255319,6
3747,79,10,68,6,-0.11002938828097086,4
3748,84,23,80,11,-0.11286096846693021,12
3749,16,17,52,8,-0.11580495515069199,9
3750,7,25,69,12,-0.12779683769017072,13
3751,114,16,33,7,-0.13065946112887206,9
3752,19,28,88,15,-0.13250310720755293,13
3753,25,10,73,5,-0.13287312364388448,5
3754,114,41,37,22,-0.14487606275647522,19
3755,94,22,41,12,-0.1462561285196677,10
3756,55,14,79,7,-0.1541452704424852,7
3757,83,16,7,9,-0.15765677447455717,7
3758,104,39,76,21,-0.1612735525914166,18
3759,4,51,7,25,-0.16136746029798252,26
3760,108,20,74,9,-0.16204972626611233,11
3761,68,29,17,14,-0.16206629975870612,15
3762,65,57,75,28,-0.16394853878537097,29
3763,100,28,106,15,-0.1677556244233485,13
3764,107,40,90,21,-0.16941940404881964,19
3765,62,20,15,10,-0.17155398867655056,10
3766,8,48,20,24,-0.17245365752257383,24
3767,106,23,43,12,-0.17255495280344985,11
3768,114,25,50,13,-0.18060110833647136,12
3769,65,15,44,9,-0.18351226600641318,6
3770,108,18,76,9,-0.1886476112116967,9
3771,87,83,39,42,-0.1895610805781377,41
3772,39,79,7,38,-0.19327466006546265,41
3773,72,18,112,9,-0.1936517175084127,9
3774,88,36,43,19,-0.19825856541829623,17
3775,94,22,78,11,-0.20381830464933726,11
3776,44,21,53,12,-0.2122113313421144,9
3777,84,21,17,11,-0.21599839278237148,10
3778,88,38,37,19,-0.21837047991817116,19
3779,107,68,60,35,-0.21980397725110012,33
3780,28,15,82,7,-0.2205286984952181,8
3781,48,31,79,15,-0.22311337916674676,16
3782,88,38,3,19,-0.22718638777347971,19
3783,76,30,102,14,-0.22819923054500169,16
3784,101,10,65,5,-0.22906131925900355,5
3785,51,13,93,6,-0.2329117107777153,7
3786,93,25,88,11,-0.23468363031378975,14
3787,61,16,51,10,-0.23498173360609353,6
3788,86,85,54,44,-0.23567035890862395,41
3789,110,10,65,4,-0.2396867085451845,6
3790,107,27,72,14,-0.2408089842705413,13
3791,51,67,27,34,-0.2427966548377882,33
3792,51,43,69,21,-0.24445202829272533,22
3793,93,11,39,5,-0.24650819188031328,6
3794,47,25,40,11,-0.2465598584669911,14
3795,30,16,4,8,-0.25496809261606845,8
3796,68,32,4,16,-0.25730955252800053,16
3797,41,59,16,31,-0.2575027590712587,28
3798,4,19,39,10,-0.26036285866054654,9
3799,49,26,109,13,-0.2606921490129187,13
3800,114,22,43,10,-0.2640562502037996,12
3801,91,15,17,8,-0.2642323399270249,7
3802,109,16,22,8,-0.2661748346511539,8
3803,38,11,36,7,-0.26679215079867674,4
3804,49,14,97,6,-0.27677583253150245,8
3805,5,18,53,10,-0.27782133296714684,8
3806,70,20,7,12,-0.2789588556212364,8
3807,67,12,96,5,-0.2799650125910977,7
3808,25,12,67,6,-0.2816428039469052,6
3809,98,10,90,5,-0.2818861887378329,5
3810,8,20,43,9,-0.28422499135382606,11
3811,15,62,86,30,-0.28849584863375205,32
3812,108,11,20,5,-0.289033764108479,6
3813,25,17,27,8,-0.29129494741174317,9
3814,91,13,47,7,-0.2919938008476733,6
3815,18,26,54,13,-0.2929951334431304,13
3816,60,28,90,15,-0.29376548989314333,13
3817,86,34,85,18,-0.30043079848706633,16
3818,13,112,65,55,-0.3036291464684749,57
3819,111,19,23,8,-0.3072201882492683,11
3820,28,12,64,6,-0.3078927557568362,6
3821,41,19,15,9,-0.3105460012311613,10
3822,87,51,96,25,-0.3109545115797648,26
3823,53,48,60,23,-0.3118269913878415,25
3824,18,44,107,20,-0.3125789428020779,24
3825,40,41,16,21,-0.3129456302783173,20
3826,78,34,11,16,-0.3134980890266192,18
3827,114,16,11,7,-0.3145332262115904,9
3828,108,25,27,12,-0.31634789635516514,13
3829,69,22,114,12,-0.3170624988990179,10
3830,13,46,50,23,-0.31837408329978034,23
3831,28,25,83,11,-0.31931308670237585,14
3832,86,63,50,30,-0.322489833710624,33
3833,28,46,18,24,-0.3231322408492643,22
3834,102,26,57,13,-0.3234085467610242,13
3835,71,17,80,8,-0.32371233600212634,9
3836,2,26,87,13,-0.326191624059389,13
3837,70,57,8,29,-0.32660941887077916,28
3838,72,25,30,13,-0.3267412847644026,12
3839,55,55,39,29,-0.32734466906461546,26
3840,106,20,83,9,-0.33164456490940797,11
3841,87,61,5,31,-0.3370261398348085,30
3842,4,13,109,7,-0.33809070228925137,6
3843,91,19,84,10,-0.33859773757907446,9
3844,69,12,17,6,-0.3399205773020955,6
3845,95,15,57,9,-0.341352432236026,6
3846,19,15,48,7,-0.3426076067275114,8
3847,66,14,106,8,-0.34287379392296813,6
3848,18,12,111,6,-0.3434947463116063,6
3849,33,16,94,8,-0.3438094613670113,8
3850,82,11,63,6,-0.3459353395684866,5
3851,53,42,51,22,-0.34837928900121307,20
3852,57,57,78,29,-0.35007604888411786,28
3853,69,11,108,4,-0.3504283321129657,7
3854,13,59,53,28,-0.3521849621376959,31
3855,75,13,34,7,-0.35287672494659683,6
3856,44,14,28,6,-0.35712987287789527,8
3857,19,52,49,27,-0.3612989094697535,25
3858,28,26,95,14,-0.3681472017953835,12
3859,75,21,40,11,-0.36863713867005155,10
3860,60,27,63,14,-0.3732661726653274,13
3861,84,18,14,10,-0.37783903496494214,8
3862,97,22,70,10,-0.37837582196425723,12
3863,48,13,37,7,-0.3793970201456411,6
3864,71,28,114,14,-0.3795577437704577,14
3865,15,26,103,14,-0.3796458342435015,12
3866,78,12,79,6,-0.3858320784259002,6
3867,36,30,69,15,-0.38598798110098714,15
3868,89,19,50,10,-0.3889433495588358,9
3869,30,25,20,12,-0.3894382571190694,13
3870,44,13,8,7,-0.39044208757900134,6
3871,84,14,102,7,-0.39120187443648163,7
3872,29,31,78,15,-0.3917133589340777,16
3873,107,62,74,30,-0.39404353085897736,32
3874,49,97,13,53,-0.39427254883372803,44
3875,18,35,60,18,-0.40000420272155135,17
3876,11,54,63,30,-0.40518583342930764,24
3877,26,11,17,6,-0.4065653808604267,5
3878,12,20,43,9,-0.4082921247623329,11
3879,79,18,50,9,-0.40910464935228674,9
3880,55,39,96,19,-0.4099990120595754,20
3881,86,33,31,16,-0.4107692180392456,17
3882,34,30,109,15,-0.41518711983885837,15
3883,38,14,5,7,-0.41683785462955825,7
3884,38,16,78,8,-0.4172293933616711,8
3885,98,31,16,15,-0.41976347120600693,16
3886,69,18,112,8,-0.4198013383725037,10
3887,51,80,87,40,-0.4199619531268856,40
3888,13,79,41,39,-0.42269830282995347,40
3889,61,15,27,7,-0.42506444779830493,8
3890,43,61,16,32,-0.426135370843739,29
3891,12,38,16,19,-0.4291882512671619,19
3892,31,43,40,21,-0.4296271974626759,22
3893,63,49,40,24,-0.4351978396284048,25
3894,11,73,39,38,-0.4399811390286235,35
3895,11,15,90,8,-0.4409004522210788,7
3896,9,11,80,4,-0.4439834453330441,7
3897,112,33,13,16,-0.44654566712440186,17
3898,114,47,16,25,-0.45043430151604597,22
3899,50,45,106,24,-0.45085338748671533,21
3900,43,26,72,13,-0.45191164536902634,13
3901,46,36,107,17,-0.4582463107562494,19
3902,21,11,65,5,-0.4627308200784832,6
3903,50,18,12,11,-0.46586470667488794,7
3904,78,10,5,4,-0.466712522808043,6
3905,22,10,7,5,-0.4683297783241262,5
3906,31,54,65,28,-0.46913887469692556,26
3907,51,36,23,18,-0.4693009266846344,18
3908,5,42,63,24,-0.4718441296207794,18
3909,27,33,62,18,-0.473235413412179,15
3910,18,60,7,29,-0.47486511569031375,31
3911,18,17,38,8,-0.475631387105643,9
3912,39,51,25,25,-0.47594650511842646,26
3913,76,27,29,14,-0.47622564943107276,13
3914,74,28,95,15,-0.47842550860281247,13
3915,114,72,107,36,-0.4790116249707105,36
3916,62,20,54,10,-0.48075198509246597,10
3917,48,19,7,9,-0.48075396413828564,10
3918,107,80,84,41,-0.4866239329556469,39
3919,27,61,30,30,-0.48696480758688243,31
3920,97,12,62,6,-0.490051403125013,6
3921,114,13,38,7,-0.4906791341982179,6
3922,31,35,88,17,-0.49998079760905945,18
3923,68,51,111,25,-0.5032623987049999,26
3924,47,37,87,18,-0.5071641743984844,19
3925,7,41,54,21,-0.507241629203192,20
3926,9,18,4,9,-0.5118055197130301,9
3927,51,20,112,10,-0.5141422831615037,10
3928,66,10,112,6,-0.514674275438265,4
3929,62,13,89,6,-0.520709134349379,7
3930,53,15,29,9,-0.5213542793701312,6
3931,27,14,74,6,-0.5219215520059618,8
3932,43,10,97,5,-0.5231950290778634,5
3933,77,24,4,12,-0.5234491201479363,12
3934,69,26,100,13,-0.5321674487070279,13
3935,88,11,17,7,-0.5330720941070791,4
3936,107,22,6,11,-0.5355439544398289,11
3937,1,10,106,5,-0.5396528610114331,5
3938,7,17,92,10,-0.5480230211986078,7
3939,54,44,74,23,-0.551062896084969,21
3940,86,73,68,36,-0.5539989086580958,37
3941,87,44,103,23,-0.5559871853872346,21
3942,15,74,16,38,-0.5564767963179019,36
3943,16,62,78,31,-0.5591176697612462,31
3944,2,10,83,5,-0.5594397265150782,5
3945,100,29,64,16,-0.562087568001556,13
3946,30,60,100,32,-0.5627549497485366,28
3947,78,13,71,7,-0.5661963238744604,6
3948,81,17,64,9,-0.5669312262343831,8
3949,71,15,69,7,-0.5724150990318982,8
3950,75,32,41,15,-0.57538170131953,17
3951,9,60,88,31,-0.575673272431468,29
3952,51,33,70,16,-0.5766573461400448,17
3953,98,26,28,15,-0.5775231479620817,11
3954,17,17,15,8,-0.5792844725575107,9
3955,45,27,13,14,-0.5826006985626689,13
3956,112,28,63,14,-0.5834223269951251,14
3957,30,98,86,48,-0.5838604669841274,50
3958,20,29,74,14,-0.5870486229107592,15
3959,36,13,76,9,-0.5885035889042627,4
3960,88,27,78,13,-0.5921971540070258,14
3961,15,70,39,34,-0.5935974612498418,36
3962,8,22,79,12,-0.5960476384440053,10
3963,23,10,71,6,-0.6000287508458285,4
3964,12,10,111,4,-0.6003907747378694,6
3965,106,32,71,17,-0.6009609652453864,15
3966,34,15,63,8,-0.6010869874220004,7
3967,70,16,91,9,-0.6063303701253768,7
3968,46,29,76,15,-0.6078150500139491,14
3969,58,22,31,11,-0.6168553703734997,11
3970,38,12,40,7,-0.6179079194784425,5
3971,37,23,76,13,-0.6195085365451085,10
3972,81,17,9,9,-0.6212818094890713,8
3973,77,30,29,14,-0.6226110152362435,16
3974,71,33,36,16,-0.6241330409639583,17
3975,84,30,109,16,-0.6283430275726473,14
3976,22,11,87,7,-0.62976435410712,4
3977,64,28,4,15,-0.6316212138641667,13
3978,20,34,13,18,-0.6324978295967627,16
3979,36,17,111,9,-0.6365354853619519,8
3980,43,22,50,10,-0.6381440646436153,12
3981,51,18,6,8,-0.6381605805799541,10
3982,49,36,15,20,-0.6386914766589882,16
3983,41,25,25,11,-0.6394054706376703,14
3984,69,15,85,8,-0.6408165415497192,7
3985,109,10,2,5,-0.6444253237530845,5
3986,88,50,75,26,-0.6490595256191716,24
3987,7,34,49,18,-0.6498930091293155,16
3988,102,31,16,16,-0.6515407877418993,15
3989,90,16,74,7,-0.6542125153505499,9
3990,65,76,68,38,-0.6569278898882535,38
3991,72,22,12,10,-0.6575846906143128,12
3992,3,23,23,12,-0.6655599327569626,11
3993,51,32,47,15,-0.6670636230392997,17
3994,55,24,71,11,-0.6670673084821287,13
3995,60,21,48,11,-0.6714503253808504,10
3996,60,33,81,17,-0.6720214795360956,16
3997,37,18,93,10,-0.6735242225279054,8
3998,38,10,50,6,-0.6752935140977925,4
3999,91,13,72,7,-0.6793597084818637,6
4000,8,24,29,14,-0.6801150064661755,10
4001,87,40,69,19,-0.6806817652073719,21
4002,25,19,18,9,-0.6816652439852798,10
4003,84,29,78,14,-0.6870815538251354,15
4004,11,27,69,13,-0.6919460086860769,14
4005,85,19,100,10,-0.6921450091110348,9
4006,9,29,50,15,-0.6932669196756251,14
4007,65,98,86,47,-0.6974726074215524,51
4008,76,26,103,11,-0.697749787551018,15
4009,3,16,45,8,-0.6997435754221075,8
4010,104,46,87,22,-0.7029218509880968,24
4011,54,20,41,10,-0.7052079558025973,10
4012,27,18,106,11,-0.7074485049679631,7
4013,38,23,64,12,-0.707451399642147,11
4014,44,18,87,9,-0.7101293456244435,9
4015,71,18,43,8,-0.7122285277146747,10
4016,106,72,8,35,-0.7133251026811389,37
4017,40,18,61,9,-0.7154895706830842,9
4018,28,51,37,27,-0.7168710662114356,24
4019,109,82,86,42,-0.7173675612978606,40
4020,64,22,15,12,-0.7194942356138038,10
4021,88,31,92,16,-0.7260589770500645,15
4022,4,10,57,6,-0.7276499847388429,4
4023,96,10,71,5,-0.7278695572627853,5
4024,54,58,46,29,-0.7282188233281477,29
4025,89,13,8,7,-0.7293319374406644,6
4026,51,89,68,48,-0.7293513016782857,41
4027,5,41,95,20,-0.7316066534315485,21
4028,65,67,39,32,-0.7318202375681632,35
4029,54,41,30,21,-0.7319528169248133,20
4030,106,12,103,7,-0.7328239321562183,5
4031,65,34,19,17,-0.7329370882543196,17
4032,3,22,34,12,-0.7337282732847011,10
4033,11,57,28,30,-0.7338631283307411,27
4034,77,38,68,21,-0.7343942735731218,17
4035,86,77,40,41,-0.7352757671814358,36
4036,15,24,25,11,-0.7394428200536325,13
4037,108,12,7,7,-0.7404080910313966,5
4038,60,57,87,27,-0.7419795874248708,30
4039,106,27,109,13,-0.7430675694349284,14
4040,74,13,36,8,-0.743717573303843,5
4041,97,43,107,22,-0.7437976748281456,21
4042,84,24,46,13,-0.7446057703540044,11
4043,44,15,51,6,-0.7467242677105268,9
4044,13,15,14,9,-0.7511854242648529,6
4045,37,68,8,34,-0.7513899671656677,34
4046,86,55,95,30,-0.7570140635444291,25
4047,3,15,93,9,-0.7634421017965252,6
4048,65,27,47,14,-0.7649117411143566,13
4049,60,64,68,31,-0.7655380923161712,33
4050,100,14,95,8,-0.7733599760917202,6
4051,51,41,20,19,-0.7739635282271299,22
4052,69,32,88,17,-0.7753807063240763,15
4053,99,22,87,12,-0.7762165713325068,10
4054,51,47,30,24,-0.7817968473253332,23
4055,43,23,68,11,-0.7846724466731662,12
4056,47,49,39,26,-0.7851889909174624,23
4057,47,16,109,8,-0.7871811619003327,8
4058,104,18,4,8,-0.7872554057904768,10
4059,68,34,19,18,-0.7895435672953282,16
4060,33,14,75,8,-0.7900898585820583,6
4061,89,16,28,9,-0.790198641351668,7
4062,12,61,65,30,-0.7915819769678688,31
4063,87,22,33,12,-0.7916968561333828,10
4064,107,36,1,18,-0.7927414185552435,18
4065,88,22,2,11,-0.7956469041111253,11
4066,27,31,64,16,-0.801138980877431,15
4067,40,26,30,13,-0.804558087178627,13
4068,87,54,63,29,-0.8053876890559841,25
4069,17,22,100,13,-0.8054576821865715,9
4070,40,14,56,7,-0.8062835825274137,7
4071,88,48,64,26,-0.8099410279440218,22
4072,35,15,13,8,-0.8137615349434785,7
4073,19,11,23,6,-0.8175991137149161,5
4074,20,18,57,9,-0.8178941572060072,9
4075,45,19,114,10,-0.8205689132017555,9
4076,95,15,84,8,-0.8218033746912397,7
4077,88,27,81,14,-0.8225284845495021,13
4078,12,33,18,16,-0.8241150325831366,17
4079,106,12,29,6,-0.8264692442725412,6
4080,46,16,2,8,-0.8285194662826783,8
4081,34,34,13,17,-0.8338743360773311,17
4082,100,24,37,13,-0.8361893314053764,11
4083,84,23,79,12,-0.8428978656974985,11
4084,95,15,33,8,-0.8491128905949085,7
4085,27,31,63,17,-0.8537649484268146,14
4086,16,98,11,54,-0.8546182767236233,44
4087,87,52,72,26,-0.8552840150922418,26
4088,22,10,16,5,-0.8565181994909576,5
4089,39,58,100,29,-0.8612772013311623,29
4090,114,10,10,6,-0.8617397018011352,4
4091,57,75,86,39,-0.8647383552328985,36
4092,65,111,54,57,-0.8660420311677455,54
4093,47,11,94,6,-0.8667479929831171,5
4094,84,17,60,7,-0.8716143564890748,10
4095,1,15,27,9,-0.87213831994522,6
4096,27,12,66,6,-0.8729397609022106,6
4097,43,22,104,12,-0.8731107554850513,10
4098,48,15,41,8,-0.8735829617761531,7
4099,29,13,12,7,-0.8751444942400025,6
4100,39,89,86,44,-0.8776646402408599,45
4101,88,21,83,10,-0.8798897555023121,11
4102,69,19,9,10,-0.887921017203931,9
4103,3,27,55,14,-0.8893519272090935,13
4104,47,16,64,9,-0.8911330622653786,7
4105,28,71,106,37,-0.8945808420172991,34
4106,70,24,39,13,-0.8958543413772138,11
4107,9,57,86,28,-0.8962993918202332,29
4108,28,91,107,48,-0.897076479568304,43
4109,76,16,12,7,-0.8974647313803197,9
4110,55,17,78,8,-0.9002458878614126,9
4111,50,14,62,8,-0.9017457082495483,6
4112,111,12,60,5,-0.9019980300500823,7
4113,50,14,6,7,-0.9048960894988056,7
4114,75,35,36,16,-0.9076169876586808,19
4115,1,14,39,9,-0.9120351629887133,5
4116,107,66,11,35,-0.9126492849094918,31
4117,60,19,72,10,-0.9143767974142852,9
4118,114,27,75,14,-0.9181862737012525,13
4119,7,32,95,17,-0.9236786450564201,15
4120,4,24,55,12,-0.9256101911535772,12
4121,9,30,3,15,-0.9265694640511721,15
4122,29,21,89,11,-0.9319803769145343,10
4123,74,62,107,33,-0.9344905666009985,29
4124,41,22,46,12,-0.9370339102063082,10
4125,103,10,90,5,-0.9372670341611201,5
4126,53,23,63,12,-0.9461903574639031,11
4127,107,42,108,22,-0.9533935254940735,20
4128,19,55,15,29,-0.9578260835405312,26
4129,106,38,104,19,-0.960476027397927,19
4130,8,34,71,17,-0.9628252268322751,17
4131,18,35,77,20,-0.9630191535077128,15
4132,65,91,7,44,-0.9659125099226101,47
4133,20,31,114,16,-0.9686487519699076,15
4134,9,12,78,6,-0.9745877106891233,6
4135,62,10,70,5,-0.9747108971050835,5
4136,5,65,107,33,-0.9748363761521173,32
4137,102,15,68,8,-0.9774478191416431,7
4138,39,13,61,6,-0.9776304076631851,7
4139,84,19,93,11,-0.9776365381665065,8
4140,41,81,7,41,-0.9794700083084553,40
4141,2,38,86,18,-0.9822306710469797,20
4142,92,10,43,6,-0.9836040223889839,4
4143,112,19,54,10,-0.9843355592348288,9
4144,107,32,69,17,-0.9867318989974727,15
4145,27,13,20,7,-0.9871413726704095,6
4146,65,42,37,23,-0.9887363573689177,19
4147,48,13,43,6,-0.9891423928749106,7
4148,112,41,86,22,-0.9922807857596495,19
4149,39,37,76,21,-0.9969073892313127,16
4150,53,31,86,18,-0.9974427707068911,13
4151,93,11,114,5,-1.0049906589581687,6
4152,18,20,91,11,-1.0069076377111847,9
4153,85,17,20,9,-1.0120202947249695,8
4154,19,66,30,35,-1.0181960823991612,31
4155,9,13,79,6,-1.0203716742776934,7
4156,49,34,8,17,-1.020408759114468,17
4157,16,31,33,14,-1.021253352666775,17
4158,11,84,87,45,-1.0224933521024804,39
4159,90,12,64,6,-1.0226762518657317,6
4160,44,20,63,11,-1.023318477102645,9
4161,74,38,104,21,-1.0321539192468763,17
4162,60,17,80,8,-1.0365050448794266,9
4163,33,16,104,9,-1.0375486456158098,7
4164,91,11,49,6,-1.0426488720953466,5
4165,17,23,104,12,-1.0458379273038074,11
4166,45,18,71,8,-1.050024616634447,10
4167,104,42,68,21,-1.050703652992856,21
4168,16,54,103,26,-1.0524197946501745,28
4169,38,39,86,21,-1.0547313169805972,18
4170,58,22,3,10,-1.0556648267196662,12
4171,44,14,100,7,-1.0590413147864146,7
4172,60,44,3,23,-1.0597090467748498,21
4173,71,14,58,7,-1.0679524363994422,7
4174,37,20,67,11,-1.0707700527635227,9
4175,97,16,9,7,-1.0715415510849884,9
4176,89,21,88,11,-1.071835135391089,10
4177,109,61,28,33,-1.0738097371372815,28
4178,97,19,64,10,-1.0748997556853979,9
4179,74,27,75,15,-1.0761366724331527,12
4180,76,23,62,12,-1.0792355388180024,11
4181,94,11,93,7,-1.0822019157683698,4
4182,69,14,42,7,-1.0889746986073443,7
4183,102,17,19,10,-1.0910566361497027,7
4184,41,35,18,17,-1.0983841672845305,18
4185,57,77,16,41,-1.0992347487680023,36
4186,50,24,34,12,-1.102066453194935,12
4187,106,39,70,19,-1.1024614638047314,20
4188,57,37,27,18,-1.1033906612223547,19
4189,2,18,96,9,-1.1039761816908868,9
4190,107,32,4,17,-1.1053879522342505,15
4191,55,13,73,7,-1.1082443575059626,6
4192,86,101,106,52,-1.11125626745342,49
4193,58,17,63,10,-1.1113806593996047,7
4194,61,14,100,7,-1.113823985180499,7
4195,7,19,29,12,-1.1170674633929336,7
4196,57,25,28,13,-1.1208866402447324,12
4197,13,42,57,20,-1.1222847149141768,22
4198,19,28,69,15,-1.1227446471060296,13
4199,88,17,79,9,-1.1249704502892561,8
4200,31,26,3,12,-1.130409883055891,14
4201,106,26,36,13,-1.1307287364062797,13
4202,90,27,88,15,-1.133788964139305,12
4203,52,26,87,13,-1.137456454355295,13
4204,56,14,8,7,-1.138262181129433,7
4205,39,37,17,20,-1.142269186889371,17
4206,95,11,43,6,-1.1446531804765832,5
4207,33,10,17,5,-1.1464162819529,5
4208,57,17,98,9,-1.1470460176345267,8
4209,58,19,51,10,-1.1500793287361857,9
4210,7,17,79,9,-1.1501166003666843,8
4211,50,33,17,16,-1.1518911540029013,17
4212,41,24,70,11,-1.1545373299567132,13
4213,107,85,54,43,-1.162654974454932,42
4214,62,34,100,17,-1.1692002604569451,17
4215,75,13,44,6,-1.169380882277211,7
4216,55,35,83,17,-1.1749448092476902,18
4217,77,12,33,6,-1.1756675735500741,6
4218,96,31,76,17,-1.185303928819388,14
4219,9,28,49,13,-1.1870965912725648,15
4220,110,16,87,9,-1.1878037867151126,7
4221,60,15,98,8,-1.1885772534855719,7
4222,74,18,68,11,-1.1930607364890227,7
4223,16,67,25,35,-1.1932865297100739,32
4224,76,20,20,9,-1.195513412586338,11
4225,33,15,90,8,-1.202013566860897,7
4226,5,65,28,33,-1.204023419699817,32
4227,48,33,8,17,-1.2090868114966702,16
4228,76,12,47,4,-1.209164557999826,8
4229,97,33,25,17,-1.2112097532933537,16
4230,51,17,66,9,-1.216427806393033,8
4231,88,37,71,21,-1.2185084211552721,16
4232,77,17,95,9,-1.2206054516856415,8
4233,16,51,112,26,-1.2207004808764241,25
4234,41,17,55,9,-1.2209745250839978,8
4235,9,16,66,9,-1.2335487286820448,7
4236,25,39,28,22,-1.2338977751460154,17
4237,27,76,68,40,-1.23677207953926,36
4238,50,42,39,22,-1.237297066410006,20
4239,93,21,107,10,-1.2375139728583175,11
4240,31,25,71,13,-1.2380158081615487,12
4241,37,20,91,10,-1.2413018923540673,10
4242,74,31,11,16,-1.2464065422784565,15
4243,9,61,13,33,-1.2504419702657081,28
4244,15,51,65,26,-1.2546222571535903,25
4245,13,42,17,21,-1.2570532505054302,21
4246,51,20,38,10,-1.2575366142186466,10
4247,63,37,9,19,-1.258902370787797,18
4248,49,18,114,8,-1.2604600332250737,10
4249,79,10,93,5,-1.2606355667564606,5
4250,19,17,47,9,-1.260882861026141,8
4251,18,20,81,10,-1.2612198373935393,10
4252,14,15,107,7,-1.2621804963006722,8
4253,107,12,92,7,-1.2625916923530782,5
4254,65,15,52,7,-1.2628262153703227,8
4255,49,18,57,10,-1.2683352845717475,8
4256,28,29,60,13,-1.2721110011472117,16
4257,100,12,6,6,-1.2723378615799017,6
4258,1,11,71,5,-1.2732152302328026,6
4259,35,13,57,8,-1.2766228565175344,5
4260,91,10,34,5,-1.2767116469837234,5
4261,107,59,96,32,-1.2779661064945875,27
4262,72,17,66,10,-1.281933048256324,7
4263,88,24,76,12,-1.287634772193649,12
4264,19,34,76,18,-1.287740953733813,16
4265,99,19,51,9,-1.289208240710447,10
4266,11,21,62,11,-1.2893955559956776,10
4267,60,23,108,12,-1.2942846538516084,11
4268,4,39,88,20,-1.2949212207610556,19
4269,8,22,7,12,-1.2952715014492375,10
4270,29,27,11,14,-1.2961292923128658,13
4271,11,31,34,17,-1.2962030712801231,14
4272,68,47,41,24,-1.2976062488793096,23
4273,68,41,15,23,-1.299961161923338,18
4274,107,91,51,52,-1.3008406750639332,39
4275,13,44,5,23,-1.3023509853743045,21
4276,63,74,107,35,-1.3057879270213841,39
4277,114,28,41,14,-1.3073381080435666,14
4278,51,14,32,7,-1.3093866254236384,7
4279,58,28,9,15,-1.3102681358218982,13
4280,9,52,68,27,-1.3104638696206719,25
4281,65,32,112,16,-1.312297716343949,16
4282,40,11,94,6,-1.3131730085845275,5
4283,20,86,86,45,-1.3141035216728765,41
4284,65,32,62,16,-1.314337298660698,16
4285,48,48,16,23,-1.3151995623254868,25
4286,80,18,74,9,-1.3199661328668553,9
4287,19,75,16,42,-1.326157212976386,33
4288,57,15,91,7,-1.3279179810680901,8
4289,57,41,41,22,-1.334606775919469,19
4290,23,10,6,5,-1.3385415186806273,5
4291,104,44,8,23,-1.3410693202324977,21
4292,8,89,86,43,-1.3465074887539428,46
4293,40,17,108,8,-1.3479697301696891,9
4294,88,37,97,19,-1.3490743629309023,18
4295,18,38,86,21,-1.354059293903715,17
4296,54,70,50,36,-1.35588756917451,34
4297,40,35,41,17,-1.3586266453597045,18
4298,30,26,25,12,-1.3633847180345748,14
4299,76,47,106,22,-1.3637390504385927,25
4300,55,61,87,31,-1.3657748995370729,30
4301,62,37,39,20,-1.3681155062123829,17
4302,77,22,23,11,-1.3701697866668394,11
4303,106,36,20,19,-1.371361503792123,17
4304,55,11,52,6,-1.3787566985994324,5
4305,63,113,65,59,-1.3796912612486345,54
4306,41,30,106,15,-1.3806292559177735,15
4307,84,14,62,7,-1.3810102415014252,7
4308,29,11,36,5,-1.3837445576600507,6
4309,80,12,95,6,-1.3888115326852122,6
4310,87,47,29,25,-1.3899803063688858,22
4311,12,29,19,13,-1.392183331800866,16
4312,98,12,74,6,-1.3941368131260956,6
4313,95,17,70,8,-1.4011695857654893,9
4314,9,25,46,12,-1.4052752923291463,13
4315,71,20,12,10,-1.4059148964814134,10
4316,106,23,30,12,-1.4150001393849163,11
4317,53,11,1,6,-1.4196819324858234,5
4318,35,24,88,12,-1.4205575592973034,12
4319,45,35,36,16,-1.423273124508117,19
4320,86,32,108,18,-1.4238119794889874,14
4321,60,21,89,10,-1.4364501610048455,11
4322,25,28,50,14,-1.4391705454909005,14
4323,97,21,20,10,-1.439527960881876,11
4324,112,22,19,11,-1.441964796035352,11
4325,69,33,65,17,-1.4425642416495132,16
4326,27,14,99,8,-1.4451774655149787,6
4327,38,21,12,11,-1.4460676852206606,10
4328,81,20,27,10,-1.4466821985929976,10
4329,107,45,29,27,-1.446972317713833,18
4330,39,44,75,21,-1.4473715172929773,23
4331,63,55,106,28,-1.448556681809941,27
4332,80,33,65,17,-1.4513664238423445,16
4333,65,18,81,10,-1.4529730828565244,8
4334,90,14,91,7,-1.4536395590442823,7
4335,86,131,107,68,-1.454309939136791,63
4336,83,23,25,13,-1.459720188055503,10
4337,52,18,12,10,-1.4597821535609574,8
4338,47,21,31,11,-1.460613098071267,10
4339,51,64,40,33,-1.462465890119408,31
4340,50,47,2,25,-1.465539919913427,22
4341,3,24,71,13,-1.466820978005952,11
4342,69,13,6,6,-1.467256279566122,7
4343,7,24,35,12,-1.4676220715119488,12
4344,11,50,106,29,-1.475178627799442,21
4345,79,17,103,9,-1.476299618195366,8
4346,84,10,68,6,-1.4788993773509216,4
4347,17,38,37,22,-1.4799245104721017,16
4348,88,82,87,42,-1.4817237172789035,40
4349,34,20,67,12,-1.4820875063659655,8
4350,77,44,86,23,-1.4836620718907318,21
4351,71,74,60,39,-1.4843115108657063,35
4352,95,10,27,6,-1.484742219213803,4
4353,94,16,88,7,-1.488282221240779,9
4354,74,23,2,13,-1.4920197761473217,10
4355,112,26,87,13,-1.4920866605193068,13
4356,86,86,13,47,-1.4942238545984032,39
4357,11,16,112,8,-1.4950492246382474,8
4358,25,47,107,24,-1.4967278623744342,23
4359,5,52,46,28,-1.4974094901037531,24
4360,50,25,27,15,-1.504088460568275,10
4361,63,53,68,28,-1.50575560658607,25
4362,43,20,29,11,-1.5081589544251792,9
4363,77,31,72,16,-1.5141422764127497,15
4364,55,12,46,7,-1.5148590180899666,5
4365,70,45,107,22,-1.5183987584852079,23
4366,30,31,78,16,-1.5197193823146014,15
4367,37,14,35,7,-1.5231317423105963,7
4368,86,49,23,26,-1.525800627782492,23
4369,84,20,114,11,-1.5282826629009745,9
4370,58,24,60,12,-1.5296571105675618,12
4371,79,13,98,7,-1.5335435073226167,6
4372,107,35,94,21,-1.5336456044178708,14
4373,41,54,39,26,-1.5363749047169108,28
4374,86,10,22,5,-1.5381482899799122,5
4375,107,94,65,49,-1.53828780710982,45
4376,81,19,68,10,-1.5385400494517059,9
4377,7,80,60,42,-1.540050899943462,38
4378,9,32,60,18,-1.5417639078296765,14
4379,65,53,60,25,-1.545434482222783,28
4380,94,52,43,27,-1.5485361244464182,25
4381,11,20,80,10,-1.5532652275466878,10
4382,13,61,4,33,-1.5687606312733104,28
4383,16,31,102,16,-1.574061760944104,15
4384,88,34,96,17,-1.5755489762598094,17
4385,16,59,74,30,-1.5763144198537735,29
4386,95,20,76,10,-1.5773440780858252,10
4387,90,22,55,10,-1.5786569524988743,12
4388,81,24,53,13,-1.581405189491278,11
4389,97,34,2,18,-1.581483466739766,16
4390,25,15,2,7,-1.5845186001024003,8
4391,98,20,27,10,-1.5846794804650377,10
4392,23,18,104,8,-1.586371905318577,10
4393,7,42,114,23,-1.5876978285125973,19
4394,98,24,51,13,-1.5914965104039467,11
4395,75,11,14,6,-1.594721022285634,5
4396,38,12,91,6,-1.5959128745414664,6
4397,37,56,51,32,-1.5992269438266566,24
4398,18,17,76,9,-1.6011095201796195,8
4399,54,26,15,12,-1.6106595014683187,14
4400,69,29,30,15,-1.6139022710932387,14
4401,80,14,17,8,-1.614004150921247,6
4402,55,69,86,37,-1.614244289453278,32
4403,20,18,69,10,-1.6170767555813117,8
4404,39,57,8,28,-1.618701900101244,29
4405,88,46,106,26,-1.6248459493396543,20
4406,30,22,7,10,-1.627064761951183,12
4407,84,12,64,5,-1.627208224984681,7
4408,68,18,6,8,-1.6346986227731621,10
4409,18,26,104,15,-1.6361581237581888,11
4410,109,51,13,26,-1.6395687372615342,25
4411,68,23,36,12,-1.6511686348202723,11
4412,104,16,57,10,-1.6527114989919918,6
4413,62,18,72,10,-1.6557951231896935,8
4414,1,30,41,17,-1.6558361653082898,13
4415,19,47,39,27,-1.6563754565915603,20
4416,47,24,63,14,-1.6623324282821748,10
4417,74,47,37,24,-1.6628163329711194,23
4418,34,13,114,6,-1.6642874528280043,7
4419,16,21,85,12,-1.666093825504177,9
4420,33,19,54,11,-1.6683853925492602,8
4421,112,17,17,9,-1.6709980493790215,8
4422,31,28,45,15,-1.671087040669103,13
4423,84,45,87,25,-1.6712785926609635,20
4424,94,23,11,13,-1.6715561424028802,10
4425,104,14,48,8,-1.6735118830252353,6
4426,7,45,63,27,-1.6735738766299257,18
4427,90,41,16,21,-1.6799312140304263,20
4428,12,43,39,23,-1.6799981271423823,20
4429,106,40,55,22,-1.6835382667235006,18
4430,88,58,55,33,-1.6855630045879748,25
4431,87,40,77,21,-1.68654023166909,19
4432,28,20,73,10,-1.687006788072292,10
4433,87,54,15,27,-1.68867527520409,27
4434,65,104,87,55,-1.6895189939198356,49
4435,78,30,65,17,-1.6922088418099988,13
4436,95,17,63,9,-1.6923751834394962,8
4437,23,15,36,6,-1.697287527418564,9
4438,33,15,49,9,-1.6985707880959628,6
4439,86,32,19,16,-1.6986617617039828,16
4440,102,16,20,8,-1.698939123981487,8
4441,2,10,77,5,-1.7047420693819315,5
4442,54,10,66,5,-1.7065646902657796,5
4443,28,62,88,33,-1.710290859725632,29
4444,54,51,5,28,-1.712751834502299,23
4445,83,24,104,14,-1.7171480590838877,10
4446,72,61,16,33,-1.718132901468276,28
4447,43,17,74,8,-1.7202204297362316,9
4448,77,25,88,14,-1.7210000447837082,11
4449,28,10,77,5,-1.7274479044716256,5
4450,43,38,27,20,-1.7274963713159421,18
4451,1,24,60,13,-1.730552170717303,11
4452,68,13,32,8,-1.7311662598089272,5
4453,96,38,106,21,-1.7318320126651956,17
4454,3,20,103,9,-1.7329901589407666,11
4455,44,27,16,15,-1.7334648777380282,12
4456,9,16,111,9,-1.7347101097492725,7
4457,112,23,9,13,-1.7370284161007248,10
4458,102,28,11,14,-1.7387973463291375,14
4459,88,37,36,21,-1.7392851936744365,16
4460,6,11,18,6,-1.741458460094483,5
4461,36,33,60,17,-1.7416473627060736,16
4462,27,30,76,17,-1.7427067110546453,13
4463,27,50,41,28,-1.7436572730759008,22
4464,107,23,79,13,-1.7474071801332414,10
4465,88,17,85,9,-1.7507571303795124,8
4466,13,79,39,42,-1.7525272065781048,37
4467,18,37,88,19,-1.753919363939246,18
4468,8,78,54,44,-1.7565177133908372,34
4469,13,29,91,14,-1.7567935360990936,15
4470,5,98,37,51,-1.758075221984611,47
4471,55,96,8,48,-1.7591507480746849,48
4472,65,51,53,26,-1.762840300330691,25
4473,77,16,58,9,-1.7691785236904847,7
4474,30,19,9,11,-1.7725720850396791,8
4475,87,47,62,25,-1.7735628992287054,22
4476,90,25,37,13,-1.7816453937181718,12
4477,46,27,97,14,-1.7888516310767928,13
4478,48,19,20,11,-1.788885742697511,8
4479,39,35,114,17,-1.7909993968165168,18
4480,85,33,107,17,-1.792725598129701,16
4481,45,13,88,6,-1.7936864388197342,7
4482,102,19,62,10,-1.8008214371485478,9
4483,9,18,29,9,-1.8021042570677102,9
4484,31,34,51,20,-1.8036645224364254,14
4485,86,57,70,31,-1.8046372203949796,26
4486,25,22,36,11,-1.807144013826857,11
4487,111,18,40,9,-1.8104998545748772,9
4488,29,18,55,9,-1.8130539080836594,9
4489,99,13,102,7,-1.8212893413036917,6
4490,86,28,94,15,-1.8256273703234374,13
4491,19,53,43,28,-1.8262026945752656,25
4492,75,44,13,24,-1.82625422828726,20
4493,114,13,44,7,-1.8263733365516681,6
4494,13,29,74,15,-1.8278354237299026,14
4495,103,32,51,18,-1.8316137376404744,14
4496,3,78,86,40,-1.8322846458945434,38
4497,20,22,95,11,-1.8350043196326247,11
4498,38,18,17,10,-1.8350446788804244,8
4499,96,38,84,19,-1.8356486827006808,19
4500,85,18,12,9,-1.8411131730635322,9
4501,73,13,50,8,-1.8439270323254189,5
4502,11,50,27,27,-1.8473478300697816,23
4503,62,29,49,17,-1.8483299990260202,12
4504,49,65,88,35,-1.8491132111866917,30
4505,97,22,53,12,-1.8492466822191038,10
4506,16,90,60,47,-1.856473933334805,43
4507,97,21,93,11,-1.8583722279909514,10
4508,27,36,29,20,-1.862710190219295,16
4509,33,13,60,8,-1.8644268792007352,5
4510,47,13,53,7,-1.867452050486345,6
4511,92,15,104,7,-1.8690561053420156,8
4512,81,16,30,8,-1.8705842587540342,8
4513,88,84,8,44,-1.8718556109203217,40
4514,27,62,39,34,-1.874256839529348,28
4515,19,17,98,10,-1.8757617027076587,7
4516,19,57,100,31,-1.8760845646642414,26
4517,8,23,72,11,-1.8829021972697355,12
4518,8,41,2,21,-1.884865447616968,20
4519,30,16,96,9,-1.885074878690478,7
4520,64,23,25,12,-1.885723885284777,11
4521,86,44,71,22,-1.8883807510456327,22
4522,109,50,51,30,-1.8888554254733416,20
4523,90,40,107,20,-1.8898084470141447,20
4524,87,37,90,18,-1.8914339188745466,19
4525,98,12,85,7,-1.8929637615829242,5
4526,100,12,52,7,-1.8946165490949367,5
4527,99,27,55,15,-1.895072402151854,12
4528,54,52,39,27,-1.8985642042569597,25
4529,9,12,93,7,-1.9054646427528426,5
4530,63,37,78,19,-1.905896647305327,18
4531,109,20,37,11,-1.9083987500708364,9
4532,1,38,68,20,-1.9099752765436626,18
4533,34,39,17,19,-1.9118019995598055,20
4534,16,33,111,17,-1.912591245331939,16
4535,74,65,8,36,-1.912865606563874,29
4536,17,11,110,6,-1.9155371371930692,5
4537,106,32,97,16,-1.9159665785715099,16
4538,76,11,99,5,-1.9173589523208294,6
4539,102,30,76,17,-1.9232165665181344,13
4540,18,21,114,11,-1.9235772497574435,10
4541,51,23,102,12,-1.9242622041835242,11
4542,40,19,70,11,-1.9276789997691235,8
4543,84,30,65,16,-1.9288646732683914,14
4544,76,26,41,12,-1.9323052199492383,14
4545,3,11,66,6,-1.9323084142072935,5
4546,109,54,87,30,-1.932628067468009,24
4547,97,14,23,7,-1.933052873443659,7
4548,98,10,32,5,-1.938005226383161,5
4549,103,15,77,8,-1.9384473379416851,7
4550,7,49,71,24,-1.9387153694352721,25
4551,104,13,110,8,-1.938847445081051,5
4552,31,14,23,8,-1.9392936999416412,6
4553,112,38,107,19,-1.9399789809753514,19
4554,64,55,87,28,-1.941766110607532,27
4555,55,20,25,11,-1.9429576796619983,9
4556,61,22,13,13,-1.9474617025071013,9
4557,64,34,36,17,-1.9485056781764574,17
4558,35,11,50,6,-1.9581460146246799,5
4559,78,21,41,12,-1.9597162558523098,9
4560,33,14,39,7,-1.9600955952261323,7
4561,97,11,80,6,-1.9631828964682283,5
4562,112,24,41,13,-1.9642201479007202,11
4563,91,33,28,18,-1.9649527402335243,15
4564,95,11,102,6,-1.9663297200367658,5
4565,35,10,54,6,-1.970607603878344,4
4566,84,31,55,16,-1.972558144291078,15
4567,70,32,88,17,-1.97629343595963,15
4568,38,30,68,17,-1.98112771845421,13
4569,79,12,100,7,-1.9822381822120907,5
4570,4,19,53,10,-1.9876947928926731,9
4571,81,12,48,7,-1.988832939584028,5
4572,74,26,114,13,-1.9975972531686852,13
4573,29,48,16,25,-2.0038510430636767,23
4574,97,22,83,10,-2.0076368732075736,12
4575,103,13,112,7,-2.012520719272728,6
4576,70,29,68,15,-2.0151181581046322,14
4577,54,37,84,20,-2.015420239969851,17
4578,54,37,80,18,-2.018157304123278,19
4579,60,11,93,7,-2.0186296316322276,4
4580,10,10,111,6,-2.019460672769103,4
4581,90,37,8,21,-2.019464782071777,16
4582,17,44,65,26,-2.0208714349805383,18
4583,17,27,114,16,-2.0211590753648663,11
4584,70,54,16,30,-2.021288067113987,24
4585,51,52,28,26,-2.0250173037261257,26
4586,13,11,32,6,-2.0261815070275415,5
4587,75,36,87,19,-2.026466463774077,17
4588,94,36,19,18,-2.0287789057822345,18
4589,114,14,91,7,-2.031242634143404,7
4590,8,40,60,20,-2.033286998314092,20
4591,93,18,11,8,-2.03919027808283,10
4592,7,14,12,7,-2.0405365521973633,7
4593,60,57,30,33,-2.041293304010616,24
4594,68,14,45,8,-2.0416275962437833,6
4595,43,29,78,16,-2.042691100836385,13
4596,13,137,16,75,-2.045856845474376,62
4597,68,79,16,44,-2.0462981602365193,35
4598,15,60,57,31,-2.0492240162459217,29
4599,92,20,13,9,-2.0549864483695095,11
4600,57,19,9,10,-2.058380213538902,9
4601,34,30,84,16,-2.067010635537675,14
4602,23,20,27,10,-2.072262837137015,10
4603,20,16,104,8,-2.072480775827561,8
4604,55,16,89,8,-2.0735236646324586,8
4605,104,32,30,16,-2.073588127852211,16
4606,54,68,20,33,-2.0740616245882655,35
4607,72,43,15,24,-2.074578089150859,19
4608,83,19,60,10,-2.080593849514112,9
4609,104,18,34,10,-2.0843146811677253,8
4610,68,43,64,25,-2.086424402801581,18
4611,94,12,15,7,-2.089165890411621,5
4612,11,18,40,9,-2.0894421004610075,9
4613,8,22,97,11,-2.094799206270942,11
4614,108,14,100,8,-2.096323977952681,6
4615,57,17,64,10,-2.0964467583954454,7
4616,11,22,33,10,-2.0987581423348063,12
4617,23,19,112,11,-2.1018527652621146,8
4618,94,28,68,15,-2.106511062546954,13
4619,25,11,69,6,-2.1120597510852503,5
4620,107,56,50,29,-2.1132862646405504,27
4621,109,30,60,16,-2.114251220837337,14
4622,70,11,53,6,-2.117480208536361,5
4623,70,34,104,18,-2.118226250740967,16
4624,9,62,7,31,-2.12190310948229,31
4625,76,47,11,25,-2.1223713062101246,22
4626,114,32,102,18,-2.1240842876015145,14
4627,43,45,51,23,-2.1257214323679663,22
4628,88,61,41,34,-2.127673535455668,27
4629,76,35,65,21,-2.129357150998598,14
4630,43,10,98,6,-2.130277896443765,4
4631,61,12,2,7,-2.1331085158076037,5
4632,89,22,107,11,-2.1353078245406376,11
4633,102,26,8,13,-2.1358165667375646,13
4634,31,13,66,7,-2.1367157981218847,6
4635,39,39,71,21,-2.1402119009407663,18
4636,69,11,55,6,-2.141856565606561,5
4637,8,21,10,12,-2.1473150021467613,9
4638,79,17,3,10,-2.1554920996277978,7
4639,45,20,40,11,-2.1604079227235773,9
4640,53,13,23,7,-2.1639220781507684,6
4641,29,10,5,6,-2.165232041865749,4
4642,107,76,27,42,-2.1737890157942092,34
4643,11,64,8,34,-2.1781854274768366,30
4644,77,24,55,13,-2.185700732900179,11
4645,69,10,64,6,-2.1864749506825816,4
4646,72,19,7,10,-2.1917063339887886,9
4647,106,35,68,19,-2.1936858069827916,16
4648,75,32,60,17,-2.194819750320694,15
4649,40,75,7,42,-2.1957521283064794,33
4650,56,12,91,6,-2.1992686471747738,6
4651,19,45,54,26,-2.1999050554671054,19
4652,90,14,34,8,-2.202398826615948,6
4653,13,109,68,58,-2.2032595049910353,51
4654,96,50,5,28,-2.21142719225076,22
4655,84,23,75,12,-2.2186834285684554,11
4656,99,13,98,6,-2.221258167793369,7
4657,19,10,52,6,-2.2229451588662386,4
4658,25,16,90,9,-2.2261576936837106,7
4659,71,29,62,15,-2.2274966883750613,14
4660,65,18,46,11,-2.2329984780581085,7
4661,114,26,4,13,-2.2345648368573663,13
4662,65,13,108,6,-2.240109849463783,7
4663,27,10,70,5,-2.2432632584575636,5
4664,113,16,86,9,-2.251799072045514,7
4665,83,11,63,7,-2.2518527555220995,4
4666,77,79,60,42,-2.252161509008223,37
4667,74,29,20,16,-2.2532656544174667,13
4668,25,30,95,16,-2.253973143655665,14
4669,41,13,74,6,-2.2545650248033335,7
4670,17,16,98,8,-2.257246092539532,8
4671,20,35,11,20,-2.258636631940586,15
4672,98,12,62,6,-2.263618494828718,6
4673,7,12,85,7,-2.267272935114745,5
4674,96,66,28,35,-2.2674069446039304,31
4675,31,10,61,5,-2.2696136748473643,5
4676,27,68,13,36,-2.2740816322650126,32
4677,74,14,40,8,-2.2751378053719047,6
4678,11,47,50,25,-2.276023953743783,22
4679,92,14,65,7,-2.2769844774151675,7
4680,69,12,77,6,-2.279799370845894,6
4681,81,10,38,5,-2.281962126644993,5
4682,15,47,30,26,-2.282315683559786,21
4683,16,16,73,8,-2.2869477637304083,8
4684,28,76,8,41,-2.287592590077328,35
4685,4,13,106,6,-2.2878834680443574,7
4686,5,24,100,13,-2.293242743404464,11
4687,50,42,63,23,-2.295098382996511,19
4688,7,20,80,11,-2.2986689861273364,9
4689,33,23,86,13,-2.2996974943246613,10
4690,95,26,60,14,-2.300035058084819,12
4691,98,11,38,6,-2.303289795541878,5
4692,70,13,35,6,-2.304704787607643,7
4693,69,13,76,8,-2.308555624427584,5
4694,70,28,63,15,-2.309911464577443,13
4695,63,31,71,17,-2.3112629873314674,14
4696,96,58,8,31,-2.313991189820115,27
4697,91,32,88,17,-2.315767764685104,15
4698,87,18,111,10,-2.3163891448333644,8
4699,61,23,3,15,-2.318754532374438,8
4700,102,21,104,10,-2.3206272974702777,11
4701,50,35,84,18,-2.3257021134383264,17
4702,5,51,109,26,-2.3285813949081633,25
4703,53,28,25,14,-2.330151085469087,14
4704,86,37,80,20,-2.3309612757843783,17
4705,19,21,38,13,-2.3345425219981566,8
4706,57,51,39,28,-2.3376765395445944,23
4707,69,30,58,15,-2.3378190755068298,15
4708,52,16,30,9,-2.3410140593607354,7
4709,51,61,8,32,-2.3415342015379244,29
4710,45,10,78,5,-2.343791897433706,5
4711,45,23,64,13,-2.351908121730611,10
4712,96,10,79,5,-2.3519921114573528,5
4713,33,12,57,7,-2.353237282271007,5
4714,31,36,4,21,-2.353535596679466,15
4715,33,12,99,7,-2.354570382478151,5
4716,109,17,40,10,-2.3545763145612293,7
4717,17,27,8,14,-2.3545788982602027,13
4718,109,14,96,8,-2.3566759619593642,6
4719,58,16,43,9,-2.35671636938616,7
4720,97,14,100,8,-2.358325970901079,6
4721,76,34,70,18,-2.358420872168422,16
4722,39,17,102,9,-2.361339353589837,8
4723,5,23,99,12,-2.361621902264283,11
4724,60,30,19,15,-2.366878047373235,15
4725,50,24,40,14,-2.3671440474550494,10
4726,78,33,72,16,-2.3687118191170384,17
4727,63,32,25,16,-2.3688265373602633,16
4728,107,49,78,27,-2.3703268227136367,22
4729,84,19,90,10,-2.374748457023267,9
4730,107,40,71,23,-2.3760609676092463,17
4731,47,37,16,20,-2.376800911289541,17
4732,107,52,15,31,-2.378635788417388,21
4733,112,14,8,8,-2.379829723910838,6
4734,84,90,86,45,-2.3816790899230793,45
4735,56,13,75,8,-2.3840139649043497,5
4736,104,25,96,14,-2.3866419839158373,11
4737,71,21,4,13,-2.387175011736595,8
4738,109,21,97,11,-2.3981411019215164,10
4739,89,13,100,7,-2.3989300169483267,6
4740,28,38,46,22,-2.399017879816561,16
4741,76,36,8,20,-2.3997351089247143,16
4742,94,27,100,17,-2.4002432216595997,10
4743,33,14,74,7,-2.401214003272286,7
4744,80,26,20,14,-2.403335157163852,12
4745,104,57,88,32,-2.406185933878752,25
4746,58,18,19,10,-2.4064977733807265,8
4747,23,22,54,12,-2.4071199385443034,10
4748,50,40,8,23,-2.412256910417208,17
4749,7,32,15,15,-2.41306663658859,17
4750,94,19,28,11,-2.4149604753175535,8
4751,107,98,8,50,-2.415176397351887,48
4752,99,11,109,6,-2.419517402501051,5
4753,43,38,3,21,-2.4285463624949006,17
4754,96,17,3,9,-2.4320783711975644,8
4755,112,19,77,9,-2.4329966442768884,10
4756,51,19,14,12,-2.433844123091522,7
4757,3,53,68,27,-2.4376682306044293,26
4758,7,56,23,30,-2.44119174027295,26
4759,50,10,32,4,-2.4440541907162885,6
4760,61,15,63,9,-2.445410080263457,6
4761,65,17,61,8,-2.4487309858444055,9
4762,50,16,58,8,-2.4508398898046004,8
4763,84,10,40,5,-2.454221067396937,5
4764,86,17,110,9,-2.4597124602837575,8
4765,25,32,102,17,-2.460889696925049,15
4766,1,17,17,9,-2.462761073509874,8
4767,69,17,74,8,-2.466497282082459,9
4768,15,52,13,27,-2.4673961616838103,25
4769,8,30,64,17,-2.4716465780703305,13
4770,106,52,65,28,-2.4741835823316767,24
4771,28,58,87,30,-2.4778229626436263,28
4772,60,66,51,39,-2.4800293857511653,27
4773,79,25,28,13,-2.4854050300354316,12
4774,9,27,71,15,-2.485839871550414,12
4775,50,22,3,12,-2.4961254099461003,10
4776,111,38,65,22,-2.4964278491140734,16
4777,88,41,100,23,-2.4985821356472693,18
4778,67,13,84,6,-2.500709874534178,7
4779,86,63,114,33,-2.5031933128077966,30
4780,92,15,87,8,-2.5078466479835875,7
4781,43,29,57,17,-2.5092658098795178,12
4782,104,17,89,9,-2.5139241654919746,8
4783,36,15,12,8,-2.516319942513754,7
4784,29,18,97,10,-2.5164381029242997,8
4785,16,77,104,42,-2.5182352258511704,35
4786,46,27,68,15,-2.520930145642669,12
4787,62,61,16,35,-2.5254455848509716,26
4788,9,33,36,18,-2.527924078037464,15
4789,30,19,99,11,-2.530388293684777,8
4790,107,15,44,8,-2.5305445670994096,7
4791,62,10,61,5,-2.530755074166221,5
4792,17,29,7,16,-2.532089441361392,13
4793,88,60,40,33,-2.532837544735202,27
4794,87,94,30,51,-2.5374312113477226,43
4795,9,22,70,13,-2.539064949919759,9
4796,65,35,97,19,-2.5397394280205594,16
4797,20,40,88,20,-2.541950104212901,20
4798,36,74,7,40,-2.5493587507973596,34
4799,47,14,71,7,-2.550463226281338,7
4800,39,44,9,22,-2.551362349935292,22
4801,1,19,73,11,-2.5534291003907312,8
4802,48,20,76,12,-2.5555101588259883,8
4803,51,21,48,10,-2.5619467431523475,11
4804,68,109,7,59,-2.5626001746544604,50
4805,90,48,86,27,-2.5660355304043208,21
4806,13,26,33,14,-2.5699373786762183,12
4807,25,14,48,7,-2.5710538086168517,7
4808,51,29,1,15,-2.5741193049184647,14
4809,35,24,16,14,-2.575434774594282,10
4810,45,26,16,15,-2.575728914113901,11
4811,108,14,81,7,-2.575857374314636,7
4812,112,22,50,13,-2.578275791966451,9
4813,88,15,33,9,-2.581178022844097,6
4814,65,71,28,40,-2.5907378992374013,31
4815,109,10,1,5,-2.5929606771402347,5
4816,37,27,102,15,-2.5931875377695413,12
4817,65,21,94,10,-2.5932669985607406,11
4818,37,48,20,25,-2.593682765159078,23
4819,77,12,62,7,-2.5961939184273137,5
4820,51,47,57,25,-2.599162353840763,22
4821,60,38,11,21,-2.600434490474114,17
4822,91,23,36,13,-2.6004832054576417,10
4823,51,37,50,19,-2.6061429766239623,18
4824,1,29,40,16,-2.6081027273161874,13
4825,45,18,63,10,-2.6118302368324993,8
4826,95,41,104,23,-2.6172247089757983,18
4827,28,42,39,22,-2.6233394077803625,20
4828,3,40,15,22,-2.6249226124280622,18
4829,107,34,95,18,-2.633836762476073,16
4830,98,21,54,11,-2.633881490859558,10
4831,39,34,95,18,-2.633907594970312,16
4832,34,23,39,12,-2.6339682840559657,11
4833,22,12,51,7,-2.634920658551637,5
4834,54,13,110,7,-2.6358849029934506,6
4835,89,17,39,10,-2.637403555239236,7
4836,109,39,104,21,-2.643837630094446,18
4837,41,22,103,11,-2.648725308855804,11
4838,36,13,57,8,-2.65311609010537,5
4839,11,52,55,30,-2.65424554714003,22
4840,73,14,20,8,-2.6543798385197737,6
4841,80,39,16,23,-2.655474856892815,16
4842,27,24,40,11,-2.6563176029466633,13
4843,49,78,16,43,-2.657380064599686,35
4844,50,60,87,31,-2.663077057839838,29
4845,5,17,71,9,-2.668348512437487,8
4846,51,91,88,45,-2.6687287720041417,46
4847,104,67,37,37,-2.6697156594454787,30
4848,7,118,13,63,-2.670897317194471,55
4849,44,17,25,9,-2.67353547628176,8
4850,87,36,46,21,-2.674578900035653,15
4851,12,10,48,6,-2.6757754483893836,4
4852,5,25,39,13,-2.679132217269281,12
4853,107,21,93,12,-2.6848247910711347,9
4854,103,13,63,8,-2.685558245604488,5
4855,5,61,74,32,-2.685625674476679,29
4856,43,32,11,17,-2.6868915780495075,15
4857,102,20,13,12,-2.6891186576501824,8
4858,31,23,87,12,-2.691508727503307,11
4859,65,11,10,6,-2.6916160360342993,5
4860,68,42,30,22,-2.694179911234638,20
4861,37,20,43,10,-2.694551750219246,10
4862,106,63,87,33,-2.697752551932461,30
4863,81,26,107,14,-2.7020778677821466,12
4864,7,27,20,14,-2.7023319306021247,13
4865,29,26,94,14,-2.7112074149721894,12
4866,88,66,114,35,-2.711653784187523,31
4867,29,21,38,11,-2.7118691479278114,10
4868,86,180,16,102,-2.7150041242139573,78
4869,4,20,63,11,-2.717031964261838,9
4870,88,16,34,9,-2.717519501254015,7
4871,84,30,37,16,-2.724027270977717,14
4872,88,16,44,8,-2.725541522204711,8
4873,5,11,49,6,-2.7256599500520573,5
4874,57,24,68,12,-2.731461721250245,12
4875,65,16,89,9,-2.7326107907122044,7
4876,46,26,60,14,-2.733085524905184,12
4877,30,18,35,10,-2.73352153004485,8
4878,13,67,104,37,-2.7338355846201052,30
4879,86,29,35,17,-2.735934113725711,12
4880,63,12,99,6,-2.7377253409939395,6
4881,102,35,54,19,-2.738133577396995,16
4882,3,49,107,25,-2.7387582486518744,24
4883,51,115,13,59,-2.7446379900467215,56
4884,12,32,49,14,-2.744772343734479,18
4885,64,45,53,25,-2.745377769816893,20
4886,107,80,39,43,-2.746903265333253,37
4887,51,26,71,14,-2.7484840529184043,12
4888,51,41,12,22,-2.7508926819873185,19
4889,46,16,3,8,-2.7521722319308535,8
4890,43,14,70,8,-2.753352748891412,6
4891,96,34,97,17,-2.7556888339056824,17
4892,94,17,1,8,-2.7623810098011927,9
4893,53,10,103,7,-2.7626913899775767,3
4894,64,25,3,13,-2.7633012322646215,12
4895,64,25,50,13,-2.7638820326513205,12
4896,69,23,15,13,-2.7652098531538085,10
4897,88,60,27,31,-2.7660588381556592,29
4898,3,32,62,18,-2.7719381715786175,14
4899,100,12,93,7,-2.776431312725252,5
4900,87,17,10,9,-2.7770692343126613,8
4901,46,64,11,35,-2.7792177466233574,29
4902,40,30,18,18,-2.780722164544755,12
4903,39,19,69,10,-2.7854748533223024,9
4904,112,14,85,8,-2.7888570708398155,6
4905,102,12,70,5,-2.7906887378625385,7
4906,36,13,100,7,-2.7923934619121082,6
4907,1,26,7,14,-2.7932054952385057,12
4908,44,14,68,7,-2.795327721392822,7
4909,50,15,23,10,-2.79562399723425,5
4910,8,32,83,16,-2.795775595052068,16
4911,27,15,33,8,-2.798031990621951,7
4912,65,26,48,13,-2.800978027003419,13
4913,112,14,106,7,-2.805082024542775,7
4914,71,42,65,24,-2.8056942435602354,18
4915,41,15,99,8,-2.808167291861728,7
4916,36,32,1,16,-2.8095303452930676,16
4917,40,48,9,27,-2.81743847104381,21
4918,76,26,97,14,-2.8180456861896683,12
4919,23,18,30,10,-2.8181808786768645,8
4920,48,14,68,7,-2.8206443314688054,7
4921,87,40,12,22,-2.8207468302268035,18
4922,71,13,18,7,-2.821320109059585,6
4923,112,21,75,12,-2.824219405034082,9
4924,35,11,39,6,-2.836154761931755,5
4925,28,104,86,58,-2.8374089851944664,46
4926,16,25,4,12,-2.8411046840521466,13
4927,33,13,97,7,-2.8486496222061612,6
4928,53,51,39,28,-2.850176330999263,23
4929,28,96,16,53,-2.854985092700266,43
4930,28,25,69,13,-2.8619129564051375,12
4931,78,14,108,8,-2.8642940930834624,6
4932,89,11,54,7,-2.866653879558492,4
4933,84,70,28,39,-2.8670003890442084,31
4934,55,32,53,18,-2.868206535572335,14
4935,68,69,88,38,-2.8695211003313763,31
4936,94,16,103,8,-2.870581692988751,8
4937,87,25,83,13,-2.871024026015094,12
4938,1,14,112,9,-2.8723250567679224,5
4939,2,10,108,6,-2.87346504815302,4
4940,30,21,75,11,-2.8743282279457314,10
4941,77,14,106,7,-2.8755893681261617,7
4942,46,25,17,14,-2.875672610475698,11
4943,48,18,88,11,-2.878155115044796,7
4944,27,33,8,17,-2.8813894658039882,16
4945,88,69,60,39,-2.882862964870889,30
4946,72,42,13,22,-2.8878289190862247,20
4947,71,34,30,18,-2.8915964337712703,16
4948,107,52,34,30,-2.895848185904654,22
4949,79,33,16,19,-2.9049583801159375,14
4950,20,25,30,14,-2.905326304581671,11
4951,9,19,62,10,-2.9069158954391585,9
4952,53,29,95,18,-2.9078610003173133,11
4953,10,12,104,6,-2.911353003023708,6
4954,33,10,37,6,-2.9157377490462273,4
4955,31,11,55,6,-2.9183781753906346,5
4956,9,17,109,8,-2.91854195196147,9
4957,47,10,29,6,-2.919983374996915,4
4958,106,19,102,9,-2.920725539256512,10
4959,61,21,88,13,-2.9209863910476948,8
4960,62,14,1,7,-2.9215215839903967,7
4961,65,39,49,21,-2.9239609943299425,18
4962,33,10,3,6,-2.927658221464772,4
4963,40,18,12,9,-2.9302897037093416,9
4964,28,21,33,10,-2.934003356051797,11
4965,11,41,15,23,-2.935062650644006,18
4966,87,20,36,12,-2.935573250897671,8
4967,65,27,83,14,-2.938404758323202,13
4968,5,63,16,37,-2.93851451686489,26
4969,1,18,9,8,-2.9438107743951827,10
4970,46,18,71,9,-2.9448527741935377,9
4971,57,23,114,13,-2.9591464136641092,10
4972,46,23,114,13,-2.963143531607223,10
4973,57,18,25,10,-2.9649349505538742,8
4974,11,44,65,23,-2.9664408098026196,21
4975,63,16,73,8,-2.966556049159883,8
4976,51,38,49,20,-2.9679331720709357,18
4977,50,26,90,14,-2.969099568178274,12
4978,37,21,2,11,-2.969758011269449,10
4979,16,84,54,45,-2.9711690800953834,39
4980,4,32,36,19,-2.973906674035423,13
4981,41,28,43,15,-2.9751067750185958,13
4982,106,36,84,18,-2.975473960825012,18
4983,23,61,16,33,-2.975982663116796,28
4984,72,11,18,4,-2.976476380286214,7
4985,1,13,46,6,-2.9771068452784513,7
4986,13,23,85,14,-2.985985548040523,9
4987,69,11,4,6,-2.9994841766617113,5
4988,34,14,96,8,-3.001763014782561,6
4989,37,58,16,31,-3.002510719128323,27
4990,16,39,89,21,-3.006085567834273,18
4991,108,20,50,10,-3.006186687462408,10
4992,63,42,74,22,-3.0096162132471513,20
4993,16,48,20,28,-3.0148860726120588,20
4994,33,17,40,11,-3.0217035797006964,6
4995,79,38,86,21,-3.025515072530801,17
4996,41,46,63,25,-3.0272340731708356,21
4997,98,13,39,8,-3.033232316977357,5
4998,65,39,25,23,-3.0368934823131153,16
4999,79,22,30,13,-3.038702569108576,9
5000,96,13,38,7,-3.042215232246171,6
5001,93,28,86,15,-3.047207829379784,13
5002,55,45,7,26,-3.0547614693932803,19
5003,63,21,17,11,-3.0560482096450983,10
5004,25,18,71,10,-3.0644100067848146,8
5005,25,30,75,17,-3.0695517335408993,13
5006,7,37,43,22,-3.070632441088369,15
5007,104,23,97,12,-3.0789791419269115,11
5008,103,12,46,7,-3.079174575382035,5
5009,62,16,55,9,-3.0797392954165557,7
5010,28,12,66,6,-3.0826665795427424,6
5011,72,20,47,13,-3.083365842281265,7
5012,37,59,107,32,-3.087858660035623,27
5013,50,17,93,10,-3.0892168464304066,7
5014,27,17,6,9,-3.094787186521295,8
5015,109,10,85,7,-3.095406882310694,3
5016,19,28,34,16,-3.0972119799619966,12
5017,54,34,104,18,-3.0987784259955413,16
5018,54,29,17,15,-3.099464272586132,14
5019,74,16,88,10,-3.1000151762465453,6
5020,68,14,99,8,-3.100103615084475,6
5021,60,15,92,9,-3.1016290657385786,6
5022,100,24,98,14,-3.102517713271865,10
5023,86,21,111,12,-3.1037611827633467,9
5024,100,35,72,19,-3.105720140734587,16
5025,60,80,13,46,-3.1063619078243834,34
5026,4,24,50,12,-3.110559237136967,12
5027,17,25,25,14,-3.1106502600539123,11
5028,55,32,76,19,-3.115456044147197,13
5029,80,11,36,6,-3.115857421175655,5
5030,48,36,28,20,-3.1189690871072235,16
5031,63,34,100,17,-3.120017100138165,17
5032,60,44,43,24,-3.1256445227284724,20
5033,107,37,17,20,-3.1278325614986824,17
5034,28,11,6,6,-3.131247568187587,5
5035,76,24,3,13,-3.1320099121348606,11
5036,41,24,47,12,-3.137759511909013,12
5037,9,23,114,15,-3.140025237540426,8
5038,23,23,75,11,-3.148733601092015,12
5039,57,43,11,21,-3.1565311276310086,22
5040,7,51,104,28,-3.1582194180075027,23
5041,82,21,86,12,-3.1586560919846343,9
5042,4,19,75,11,-3.1591429263358264,8
5043,9,55,107,28,-3.165394319093782,27
5044,66,20,63,11,-3.166079264336923,9
5045,69,30,41,18,-3.1671568486745967,12
5046,20,26,55,14,-3.1691541193918393,12
5047,46,19,64,11,-3.1707966093526934,8
5048,60,25,106,15,-3.171261503808185,10
5049,54,29,78,16,-3.1794235894954275,13
5050,50,21,100,12,-3.1824846398299695,9
5051,114,31,54,16,-3.1847921316014287,15
5052,58,10,11,6,-3.1884299720547142,4
5053,90,22,17,13,-3.190848422422067,9
5054,8,15,69,8,-3.1913004711052855,7
5055,12,47,86,26,-3.1933658429369887,21
5056,39,41,36,23,-3.1998605067578247,18
5057,17,28,106,17,-3.2039846830051175,11
5058,29,25,103,13,-3.2059231580924314,12
5059,41,38,60,19,-3.207056299166633,19
5060,97,12,56,6,-3.20853124358707,6
5061,72,18,63,11,-3.2092039339659753,7
5062,31,47,60,23,-3.209470727487928,24
5063,97,19,50,11,-3.210625734622635,8
5064,74,16,17,9,-3.211770551027836,7
5065,86,24,89,12,-3.2137728032174717,12
5066,94,18,55,10,-3.2183549150249458,8
5067,80,10,100,6,-3.221630002984554,4
5068,12,16,54,8,-3.22546532700851,8
5069,65,50,23,26,-3.2292420048113133,24
5070,97,14,3,7,-3.230803945654675,7
5071,36,49,107,26,-3.2348387046482574,23
5072,60,25,99,14,-3.23819445910271,11
5073,81,12,23,7,-3.240703587077,5
5074,96,10,64,6,-3.2470341038418864,4
5075,25,47,114,27,-3.2540864225169717,20
5076,74,24,7,15,-3.2574931437928867,9
5077,107,63,68,33,-3.262613498145852,30
5078,38,41,16,26,-3.264587133386191,15
5079,67,13,114,7,-3.2746706512348394,6
5080,100,19,9,11,-3.281422019880646,8
5081,1,37,13,22,-3.2879398916144846,15
5082,35,15,55,8,-3.2899027901624853,7
5083,38,10,15,6,-3.2905237743764575,4
5084,79,17,76,10,-3.2930359935936764,7
5085,15,28,63,16,-3.2961749452345943,12
5086,15,27,23,15,-3.296466541508162,12
5087,98,11,34,5,-3.2977526881218022,6
5088,23,26,12,14,-3.2981731860922094,12
5089,19,18,50,10,-3.298334334031155,8
5090,29,37,3,21,-3.303675226777743,16
5091,61,13,47,7,-3.3043540506366402,6
5092,64,21,114,12,-3.3046667254482798,9
5093,50,33,65,18,-3.3047538561923004,15
5094,20,21,19,11,-3.3063904975233007,10
5095,64,43,107,23,-3.3076512331365557,20
5096,96,14,41,9,-3.3088942892360294,5
5097,25,66,86,35,-3.3097455853588764,31
5098,77,46,13,26,-3.3139824242272384,20
5099,54,59,96,30,-3.3145176699500087,29
5100,84,16,97,10,-3.3164282058099315,6
5101,97,14,98,7,-3.3185319117606134,7
5102,109,33,76,20,-3.3209127164363075,13
5103,55,85,13,47,-3.325656298998864,38
5104,49,52,27,29,-3.3272858804288514,23
5105,38,15,2,8,-3.3317495398967756,7
5106,81,12,50,6,-3.335453957922903,6
5107,48,17,80,10,-3.335623053391129,7
5108,5,13,68,7,-3.3380294056441095,6
5109,12,32,68,17,-3.3414057521350977,15
5110,51,158,16,84,-3.342671607600068,74
5111,20,19,15,11,-3.3455642497005824,8
5112,20,10,83,5,-3.3478898251644154,5
5113,107,15,14,9,-3.3479962116917648,6
5114,106,17,14,10,-3.3600594128266157,7
5115,61,14,9,8,-3.362078776884604,6
5116,8,23,14,13,-3.3634201583462144,10
5117,97,25,54,13,-3.3648153427656795,12
5118,20,17,40,10,-3.3649339637959677,7
5119,28,56,13,30,-3.367189637590283,26
5120,107,31,91,18,-3.369239220639531,13
5121,96,18,73,10,-3.3726024221333355,8
5122,39,40,64,22,-3.3772164918090852,18
5123,91,16,74,9,-3.379327346818842,7
5124,75,20,70,10,-3.3793498632006282,10
5125,102,27,109,15,-3.380979206671169,12
5126,27,28,75,16,-3.3829340399823242,12
5127,55,28,36,15,-3.38333657725735,13
5128,104,10,73,6,-3.3914910994647247,4
5129,28,13,4,7,-3.394082491248691,6
5130,11,22,79,13,-3.411899322441765,9
5131,36,11,17,5,-3.4172736451567602,6
5132,78,18,28,9,-3.4177116588011063,9
5133,11,24,64,15,-3.420093692917574,9
5134,37,12,4,7,-3.4218717037755013,5
5135,27,52,7,28,-3.4308990471010476,24
5136,48,20,106,11,-3.4316235296616595,9
5137,38,40,107,23,-3.4320037029545793,17
5138,62,39,107,20,-3.4346861632726857,19
5139,63,25,49,13,-3.435463908483024,12
5140,107,68,30,39,-3.4384720672497404,29
5141,86,94,7,54,-3.44879121802912,40
5142,87,156,86,82,-3.448942259153955,74
5143,86,97,63,57,-3.452765603775126,40
5144,114,14,112,7,-3.452952980329055,7
5145,23,21,37,11,-3.4530437057487378,10
5146,5,23,33,12,-3.4543275091771934,11
5147,57,33,30,20,-3.460548742434823,13
5148,43,22,34,12,-3.4624025418425397,10
5149,49,21,50,11,-3.468500479588225,10
5150,65,96,51,54,-3.469787790980819,42
5151,104,46,39,26,-3.4737677467957737,20
5152,27,41,34,22,-3.4773981792874955,19
5153,70,20,25,11,-3.484518115943742,9
5154,51,30,36,16,-3.4874600225025043,14
5155,50,13,94,8,-3.4892669802483667,5
5156,36,13,62,7,-3.4895283270523745,6
5157,5,16,14,10,-3.4903696256491523,6
5158,54,10,6,5,-3.4921987314309866,5
5159,109,26,20,16,-3.4929177397438647,10
5160,114,36,97,20,-3.4948097299506924,16
5161,51,39,114,20,-3.4973322349486473,19
5162,54,15,38,8,-3.502268170966973,7
5163,77,30,3,16,-3.5028026588503223,14
5164,98,17,73,9,-3.5039598524288147,8
5165,109,27,25,15,-3.504136926234722,12
5166,51,19,85,10,-3.5047202360231444,9
5167,23,16,74,9,-3.505315761927062,7
5168,3,19,102,11,-3.508860335973488,8
5169,17,24,11,13,-3.5151101549695967,11
5170,54,32,9,17,-3.52060468099837,15
5171,15,17,28,9,-3.5210057183007173,8
5172,74,16,89,9,-3.5219803445540383,7
5173,50,55,37,29,-3.5287986061002137,26
5174,25,17,93,9,-3.53003978897563,8
5175,109,27,65,14,-3.5304477413641826,13
5176,62,10,6,6,-3.5345556158920366,4
5177,84,26,85,16,-3.5349178606931724,10
5178,7,15,44,8,-3.535266020755458,7
5179,47,15,58,9,-3.535505795510925,6
5180,72,16,38,8,-3.5371202644959996,8
5181,30,32,28,17,-3.5399264254738525,15
5182,36,65,40,37,-3.5400829247343593,28
5183,8,37,23,21,-3.5407673906896964,16
5184,27,29,47,16,-3.543966431934924,13
5185,70,11,33,6,-3.545285037756224,5
5186,19,16,40,10,-3.545611871303118,6
5187,37,21,62,13,-3.5526687288143344,8
5188,36,19,28,10,-3.554999615354129,9
5189,79,12,60,7,-3.555370933230573,5
5190,7,28,6,13,-3.563185524233912,15
5191,87,21,6,12,-3.566989216260902,9
5192,43,19,25,12,-3.5730773529480713,7
5193,78,48,13,27,-3.57320418342887,21
5194,87,22,14,13,-3.5746572289058025,9
5195,78,14,33,8,-3.5759620126343434,6
5196,62,10,41,5,-3.5810735995056335,5
5197,5,62,88,33,-3.583030843412139,29
5198,11,18,14,11,-3.5868100547047623,7
5199,95,10,97,6,-3.5894324713347885,4
5200,11,22,7,13,-3.590907173314133,9
5201,5,61,104,33,-3.5931408944870395,28
5202,57,14,106,7,-3.59361898372693,7
5203,16,57,75,31,-3.59529020803502,26
5204,79,23,34,14,-3.5987779482770503,9
5205,41,88,65,52,-3.5987797514188595,36
5206,32,24,86,13,-3.600337352350486,11
5207,60,35,78,19,-3.6051174806852493,16
5208,27,46,12,27,-3.608122673674791,19
5209,88,36,1,19,-3.6124862498641357,17
5210,79,15,112,8,-3.621796379179409,7
5211,28,26,80,14,-3.6230809501897747,12
5212,5,51,55,29,-3.628046191114139,22
5213,88,26,12,15,-3.630548026952972,11
5214,41,60,51,33,-3.646621071359163,27
5215,70,10,14,5,-3.647042134114855,5
5216,23,13,9,7,-3.6475995665029,6
5217,98,16,114,9,-3.6481628146735163,7
5218,108,20,64,11,-3.648889859577028,9
5219,18,11,17,5,-3.651905683853183,6
5220,32,21,107,11,-3.65469777615246,10
5221,71,10,90,5,-3.6561036030201173,5
5222,31,24,39,14,-3.6610558433956157,10
5223,102,16,29,10,-3.6619328281849266,6
5224,85,20,28,11,-3.6675135147560156,9
5225,84,21,38,11,-3.6699802067032445,10
5226,51,72,54,40,-3.676698399835986,32
5227,20,17,78,9,-3.6916138480807783,8
5228,28,19,23,10,-3.6970356039584327,9
5229,108,12,17,7,-3.6979659768897495,5
5230,108,15,29,8,-3.6991799646967554,7
5231,35,10,112,5,-3.704644012481239,5
5232,87,42,95,22,-3.706416281336595,20
5233,86,57,60,32,-3.7078245531698175,25
5234,64,21,1,11,-3.7140968256416436,10
5235,5,21,15,13,-3.7147342263498166,8
5236,53,58,18,31,-3.7209254583124536,27
5237,86,40,91,22,-3.721705750823955,18
5238,41,26,20,13,-3.722699653504377,13
5239,40,13,15,7,-3.72557831166786,6
5240,5,31,90,18,-3.72922813011693,13
5241,50,19,15,11,-3.7318860586459177,8
5242,40,59,60,33,-3.7350164129782835,26
5243,4,13,1,8,-3.7360390878519705,5
5244,49,53,30,30,-3.736835118436628,23
5245,3,36,69,22,-3.739537956355414,14
5246,84,55,51,31,-3.742451182903001,24
5247,54,58,28,33,-3.742783353616919,25
5248,40,42,53,23,-3.7429391558119973,19
5249,76,37,50,18,-3.7437752407401983,19
5250,88,31,47,17,-3.7483887695304947,14
5251,3,77,87,44,-3.752478050778539,33
5252,107,13,52,8,-3.7535584759825276,5
5253,48,25,30,15,-3.7536152956466697,10
5254,39,24,23,13,-3.7563346379913134,11
5255,17,14,102,8,-3.765627490194505,6
5256,9,27,55,16,-3.772633679119087,11
5257,17,21,87,12,-3.7733166042192905,9
5258,54,47,11,26,-3.773551493195308,21
5259,13,47,114,23,-3.7759149187311722,24
5260,18,21,43,10,-3.778052323806025,11
5261,93,10,7,5,-3.7802315490169547,5
5262,98,28,104,13,-3.783243181516934,15
5263,51,52,106,29,-3.7850976424308227,23
5264,54,29,25,16,-3.7885203565536667,13
5265,39,11,6,6,-3.796620754703812,5
5266,77,22,109,12,-3.8026109276114344,10
5267,11,49,13,28,-3.806959730236584,21
5268,86,86,74,46,-3.8093023861998665,40
5269,71,27,28,16,-3.8126316435493957,11
5270,62,17,43,9,-3.8129445112496865,8
5271,5,16,110,9,-3.8138584796050905,7
5272,107,86,100,45,-3.8142681590797096,41
5273,91,28,5,17,-3.814625093066518,11
5274,86,94,11,52,-3.817311020390369,42
5275,51,44,77,23,-3.8173567093345033,21
5276,75,12,48,7,-3.8239435270874167,5
5277,3,11,4,6,-3.8250463920918425,5
5278,31,23,18,12,-3.8430258307678686,11
5279,50,22,41,13,-3.845767300582984,9
5280,76,39,28,21,-3.8485126894088935,18
5281,17,17,85,10,-3.8507511089593,7
5282,107,50,40,30,-3.8570605527160122,20
5283,80,16,90,10,-3.8670676152144083,6
5284,103,21,78,14,-3.8689479849207116,7
5285,48,11,2,7,-3.8719596921161834,4
5286,107,102,13,57,-3.8758966963796313,45
5287,49,11,102,7,-3.880578970933132,4
5288,112,22,3,11,-3.881829625852149,11
5289,57,12,6,7,-3.882176264826061,5
5290,19,19,8,11,-3.8866341483098394,8
5291,5,17,40,9,-3.8914877974226956,8
5292,54,25,1,14,-3.8929886538978145,11
5293,47,12,62,7,-3.897508167665008,5
5294,19,24,64,15,-3.8978418754092083,9
5295,63,30,55,16,-3.900377194965691,14
5296,48,14,23,8,-3.910408208571404,6
5297,64,29,75,16,-3.916000714039239,13
5298,49,45,76,26,-3.921117611266529,19
5299,2,28,5,16,-3.923277825320164,12
5300,90,13,43,8,-3.923424214669903,5
5301,34,24,65,14,-3.9259887492525167,10
5302,38,27,60,15,-3.9280695771482024,12
5303,20,15,18,9,-3.9303607040253326,6
5304,76,22,84,12,-3.9389733435046645,10
5305,8,26,62,15,-3.942054503863254,11
5306,40,11,6,6,-3.944267868023087,5
5307,43,19,35,10,-3.946831407739412,9
5308,104,11,67,6,-3.9505697623954874,5
5309,91,15,9,8,-3.9508212932565088,7
5310,3,26,8,13,-3.9551370260288152,13
5311,37,23,40,12,-3.9558411724945217,11
5312,84,21,10,12,-3.960254602065843,9
5313,72,31,39,17,-3.9655121143943206,14
5314,11,36,72,20,-3.968060185371889,16
5315,94,11,84,6,-3.9681566657444405,5
5316,102,13,41,8,-3.968301975819481,5
5317,19,44,29,26,-3.9690515830513657,18
5318,62,25,13,14,-3.96987023928499,11
5319,76,13,38,6,-3.9747180088014527,7
5320,14,12,96,7,-3.975747798085742,5
5321,76,10,83,6,-3.979171756100496,4
5322,97,18,60,9,-3.9792005525226384,9
5323,55,35,80,18,-3.9840812801034198,17
5324,14,12,112,6,-3.9932359631148633,6
5325,112,16,104,9,-3.994340241273064,7
5326,30,28,34,16,-3.996388351570268,12
5327,35,30,107,18,-3.998158281702754,12
5328,112,16,31,10,-4.001730552260444,6
5329,77,38,49,22,-4.008242269493056,16
5330,77,18,5,10,-4.010067732208504,8
5331,110,20,8,12,-4.013172679497397,8
5332,19,25,28,15,-4.019180575644085,10
5333,79,14,29,9,-4.020689709966037,5
5334,57,23,60,13,-4.037432638780123,10
5335,114,41,63,26,-4.0379729890543565,15
5336,43,10,1,5,-4.038976715758714,5
5337,78,35,100,20,-4.03903391431079,15
5338,100,39,104,22,-4.040446439481137,17
5339,69,12,84,7,-4.046782427990892,5
5340,40,10,32,5,-4.050021677419865,5
5341,20,10,14,6,-4.05196683725804,4
5342,75,16,15,10,-4.056062954518072,6
5343,49,28,68,16,-4.061110376543601,12
5344,39,11,56,5,-4.061429150921741,6
5345,27,39,72,21,-4.063603110178614,18
5346,38,12,20,8,-4.067291998076448,4
5347,73,19,65,11,-4.067312461469671,8
5348,31,68,7,38,-4.069172309295861,30
5349,37,15,69,8,-4.071098728743587,7
5350,46,21,95,12,-4.071848693893571,9
5351,33,14,30,9,-4.072796165922766,5
5352,11,17,85,10,-4.074093197649269,7
5353,72,17,89,10,-4.08355253108876,7
5354,75,21,91,8,-4.084376386784757,13
5355,98,17,78,9,-4.084899624702052,8
5356,16,47,95,25,-4.085164151883546,22
5357,19,11,36,6,-4.08859021842168,5
5358,49,12,108,7,-4.089652321500352,5
5359,69,52,16,30,-4.090269746881041,22
5360,8,15,111,8,-4.091375789332371,7
5361,103,24,65,15,-4.096777231970144,9
5362,35,24,20,14,-4.0987287220029165,10
5363,93,20,83,11,-4.100880722204596,9
5364,51,48,75,26,-4.10605342104463,22
5365,63,30,97,17,-4.107378727934816,13
5366,55,17,108,10,-4.110943675956946,7
5367,2,12,7,7,-4.115660194227728,5
5368,87,14,42,8,-4.125698672116462,6
5369,50,15,83,7,-4.131296712002355,8
5370,106,51,107,28,-4.131711792879515,23
5371,20,11,71,7,-4.1364305573939655,4
5372,71,47,53,27,-4.141303557057989,20
5373,28,77,50,44,-4.143924434349461,33
5374,17,12,99,7,-4.148375833376952,5
5375,84,24,27,13,-4.156059221916358,11
5376,2,10,19,5,-4.15617878328422,5
5377,27,14,92,7,-4.157793062407015,7
5378,107,127,87,71,-4.160286709997388,56
5379,53,31,87,16,-4.161236932204784,15
5380,22,17,34,10,-4.1630551469091674,7
5381,5,40,83,21,-4.163709904424498,19
5382,96,24,60,16,-4.164982345638217,8
5383,103,13,18,8,-4.1752141807255745,5
5384,46,65,86,39,-4.177941804652245,26
5385,25,27,23,15,-4.182190113226042,12
5386,43,11,93,6,-4.184906166012258,5
5387,87,15,26,8,-4.1857738726901506,7
5388,93,15,29,8,-4.188724926111399,7
5389,77,28,19,15,-4.1898819439457275,13
5390,34,25,29,13,-4.194433318367101,12
5391,23,57,107,31,-4.195631697148174,26
5392,72,14,20,8,-4.198852334302272,6
5393,36,56,65,32,-4.205692860728478,24
5394,72,42,86,24,-4.2057716989518354,18
5395,48,20,27,12,-4.2066865294128375,8
5396,20,21,17,12,-4.207666463256875,9
5397,48,10,52,6,-4.211289472665269,4
5398,84,19,43,10,-4.2146198508874155,9
5399,18,19,4,11,-4.220670692754496,8
5400,100,29,28,17,-4.221129674472951,12
5401,44,11,71,6,-4.223524348839454,5
5402,38,21,9,12,-4.2241565966881796,9
5403,89,17,43,9,-4.227307951626209,8
5404,11,29,48,17,-4.229170885335417,12
5405,62,13,17,7,-4.2301807671986245,6
5406,62,20,30,11,-4.230291626453229,9
5407,104,11,29,6,-4.232469176091443,5
5408,87,31,71,17,-4.240167636343153,14
5409,49,20,89,11,-4.240399551250413,9
5410,71,44,16,26,-4.24180487871631,18
5411,34,14,106,7,-4.243674039664677,7
5412,69,42,13,24,-4.244765914439893,18
5413,70,13,100,7,-4.246698616682759,6
5414,60,28,76,17,-4.2507308281171925,11
5415,68,32,69,18,-4.253129950198648,14
5416,106,55,37,29,-4.262507559544696,26
5417,13,69,100,38,-4.270767009480659,31
5418,103,12,23,7,-4.270875329150464,5
5419,77,17,64,11,-4.277480817622541,6
5420,90,18,30,10,-4.2791469362412995,8
5421,49,25,64,15,-4.280681280496889,10
5422,65,51,74,28,-4.282390955650973,23
5423,69,22,50,11,-4.283220710932239,11
5424,78,32,68,18,-4.290052324917813,14
5425,55,45,37,24,-4.301001080588835,21
5426,53,27,106,14,-4.302319600135904,13
5427,88,20,72,12,-4.310304108373475,8
5428,104,64,86,36,-4.312979598799538,28
5429,17,23,97,13,-4.313428551304964,10
5430,65,61,8,34,-4.3149700472293935,27
5431,40,22,4,12,-4.316643149060886,10
5432,80,14,19,8,-4.32884820464931,6
5433,41,19,95,11,-4.33214397979218,8
5434,22,12,60,7,-4.334241842742773,5
5435,19,33,72,19,-4.335697285589667,14
5436,94,13,77,8,-4.342999354868117,5
5437,6,16,65,9,-4.346168811124804,7
5438,83,11,19,6,-4.35939819270106,5
5439,71,31,64,19,-4.3594731378011655,12
5440,23,20,95,11,-4.361896262769259,9
5441,16,30,81,17,-4.36369361186132,13
5442,70,17,49,9,-4.364791676107705,8
5443,20,12,89,7,-4.365845085514368,5
5444,9,15,74,9,-4.367415226980933,6
5445,23,23,40,13,-4.368423326803304,10
5446,88,103,86,58,-4.3729235653133225,45
5447,25,33,87,18,-4.379098196808539,15
5448,29,20,54,12,-4.381395329954479,8
5449,16,39,97,21,-4.395866715554319,18
5450,65,26,90,13,-4.399856936469098,13
5451,5,35,76,20,-4.4006703577730075,15
5452,28,53,20,30,-4.401187083369335,23
5453,108,14,71,8,-4.402422140240555,6
5454,15,21,47,11,-4.413268254147364,10
5455,5,118,86,67,-4.4152564938780525,51
5456,53,64,7,36,-4.416213736910667,28
5457,70,30,84,17,-4.416286467774103,13
5458,23,17,29,9,-4.418393467914162,8
5459,13,30,99,17,-4.4209668288342625,13
5460,49,30,78,16,-4.425046116990907,14
5461,20,14,23,8,-4.427778675436007,6
5462,58,10,17,4,-4.43139506148379,6
5463,70,39,37,23,-4.433263990915908,16
5464,90,17,76,11,-4.433393911042904,6
5465,96,16,78,10,-4.433803384678501,6
5466,86,60,49,33,-4.435620675790316,27
5467,107,45,19,27,-4.439050926597956,18
5468,107,85,88,50,-4.442479980707134,35
5469,3,66,27,37,-4.4451646134952085,29
5470,49,18,94,11,-4.445619988851259,7
5471,57,48,87,27,-4.453039472079797,21
5472,97,11,77,7,-4.454901155383995,4
5473,85,14,19,8,-4.456802611003387,6
5474,49,11,96,6,-4.460220810874953,5
5475,54,15,79,9,-4.4628144491387465,6
5476,109,24,69,14,-4.462898820440797,10
5477,57,16,85,9,-4.462920901490054,7
5478,32,18,37,10,-4.466542082918523,8
5479,18,20,49,13,-4.468014752855383,7
5480,94,11,108,6,-4.472725388082187,5
5481,25,31,96,17,-4.472832877552796,14
5482,87,43,89,25,-4.476155648703398,18
5483,64,46,7,25,-4.481240056988838,21
5484,93,18,20,9,-4.482095461796372,9
5485,71,44,75,27,-4.485645835804011,17
5486,7,109,16,61,-4.487436298549421,48
5487,89,23,13,14,-4.495493504352196,9
5488,86,17,45,10,-4.50107524649334,7
5489,72,29,54,18,-4.507929103645558,11
5490,43,40,39,22,-4.510508397787332,18
5491,96,10,57,5,-4.51150966917618,5
5492,54,64,63,37,-4.513765725874225,27
5493,112,18,49,10,-4.51791122222607,8
5494,50,23,74,13,-4.520207268757789,10
5495,48,19,57,11,-4.524936793492176,8
5496,28,44,55,26,-4.526943972884062,18
5497,75,23,106,12,-4.532198108241352,11
5498,28,29,93,18,-4.540056078542574,11
5499,3,62,16,37,-4.542356093608129,25
5500,50,56,16,33,-4.542580234745904,23
5501,11,22,77,12,-4.543733506971011,10
5502,15,18,99,11,-4.551461310618722,7
5503,86,48,64,27,-4.551536600081676,21
5504,46,15,83,8,-4.551826612706295,7
5505,23,15,70,8,-4.554568026577774,7
5506,5,18,43,10,-4.559277543830877,8
5507,57,37,19,20,-4.559363107017673,17
5508,104,16,99,8,-4.5627492392393005,8
5509,114,43,60,21,-4.570942388181802,22
5510,95,14,99,8,-4.572737764013049,6
5511,58,23,7,12,-4.5750345256693405,11
5512,65,16,99,9,-4.579704538683155,7
5513,37,15,9,8,-4.590013554185221,7
5514,38,15,108,9,-4.591465457156278,6
5515,96,32,50,18,-4.592653394244438,14
5516,89,15,57,8,-4.5933511735185855,7
5517,18,22,100,12,-4.596212969192917,10
5518,107,60,41,37,-4.597389180870248,23
5519,58,12,27,6,-4.599497662673681,6
5520,39,18,80,10,-4.600479594629686,8
5521,96,21,13,12,-4.608058597276484,9
5522,37,40,75,25,-4.608119905928107,15
5523,57,11,74,6,-4.613445177041247,5
5524,68,20,85,13,-4.615895850726343,7
5525,40,10,72,6,-4.616108231770903,4
5526,19,41,51,25,-4.631222093494112,16
5527,91,16,102,9,-4.632859199025976,7
5528,110,15,106,8,-4.633960085739292,7
5529,49,32,17,16,-4.635564491950155,16
5530,25,22,60,12,-4.63628280649392,10
5531,69,11,80,6,-4.638884395252672,5
5532,16,94,30,56,-4.639128937275915,38
5533,78,27,15,14,-4.643268039574817,13
5534,58,17,12,10,-4.645880660678283,7
5535,96,39,63,24,-4.649023449526143,15
5536,1,16,15,10,-4.649350840919031,6
5537,79,13,27,7,-4.651583262533679,6
5538,47,15,25,8,-4.655390231832651,7
5539,50,48,104,28,-4.65583203026361,20
5540,60,19,61,10,-4.6560260564335465,9
5541,98,26,11,14,-4.667493378770945,12
5542,92,10,75,6,-4.670779177266829,4
5543,8,24,12,14,-4.676848682458997,10
5544,3,25,109,14,-4.677062907217811,11
5545,46,52,51,30,-4.6809550993623334,22
5546,39,51,40,30,-4.685059105758994,21
5547,106,13,111,9,-4.703726078810505,4
5548,107,34,98,19,-4.703806209041121,15
5549,81,18,4,11,-4.707056678124466,7
5550,46,23,20,15,-4.708713070266477,8
5551,88,21,58,12,-4.71148188889534,9
5552,45,11,30,7,-4.71768267651097,4
5553,31,32,75,17,-4.72198275034643,15
5554,87,44,94,24,-4.7267105551835815,20
5555,66,14,11,7,-4.7267990602382985,7
5556,104,34,41,18,-4.7268653056009,16
5557,108,13,25,8,-4.727424255422313,5
5558,64,11,78,6,-4.739103426156507,5
5559,77,16,25,9,-4.745845616411634,7
5560,20,13,62,8,-4.7489453833796285,5
5561,50,23,7,13,-4.754905099968972,10
5562,46,69,13,41,-4.756415151860815,28
5563,62,14,106,8,-4.759729251582842,6
5564,84,28,13,17,-4.762106527456084,11
5565,108,20,30,12,-4.765041003995,8
5566,65,71,30,41,-4.766897212102787,30
5567,98,15,18,7,-4.76828904567196,8
5568,3,43,12,26,-4.769009589089563,17
5569,31,15,12,8,-4.7706324645211815,7
5570,70,13,90,7,-4.771084444295364,6
5571,23,14,33,8,-4.772846471482117,6
5572,98,21,70,13,-4.776806059512888,8
5573,5,12,9,7,-4.777710715122406,5
5574,65,115,16,65,-4.782452205057376,50
5575,81,20,41,12,-4.785164896950242,8
5576,78,53,86,29,-4.786494656983798,24
5577,68,24,29,14,-4.788097341695898,10
5578,10,12,5,6,-4.788462999241516,6
5579,20,13,52,8,-4.795236183864798,5
5580,65,89,104,50,-4.796826488170186,39
5581,25,11,111,6,-4.797175922879401,5
5582,97,22,41,12,-4.799957538599525,10
5583,96,22,75,15,-4.801381492311929,7
5584,12,16,1,9,-4.804302234326604,7
5585,68,14,89,8,-4.8060770512882325,6
5586,54,47,13,27,-4.808693475353388,20
5587,20,11,77,6,-4.80957078979778,5
5588,63,34,104,19,-4.811269466320188,15
5589,79,23,13,14,-4.81127521378253,9
5590,85,11,74,6,-4.8123880044938,5
5591,64,20,12,12,-4.814047437556217,8
5592,54,15,14,10,-4.820525855929134,5
5593,25,19,31,10,-4.823839301099769,9
5594,15,21,114,12,-4.8260102326414716,9
5595,67,15,8,9,-4.831909846155587,6
5596,100,17,47,10,-4.8376341354753,7
5597,96,22,39,14,-4.8469385601006945,8
5598,103,33,27,20,-4.847235428306037,13
5599,94,31,30,17,-4.848071493453302,14
5600,32,12,97,7,-4.851459349576825,5
5601,23,23,64,13,-4.856194819207908,10
5602,42,12,72,7,-4.857673633217596,5
5603,112,31,100,17,-4.858414274039207,14
5604,89,10,5,7,-4.8624656409017435,3
5605,64,10,95,5,-4.863376640358333,5
5606,1,11,29,7,-4.866934575588786,4
5607,30,30,18,17,-4.868176896140198,13
5608,57,26,88,14,-4.87081224887015,12
5609,35,14,3,8,-4.8776341750711,6
5610,79,20,63,12,-4.882182316485546,8
5611,95,11,69,7,-4.882909765417964,4
5612,17,19,23,11,-4.884057347144711,8
5613,18,12,94,7,-4.884425557504233,5
5614,101,10,39,6,-4.889741278103361,4
5615,103,22,30,13,-4.892133206382255,9
5616,81,39,86,25,-4.896461152277935,14
5617,68,30,47,17,-4.897107609370838,13
5618,28,12,38,6,-4.907164394244709,6
5619,77,11,48,7,-4.913344813951473,4
5620,100,93,16,54,-4.918404827379155,39
5621,109,16,95,10,-4.92318353619376,6
5622,106,56,74,32,-4.924754963776781,24
5623,63,17,108,10,-4.925158043652064,7
5624,36,40,86,23,-4.92743325124,17
5625,85,17,63,9,-4.93137224468223,8
5626,51,50,78,26,-4.932949040299611,24
5627,37,26,98,15,-4.940519420053042,11
5628,71,11,49,6,-4.9409457894604065,5
5629,32,14,28,8,-4.942148577857081,6
5630,78,15,40,10,-4.942465399220725,5
5631,106,29,80,17,-4.946009667025367,12
5632,109,48,88,29,-4.946124278822101,19
5633,109,10,89,6,-4.9475695420693455,4
5634,68,19,56,10,-4.94813216675333,9
5635,47,32,7,19,-4.949472292851426,13
5636,89,10,77,5,-4.9496005024045315,5
5637,3,26,114,16,-4.9544765393283035,10
5638,64,16,62,8,-4.958930096475884,8
5639,90,23,96,14,-4.963939687748074,9
5640,3,41,30,26,-4.964820410680745,15
5641,114,21,27,12,-4.967571693509976,9
5642,86,19,66,11,-4.9683401954483175,8
5643,23,11,98,6,-4.969965161139004,5
5644,3,13,106,8,-4.972676967703687,5
5645,44,10,80,5,-4.973541413806903,5
5646,65,30,70,19,-4.973765781446556,11
5647,60,46,23,27,-4.974553671649712,19
5648,86,73,37,41,-4.980857284592115,32
5649,114,14,77,7,-4.98692140299295,7
5650,94,19,63,11,-4.988953899876627,8
5651,29,16,70,8,-4.990481050245632,8
5652,31,23,50,13,-4.991999785997779,10
5653,96,23,51,13,-5.001175453325252,10
5654,41,50,87,28,-5.001718948477807,22
5655,58,21,49,11,-5.003014201039977,10
5656,106,41,7,21,-5.003800212982271,20
5657,5,26,93,16,-5.004460526821323,10
5658,83,13,102,8,-5.005327574584489,5
5659,94,17,112,11,-5.010192110959226,6
5660,63,12,93,7,-5.011120266810433,5
5661,18,19,55,10,-5.012210431301632,9
5662,109,34,41,21,-5.028182630199461,13
5663,15,16,34,10,-5.028728127473961,6
5664,34,12,112,7,-5.029259987635679,5
5665,93,26,74,14,-5.031462008142044,12
5666,74,24,100,14,-5.032874442379239,10
5667,91,16,40,9,-5.034652795604084,7
5668,2,23,20,13,-5.04811788923968,10
5669,75,20,95,12,-5.050260152484929,8
5670,103,27,13,17,-5.050931612605477,10
5671,17,12,12,7,-5.051854355123881,5
5672,19,45,78,27,-5.052434315983816,18
5673,77,27,78,15,-5.057692528495698,12
5674,10,16,7,9,-5.060407065651965,7
5675,27,56,100,32,-5.080984098773694,24
5676,20,10,32,7,-5.082163415292113,3
5677,5,15,34,10,-5.091205514677906,5
5678,29,22,41,13,-5.098991788467605,9
5679,62,37,86,21,-5.101426314391749,16
5680,88,55,11,33,-5.1065190461811305,22
5681,1,10,30,6,-5.107240382060614,4
5682,15,47,100,27,-5.123121997282324,20
5683,33,14,64,9,-5.132334361355243,5
5684,58,30,40,16,-5.133397385337805,14
5685,3,21,36,13,-5.136055944816982,8
5686,38,23,109,15,-5.136953889041774,8
5687,71,15,70,8,-5.140933357571855,7
5688,70,17,13,10,-5.142156998200086,7
5689,38,17,80,9,-5.143241338130117,8
5690,97,13,11,7,-5.1491543911628765,6
5691,9,24,106,14,-5.150083731218857,10
5692,28,16,35,8,-5.153123660542294,8
5693,69,30,78,17,-5.156427155096976,13
5694,46,14,38,9,-5.157148141301116,5
5695,30,16,47,8,-5.159042864029296,8
5696,5,12,67,7,-5.159840528973079,5
5697,86,51,43,29,-5.160670791705631,22
5698,86,16,6,10,-5.164261408107595,6
5699,96,29,65,16,-5.165027076154164,13
5700,54,11,31,6,-5.168002033532433,5
5701,60,59,39,33,-5.168723942798302,26
5702,32,19,11,10,-5.169600921182679,9
5703,3,57,39,31,-5.172887065574928,26
5704,112,14,74,8,-5.173073586151801,6
5705,54,19,91,10,-5.179574587066859,9
5706,48,12,91,6,-5.179665478095682,6
5707,97,17,75,10,-5.1834390154874335,7
5708,87,79,100,44,-5.186783463134059,35
5709,71,10,6,6,-5.193692278292731,4
5710,113,13,40,8,-5.1937263926866155,5
5711,80,18,104,10,-5.194103195079235,8
5712,39,25,46,12,-5.196853389468726,13
5713,15,18,89,10,-5.197663649290208,8
5714,57,35,8,21,-5.208160025736119,14
5715,64,13,72,7,-5.212965866676403,6
5716,86,20,10,11,-5.2191524654968555,9
5717,88,101,7,58,-5.220134457500585,43
5718,106,54,54,29,-5.222938310920246,25
5719,35,26,11,15,-5.223790778296071,11
5720,39,23,92,12,-5.223931097826435,11
5721,5,11,35,6,-5.226534281744123,5
5722,57,12,17,8,-5.228708389418875,4
5723,86,81,100,45,-5.228718125693868,36
5724,107,60,75,39,-5.231874163862644,21
5725,76,15,44,9,-5.232736844369689,6
5726,25,21,91,12,-5.236778929543696,9
5727,109,20,72,12,-5.237390001234544,8
5728,40,26,25,15,-5.242222631716464,11
5729,12,20,98,12,-5.2458423308532485,8
5730,53,38,16,23,-5.24868442383076,15
5731,49,28,41,16,-5.249338337674644,12
5732,31,11,35,6,-5.255104723881266,5
5733,33,18,68,11,-5.257015515736626,7
5734,65,40,43,22,-5.257826362134877,18
5735,1,11,34,8,-5.259854618241466,3
5736,69,17,103,9,-5.270007364936181,8
5737,6,20,88,12,-5.272285617199486,8
5738,77,11,108,7,-5.283240563660734,4
5739,92,12,28,8,-5.284547759707863,4
5740,103,24,39,13,-5.290499681742949,11
5741,86,21,99,13,-5.291638236148404,8
5742,49,58,87,32,-5.292672771604692,26
5743,3,11,89,6,-5.295815593088658,5
5744,37,26,57,15,-5.296608425452367,11
5745,23,10,78,6,-5.303068144131312,4
5746,87,19,73,13,-5.303982369774458,6
5747,63,25,46,13,-5.304512093520618,12
5748,86,38,34,22,-5.308774927674139,16
5749,23,26,63,16,-5.3090102841563285,10
5750,3,40,7,24,-5.315954351050264,16
5751,48,25,39,16,-5.326525646398726,9
5752,51,33,62,19,-5.327533238316313,14
5753,64,21,83,12,-5.328824418011839,9
5754,51,33,5,21,-5.328986421528186,12
5755,102,14,97,9,-5.335160623731833,5
5756,12,22,103,11,-5.337957312778072,11
5757,90,37,54,22,-5.340914168653277,15
5758,50,18,78,11,-5.342630350789609,7
5759,98,18,20,11,-5.352741331858431,7
5760,97,35,7,19,-5.356987360153852,16
5761,12,13,20,7,-5.360426970680715,6
5762,111,11,30,7,-5.365294658165566,4
5763,39,36,84,20,-5.36967448681498,16
5764,18,25,15,15,-5.370261713586335,10
5765,30,15,98,8,-5.370529040661888,7
5766,106,14,6,8,-5.390411966564588,6
5767,74,20,34,13,-5.390554150511844,7
5768,12,16,63,8,-5.391260705608898,8
5769,51,53,17,29,-5.396332747607756,24
5770,33,20,8,12,-5.397787705463005,8
5771,76,29,112,16,-5.403769892160428,13
5772,58,11,4,7,-5.405037105567137,4
5773,81,14,78,7,-5.405603948540432,7
5774,34,21,9,12,-5.406001466575153,9
5775,106,26,2,15,-5.41401262665605,11
5776,58,10,23,6,-5.417812881789321,4
5777,86,52,41,32,-5.422212270383411,20
5778,25,38,104,21,-5.422383455319622,17
5779,63,30,57,16,-5.4237588746313765,14
5780,68,29,71,18,-5.43565333686224,11
5781,88,88,54,52,-5.435654938222569,36
5782,11,55,51,34,-5.443782340904028,21
5783,13,14,52,8,-5.444984627732146,6
5784,49,34,54,20,-5.449189781331788,14
5785,50,13,57,8,-5.460704285123109,5
5786,74,13,31,8,-5.4682993706513905,5
5787,17,31,28,18,-5.468605078583842,13
5788,17,22,72,13,-5.472151820286163,9
5789,25,22,100,12,-5.476003695191376,10
5790,55,27,111,16,-5.492663797248299,11
5791,52,12,50,6,-5.49564209413134,6
5792,102,10,67,6,-5.497246561771854,4
5793,37,69,87,40,-5.500923627593116,29
5794,111,10,5,6,-5.501968622126494,4
5795,40,13,2,8,-5.504797437287728,5
5796,19,30,62,19,-5.507911360624397,11
5797,109,13,32,7,-5.508051897308614,6
5798,38,32,39,19,-5.509418569416409,13
5799,83,19,95,12,-5.510188596504651,7
5800,65,23,45,12,-5.510611418282088,11
5801,77,25,15,15,-5.5117176973275805,10
5802,89,10,17,6,-5.511777751894211,4
5803,84,10,89,5,-5.518590211576736,5
5804,48,24,13,14,-5.520624456307564,10
5805,103,11,104,6,-5.528181230693726,5
5806,13,35,58,22,-5.535900844279715,13
5807,85,11,8,7,-5.538404103047143,4
5808,102,14,15,9,-5.539976966220618,5
5809,70,11,44,6,-5.543204446478318,5
5810,75,42,18,24,-5.546579166688548,18
5811,84,18,25,11,-5.546687618128967,7
5812,29,16,50,9,-5.5470112764609665,7
5813,31,53,36,30,-5.548564460468655,23
5814,25,41,8,25,-5.550067480025429,16
5815,57,16,12,10,-5.552040542138188,6
5816,54,16,69,9,-5.552096999235808,7
5817,46,44,8,24,-5.55305372609631,20
5818,107,42,48,24,-5.555372120517398,18
5819,4,11,46,6,-5.556221874645653,5
5820,95,30,13,17,-5.5569838085167085,13
5821,57,11,18,7,-5.557171046422164,4
5822,95,10,31,6,-5.5581891593402775,4
5823,108,14,37,8,-5.561998311446509,6
5824,9,11,72,6,-5.567587328744072,5
5825,8,109,16,65,-5.5697446088851965,44
5826,38,23,7,13,-5.5754388810337625,10
5827,44,22,20,13,-5.576158683247873,9
5828,107,39,58,24,-5.588947967313521,15
5829,96,38,20,23,-5.591064360306497,15
5830,64,17,80,9,-5.593698551425533,8
5831,60,36,49,21,-5.599554299427176,15
5832,102,21,30,11,-5.601838212614089,10
5833,49,28,72,17,-5.603830837042355,11
5834,81,30,15,17,-5.604738646654968,13
5835,85,15,55,9,-5.607159089440444,6
5836,49,10,66,6,-5.61016441447998,4
5837,15,36,43,21,-5.612695510464226,15
5838,68,41,76,27,-5.614845988196357,14
5839,61,17,86,10,-5.615128594276013,7
5840,98,16,102,9,-5.616900846312716,7
5841,91,26,68,14,-5.619466372772095,12
5842,5,10,19,6,-5.623378775596125,4
5843,19,34,13,21,-5.623798963395328,13
5844,38,31,88,20,-5.624690085772771,11
5845,62,11,83,7,-5.627185885075068,4
5846,3,32,11,19,-5.627969794832959,13
5847,87,48,48,30,-5.631302033442318,18
5848,46,16,109,9,-5.636528034552761,7
5849,104,18,62,12,-5.643310295152116,6
5850,97,10,4,6,-5.649870700339141,4
5851,75,31,46,18,-5.654705399493309,13
5852,2,13,30,7,-5.655225265692612,6
5853,41,34,64,21,-5.6565010143759125,13
5854,107,143,16,88,-5.6565422387296485,55
5855,88,36,25,23,-5.660869431868404,13
5856,84,37,16,22,-5.660913981238356,15
5857,82,11,54,7,-5.664278302313933,4
5858,38,10,23,6,-5.6654185371586925,4
5859,99,31,16,18,-5.665818337043018,13
5860,25,10,94,5,-5.671887186214522,5
5861,51,80,100,43,-5.672256402276974,37
5862,27,20,37,12,-5.683947818628645,8
5863,40,21,35,13,-5.68914021357686,8
5864,37,23,41,14,-5.690389002068543,9
5865,32,10,70,5,-5.69247937209622,5
5866,43,22,64,13,-5.702442528376269,9
5867,3,25,81,15,-5.703142713570871,10
5868,48,16,69,9,-5.7047999540187995,7
5869,47,25,11,15,-5.7100303388609515,10
5870,74,13,15,8,-5.7106976006271415,5
5871,55,31,109,16,-5.712408791206378,15
5872,51,31,108,18,-5.714339055081445,13
5873,12,16,69,8,-5.715951067980106,8
5874,52,10,39,6,-5.718885643095016,4
5875,53,16,57,9,-5.72448039751102,7
5876,51,26,25,15,-5.726135112848953,11
5877,9,14,45,9,-5.7278535004589894,5
5878,51,54,76,33,-5.728636447204297,21
5879,54,40,55,22,-5.729162102948166,18
5880,47,31,107,18,-5.730039668040248,13
5881,109,10,80,5,-5.736195162181013,5
5882,106,42,25,26,-5.737688222420903,16
5883,60,24,17,14,-5.742654989357156,10
5884,114,25,100,15,-5.743860264273012,10
5885,18,25,50,14,-5.74537053291684,11
5886,20,64,107,37,-5.747310682281413,27
5887,77,12,36,7,-5.751140829309575,5
5888,12,12,47,7,-5.753232192548286,5
5889,53,13,58,6,-5.756559382638675,7
5890,2,16,76,10,-5.758955323935481,6
5891,29,28,51,16,-5.7638840206812985,12
5892,52,11,51,6,-5.770255561533728,5
5893,109,16,62,8,-5.770362238431113,8
5894,19,39,11,24,-5.773505801410168,15
5895,91,11,64,7,-5.780157364605295,4
5896,15,32,29,18,-5.784481582736737,14
5897,81,16,104,8,-5.786821230718971,8
5898,9,21,17,12,-5.788074839959892,9
5899,107,48,76,31,-5.789796382951222,17
5900,30,29,50,17,-5.790909551112376,12
5901,51,110,39,64,-5.791910239876265,46
5902,43,29,69,17,-5.793217873056412,12
5903,34,29,100,16,-5.7992215447696704,13
5904,31,19,91,12,-5.801858258461764,7
5905,106,11,10,8,-5.803672894932926,3
5906,98,19,8,12,-5.806615359942181,7
5907,109,20,73,12,-5.807578339260897,8
5908,20,13,79,8,-5.810117746469003,5
5909,75,56,86,31,-5.819454003755878,25
5910,45,13,112,7,-5.822653512724091,6
5911,93,37,8,21,-5.824171473230354,16
5912,25,49,13,27,-5.82760144771215,22
5913,88,48,23,30,-5.836406273695646,18
5914,13,40,63,23,-5.83698160270361,17
5915,66,13,88,8,-5.8387523732132625,5
5916,93,23,16,12,-5.842811946264205,11
5917,74,11,49,6,-5.844136641014432,5
5918,55,28,100,15,-5.848018543019886,13
5919,3,39,65,24,-5.850081377266889,15
5920,14,17,65,9,-5.850273562995321,8
5921,79,12,80,6,-5.851472407179259,6
5922,87,50,23,30,-5.853226854544745,20
5923,93,16,75,9,-5.854064268882732,7
5924,51,52,104,33,-5.856995324327739,19
5925,112,21,7,13,-5.863389950487477,8
5926,7,17,34,10,-5.863504951401842,7
5927,77,28,107,16,-5.863901908728823,12
5928,53,54,68,32,-5.8668125784316985,22
5929,109,46,11,28,-5.869395565361234,18
5930,98,18,55,11,-5.870446924304781,7
5931,31,12,28,7,-5.876337878232255,5
5932,87,62,43,37,-5.877354769110474,25
5933,19,27,41,17,-5.880218602490824,10
5934,17,52,16,33,-5.880958962864011,19
5935,15,31,8,17,-5.881893034376993,14
5936,36,12,46,7,-5.882094180819337,5
5937,74,22,102,13,-5.882481039476397,9
5938,108,17,75,10,-5.885506345854971,7
5939,57,15,10,10,-5.887280827061498,5
5940,3,11,37,6,-5.889738338475403,5
5941,51,127,86,70,-5.8909707752374025,57
5942,40,52,65,30,-5.891062339928423,22
5943,68,15,101,10,-5.891939886749792,5
5944,43,22,63,13,-5.892809401856746,9
5945,70,12,15,6,-5.893160304355028,6
5946,9,45,75,27,-5.89399328159944,18
5947,91,45,16,29,-5.895263563304297,16
5948,20,51,65,32,-5.9122074355427685,19
5949,78,55,27,35,-5.9136640972441805,20
5950,110,22,37,12,-5.913666685850415,10
5951,66,17,87,10,-5.913818746795729,7
5952,68,39,54,24,-5.918584354683417,15
5953,7,23,78,12,-5.919551023484507,11
5954,114,20,73,12,-5.924435121305102,8
5955,13,43,12,29,-5.929255274022873,14
5956,38,20,8,12,-5.935271782387747,8
5957,104,26,53,15,-5.936620222245529,11
5958,34,22,12,13,-5.937389779488168,9
5959,15,14,66,8,-5.940039403929696,6
5960,53,15,28,9,-5.94574436463327,6
5961,81,19,114,10,-5.947687005963305,9
5962,10,12,97,6,-5.9508315819177,6
5963,40,18,97,11,-5.9669184161403885,7
5964,81,16,47,10,-5.967835030110961,6
5965,38,21,27,14,-5.970273477225024,7
5966,94,18,114,10,-5.974081788881618,8
5967,18,20,64,12,-5.974775055211903,8
5968,77,19,53,11,-5.976513729958847,8
5969,109,13,71,8,-5.977466642753509,5
5970,37,17,94,10,-5.9815536162143665,7
5971,97,28,87,18,-5.983886061129735,10
5972,18,11,108,7,-5.985584696812657,4
5973,31,25,114,14,-5.991876520395491,11
5974,29,18,28,10,-5.99194760387537,8
5975,64,30,30,18,-5.9999514079123175,12
5976,54,21,94,12,-6.000772945562414,9
5977,11,45,30,27,-6.003507195568124,18
5978,5,47,106,29,-6.005839560090041,18
5979,9,51,65,31,-6.006217714596816,20
5980,37,39,13,23,-6.006726113746223,16
5981,64,53,13,29,-6.008172175580099,24
5982,104,69,107,41,-6.010771127855346,28
5983,13,50,81,31,-6.016435190824957,19
5984,94,38,27,23,-6.017224957482415,15
5985,11,31,12,18,-6.027431685137398,13
5986,65,58,27,35,-6.029901089038054,23
5987,68,10,26,6,-6.030745942778485,4
5988,98,24,7,15,-6.033686003781979,9
5989,57,28,103,17,-6.035618973069869,11
5990,55,41,104,24,-6.036207114699969,17
5991,63,62,8,35,-6.040704829296192,27
5992,87,29,58,17,-6.043606512163315,12
5993,77,37,30,22,-6.047892609170505,15
5994,86,39,69,23,-6.048519108301492,16
5995,2,24,16,14,-6.05202408295115,10
5996,28,22,41,13,-6.053005216366935,9
5997,60,50,55,29,-6.053838967638277,21
5998,87,82,8,48,-6.054782800190983,34
5999,57,15,77,9,-6.055395238374117,6
6000,20,60,87,35,-6.059834491880846,25
6001,84,22,98,14,-6.061006275589921,8
6002,86,64,27,39,-6.065009426524368,25
6003,102,13,23,7,-6.080684731147932,6
6004,87,39,108,23,-6.081367608758564,16
6005,84,26,9,15,-6.089357364465301,11
6006,39,111,16,64,-6.09189827426162,47
6007,108,14,96,8,-6.092516088942799,6
6008,3,19,54,11,-6.093256445559035,8
6009,88,79,65,50,-6.09630023603755,29
6010,69,16,62,9,-6.098141811871047,7
6011,15,12,84,7,-6.098921486728437,5
6012,7,12,90,7,-6.108519045195328,5
6013,48,13,10,8,-6.11091450287738,5
6014,87,17,45,10,-6.1133681568734355,7
6015,66,24,107,14,-6.11591039623151,10
6016,31,13,81,9,-6.117159791325402,4
6017,53,50,107,30,-6.123597161626503,20
6018,48,17,29,10,-6.127198243730572,7
6019,12,10,37,5,-6.145364992278579,5
6020,43,15,23,9,-6.148918923918837,6
6021,48,41,86,25,-6.14934371852551,16
6022,74,24,73,15,-6.15033234594065,9
6023,68,48,114,28,-6.151577271829131,20
6024,100,26,23,15,-6.1602001909122555,11
6025,28,58,104,34,-6.1611678298334525,24
6026,36,47,13,29,-6.167141158071527,18
6027,30,35,29,22,-6.169155809943205,13
6028,93,10,80,5,-6.175234905241022,5
6029,114,15,72,8,-6.1771914592363135,7
6030,28,17,47,10,-6.182374184386464,7
6031,40,73,13,42,-6.184837754544506,31
6032,9,46,87,27,-6.192350375466503,19
6033,86,27,47,17,-6.193480004187427,10
6034,68,38,11,22,-6.199112684088249,16
6035,2,28,63,16,-6.200018491851488,12
6036,70,28,74,15,-6.203999405338757,13
6037,71,30,50,17,-6.204695227712774,13
6038,88,26,108,16,-6.206778138596414,10
6039,84,15,35,9,-6.209299301194261,6
6040,87,70,68,42,-6.212080199922706,28
6041,94,19,3,11,-6.212642422976981,8
6042,70,24,114,15,-6.214622620602995,9
6043,70,37,28,22,-6.2149266559981875,15
6044,58,14,55,8,-6.218287556947674,6
6045,100,15,53,9,-6.219411389232117,6
6046,94,10,95,5,-6.229015093991729,5
6047,109,25,100,16,-6.23012408063767,9
6048,39,26,58,15,-6.234529419751969,11
6049,5,48,114,28,-6.237633533478719,20
6050,63,49,37,30,-6.239339617220504,19
6051,83,18,39,11,-6.2510896629152946,7
6052,81,24,39,15,-6.2522820107309345,9
6053,76,31,13,19,-6.256958483118661,12
6054,55,65,107,38,-6.262965189618901,27
6055,95,12,15,7,-6.265255655621165,5
6056,53,15,89,8,-6.26765697101517,7
6057,5,45,20,28,-6.270373633442779,17
6058,70,24,55,14,-6.2726471619319275,10
6059,4,21,86,13,-6.279484499549702,8
6060,18,25,3,16,-6.280006323256652,9
6061,4,15,12,10,-6.285579029533404,5
6062,68,68,40,42,-6.288399173895761,26
6063,40,17,92,10,-6.290833711086854,7
6064,84,18,100,12,-6.292769168431846,6
6065,109,35,43,22,-6.2941373625237755,13
6066,102,36,28,21,-6.294379170221608,15
6067,19,70,87,43,-6.304870856372157,27
6068,3,37,19,21,-6.306652908739438,16
6069,8,32,78,19,-6.307058841419962,13
6070,88,51,63,32,-6.3108086639374505,19
6071,103,29,107,17,-6.31329391568841,12
6072,95,37,54,21,-6.333392985225777,16
6073,49,26,34,15,-6.339239747452096,11
6074,7,34,28,21,-6.339260574445828,13
6075,91,16,15,8,-6.341064031534599,8
6076,77,38,39,22,-6.341834209693217,16
6077,9,43,28,24,-6.342362216975378,19
6078,46,12,27,8,-6.342403139124134,4
6079,96,17,85,12,-6.345069391274803,5
6080,77,14,46,8,-6.346489877085672,6
6081,48,23,34,13,-6.349216967670751,10
6082,46,24,7,16,-6.3620461131037525,8
6083,37,10,56,6,-6.367440662879469,4
6084,102,15,33,9,-6.371524301983967,6
6085,17,20,103,13,-6.3778142305537076,7
6086,27,16,28,11,-6.382931621067466,5
6087,96,13,33,6,-6.392035038140804,7
6088,49,12,79,8,-6.395374558799645,4
6089,103,19,43,12,-6.396904626354191,7
6090,62,18,53,11,-6.398470883121981,7
6091,37,20,80,12,-6.401050818487375,8
6092,72,19,50,12,-6.40592942699003,7
6093,55,21,48,13,-6.406579400537664,8
6094,72,11,6,6,-6.413604067518455,5
6095,65,38,64,22,-6.415105269042927,16
6096,62,20,7,12,-6.416308867276496,8
6097,63,33,64,19,-6.416872486726011,14
6098,23,10,61,6,-6.419517618014349,4
6099,48,28,84,17,-6.421668889523295,11
6100,80,23,96,14,-6.423400971659432,9
6101,57,30,69,19,-6.426659822386943,11
6102,100,21,75,11,-6.42687784088126,10
6103,43,17,17,10,-6.4275095009616035,7
6104,79,12,39,8,-6.437313974618903,4
6105,54,28,93,18,-6.453790444084363,10
6106,91,20,8,12,-6.453847873736635,8
6107,10,15,11,9,-6.454288934219355,6
6108,68,11,98,7,-6.46992769597506,4
6109,45,17,41,11,-6.481894211723941,6
6110,87,139,16,82,-6.484106370217588,57
6111,97,56,86,33,-6.486588721597318,23
6112,100,13,20,8,-6.50325522303495,5
6113,55,29,74,17,-6.503619546467792,12
6114,97,14,39,9,-6.507571487367288,5
6115,65,66,55,39,-6.5120252706716855,27
6116,37,28,30,18,-6.513690830607849,10
6117,66,20,60,13,-6.515171561917174,7
6118,38,30,37,18,-6.5188975255259205,12
6119,64,16,44,10,-6.52641817446092,6
6120,19,18,104,11,-6.528809563809233,7
6121,38,12,102,9,-6.529266346603467,3
6122,30,20,17,11,-6.529732326409054,9
6123,80,13,91,8,-6.531108694088667,5
6124,65,29,72,17,-6.536977853075842,12
6125,107,12,26,7,-6.545382512387971,5
6126,23,32,106,17,-6.549055396089183,15
6127,41,28,23,17,-6.550829980754915,11
6128,66,15,30,10,-6.551961615591568,5
6129,7,33,100,20,-6.554112823226253,13
6130,97,26,55,16,-6.559887224901373,10
6131,30,15,112,10,-6.562692428407155,5
6132,63,31,75,18,-6.570041946714361,13
6133,114,26,53,15,-6.571088082289223,11
6134,87,95,13,59,-6.5723701817494025,36
6135,8,38,34,23,-6.573808773415803,15
6136,57,28,84,15,-6.577348977317856,13
6137,101,11,27,7,-6.582303845846215,4
6138,73,29,86,16,-6.584732384148774,13
6139,30,14,74,8,-6.5938045244110794,6
6140,109,23,50,14,-6.59737646890257,9
6141,13,16,73,10,-6.598047492921338,6
6142,13,52,71,30,-6.60226683262218,22
6143,63,67,51,38,-6.6137098066072575,29
6144,77,12,102,7,-6.618078815941925,5
6145,5,48,25,29,-6.626414170343123,19
6146,37,22,39,13,-6.6321566948630455,9
6147,68,26,62,15,-6.635005761261159,11
6148,65,30,4,18,-6.635600395573754,12
6149,71,16,74,9,-6.635644376222863,7
6150,58,31,16,18,-6.644349916294224,13
6151,5,26,32,16,-6.647447060451904,10
6152,37,19,71,11,-6.653996053488668,8
6153,8,50,109,29,-6.654691319398616,21
6154,71,11,83,6,-6.6562053803338666,5
6155,54,20,85,13,-6.664179187550934,7
6156,88,15,14,9,-6.66936824683007,6
6157,3,31,78,17,-6.670149766604919,14
6158,29,46,65,28,-6.670792875820866,18
6159,31,38,64,23,-6.680717740842573,15
6160,54,11,99,7,-6.681725927932733,4
6161,41,16,38,9,-6.69043501359402,7
6162,55,24,34,14,-6.693127800237834,10
6163,74,15,83,8,-6.7032980304888605,7
6164,97,35,28,22,-6.716635909782018,13
6165,103,18,54,12,-6.724707925139227,6
6166,55,32,30,20,-6.725062001131896,12
6167,23,49,13,27,-6.726537007513918,22
6168,20,11,43,6,-6.726970372628883,5
6169,96,38,74,24,-6.731828732252366,14
6170,70,63,54,38,-6.740490617059239,25
6171,80,13,41,8,-6.741244434437033,5
6172,71,10,94,6,-6.748460655059326,4
6173,109,27,63,15,-6.749986635160675,12
6174,50,17,33,10,-6.750798742645289,7
6175,88,43,39,26,-6.751316626963761,17
6176,51,47,64,28,-6.76070202489701,19
6177,87,78,27,48,-6.768794455348769,30
6178,15,16,58,10,-6.7758290198357916,6
6179,8,32,18,21,-6.77926557051918,11
6180,42,10,8,5,-6.780541784776636,5
6181,57,20,97,12,-6.781237277284942,8
6182,108,15,79,10,-6.783855393965386,5
6183,76,32,100,19,-6.799440423110686,13
6184,49,16,28,9,-6.801284823553006,7
6185,108,14,28,8,-6.806119384401873,6
6186,28,21,14,14,-6.807027415542907,7
6187,102,22,50,12,-6.809919414830618,10
6188,4,13,56,7,-6.8162735158796925,6
6189,39,25,108,14,-6.818183477112843,11
6190,31,69,68,41,-6.821634358561019,28
6191,106,25,95,16,-6.830338155584791,9
6192,114,18,76,12,-6.831521332050889,6
6193,87,39,34,24,-6.832201504143446,15
6194,29,15,20,9,-6.832826874702709,6
6195,72,28,85,18,-6.83697219501578,10
6196,47,28,75,19,-6.839491111976111,9
6197,109,60,16,37,-6.839893936386637,23
6198,4,43,60,24,-6.864343045215707,19
6199,37,13,78,8,-6.870587526937587,5
6200,99,15,106,10,-6.882359612487443,5
6201,112,17,18,11,-6.8872676099947565,6
6202,35,19,27,12,-6.889601577867775,7
6203,67,13,88,9,-6.891493842154362,4
6204,50,28,95,17,-6.891870477756297,11
6205,14,16,39,9,-6.892280896151707,7
6206,3,31,41,21,-6.89461725911827,10
6207,68,21,58,13,-6.9046526848664955,8
6208,76,31,98,19,-6.914503913195636,12
6209,40,39,87,22,-6.915208460636838,17
6210,13,44,47,27,-6.918967707744426,17
6211,92,10,54,7,-6.935475063385283,3
6212,88,12,99,7,-6.939131232028662,5
6213,9,53,16,35,-6.946689005583058,18
6214,51,25,4,16,-6.952578906103848,9
6215,50,19,91,12,-6.959059467736709,7
6216,104,18,32,12,-6.959225086389552,6
6217,39,15,111,9,-6.9608600117118025,6
6218,36,34,16,21,-6.9623095532486765,13
6219,97,23,18,14,-6.9651635757198616,9
6220,60,40,104,27,-6.974608867474657,13
6221,6,12,15,8,-6.9844847610743175,4
6222,30,30,53,18,-6.98498975026545,12
6223,55,20,17,11,-6.987444025974708,9
6224,3,31,72,18,-6.988646739088716,13
6225,5,15,62,9,-6.992708759597398,6
6226,29,12,74,7,-6.99788298965225,5
6227,69,13,40,9,-7.006717860168273,4
6228,108,24,48,15,-7.01405993754928,9
6229,68,16,80,10,-7.020946425736165,6
6230,40,15,95,9,-7.026458120737084,6
6231,60,18,94,11,-7.0351599724686675,7
6232,103,40,86,25,-7.039039749484995,15
6233,49,25,75,15,-7.046279748381457,10
6234,51,17,35,10,-7.047942210096516,7
6235,33,10,41,7,-7.0494637525151855,3
6236,69,20,104,13,-7.050658503403545,7
6237,18,25,63,16,-7.057051865944987,9
6238,36,18,99,12,-7.061516094995867,6
6239,25,50,37,29,-7.070541112352608,21
6240,63,30,98,18,-7.074142027349339,12
6241,38,23,11,14,-7.075339060309605,9
6242,53,10,85,7,-7.078145746437185,3
6243,88,137,16,85,-7.084435023872267,52
6244,94,19,69,12,-7.087672737054438,7
6245,89,17,48,12,-7.093940889199018,5
6246,102,29,100,19,-7.094058761081432,10
6247,45,10,1,6,-7.100044646871245,4
6248,55,51,40,32,-7.109300201154281,19
6249,103,18,88,10,-7.110825447996328,8
6250,76,71,86,42,-7.1126610906993895,29
6251,7,33,45,20,-7.1141476412284765,13
6252,83,30,86,20,-7.11486297608935,10
6253,107,12,67,8,-7.124134838046413,4
6254,51,100,7,63,-7.124169403819474,37
6255,93,12,13,7,-7.127658172301537,5
6256,102,39,65,25,-7.142598851395081,14
6257,69,12,111,7,-7.144443379259749,5
6258,51,26,97,17,-7.145200913148903,9
6259,77,30,41,20,-7.157604762874669,10
6260,15,37,60,22,-7.164523611355908,15
6261,14,14,86,8,-7.166696838482465,6
6262,112,16,36,10,-7.175574629533444,6
6263,45,11,49,7,-7.1803155778985435,4
6264,39,18,90,10,-7.188846058446482,8
6265,43,15,112,9,-7.1893251112725824,6
6266,95,14,14,9,-7.1971223272437035,5
6267,93,14,98,8,-7.212314028509714,6
6268,108,12,72,8,-7.213712770239643,4
6269,90,15,41,9,-7.225732946536368,6
6270,90,12,3,7,-7.229183550562685,5
6271,98,25,13,16,-7.235257648894785,9
6272,57,12,58,7,-7.2358962284082144,5
6273,94,24,76,16,-7.2362630050315815,8
6274,40,27,114,18,-7.240772461331045,9
6275,5,14,31,9,-7.246607645789557,5
6276,8,42,13,26,-7.249552270590034,16
6277,96,12,69,8,-7.252755690648866,4
6278,18,10,61,6,-7.259552128825379,4
6279,81,19,75,12,-7.259552889264537,7
6280,87,48,78,29,-7.25964871764588,19
6281,70,16,110,10,-7.267896542251019,6
6282,96,84,86,52,-7.269360183001261,32
6283,68,20,55,13,-7.2739791513354835,7
6284,34,15,94,9,-7.2761384351010125,6
6285,49,14,95,9,-7.284298716033513,5
6286,12,33,78,22,-7.286703069476237,11
6287,54,18,2,12,-7.287492324178091,6
6288,40,31,43,18,-7.287691070183644,13
6289,68,32,23,18,-7.289923232946887,14
6290,37,21,49,12,-7.297110710558477,9
6291,9,23,11,14,-7.298808121542033,9
6292,98,27,5,16,-7.2988387616369135,11
6293,53,15,15,9,-7.3015008185893,6
6294,50,34,60,19,-7.3032698860743945,15
6295,106,65,13,40,-7.303693924530705,25
6296,87,52,76,33,-7.30927199843537,19
6297,5,42,70,25,-7.323141246130925,17
6298,88,30,62,18,-7.323841783087015,12
6299,2,16,75,9,-7.332326563651876,7
6300,11,19,75,11,-7.336654356306241,8
6301,15,17,108,11,-7.342094547015131,6
6302,104,41,40,26,-7.342291894534158,15
6303,114,18,23,12,-7.3449426375970175,6
6304,61,11,41,7,-7.351525315520968,4
6305,33,16,25,11,-7.365926272964513,5
6306,61,10,106,7,-7.366885826585401,3
6307,80,14,31,10,-7.367135464628979,4
6308,88,12,56,7,-7.371104573008601,5
6309,71,10,73,6,-7.37323406519455,4
6310,81,19,71,12,-7.374213709282576,7
6311,56,22,7,13,-7.387479337914442,9
6312,28,15,10,10,-7.394064388880875,5
6313,76,14,75,8,-7.401272000460671,6
6314,94,11,20,7,-7.404911652749632,4
6315,91,10,77,6,-7.405339289847274,4
6316,20,30,70,19,-7.408681007686707,11
6317,109,25,68,16,-7.412111880903938,9
6318,41,34,36,18,-7.412500474371832,16
6319,5,18,73,11,-7.416873021801379,7
6320,16,24,6,13,-7.439865172191105,11
6321,43,66,13,38,-7.440342784840274,28
6322,71,12,11,7,-7.444969376445685,5
6323,77,16,74,10,-7.445248923450912,6
6324,69,18,47,11,-7.454070061027654,7
6325,80,11,27,7,-7.461746767808682,4
6326,53,12,45,7,-7.463487107897498,5
6327,36,14,70,8,-7.476080415111225,6
6328,68,23,20,13,-7.482872234261611,10
6329,43,42,100,25,-7.486447542172747,17
6330,76,15,71,8,-7.4875920550169335,7
6331,1,28,16,19,-7.488361785520795,9
6332,109,21,7,13,-7.49374057253885,8
6333,46,50,16,32,-7.494318856216716,18
6334,93,10,64,5,-7.507177747442427,5
6335,47,11,85,8,-7.514718359567318,3
6336,66,17,65,11,-7.515278237298981,6
6337,31,11,6,6,-7.520489323813347,5
6338,17,18,41,12,-7.526219064648916,6
6339,55,11,6,8,-7.526848268362221,3
6340,7,16,33,9,-7.5321884826380465,7
6341,46,10,85,7,-7.538229298143683,3
6342,112,31,53,17,-7.574348903828082,14
6343,112,17,58,10,-7.574468513714297,7
6344,85,12,3,6,-7.5842525005471515,6
6345,43,14,47,9,-7.5847096844373425,5
6346,114,31,28,18,-7.584853881328922,13
6347,36,10,72,6,-7.585561627806541,4
6348,29,39,39,22,-7.589721952675931,17
6349,84,18,103,10,-7.589982363677433,8
6350,36,20,18,12,-7.594902878501233,8
6351,3,28,104,18,-7.596663267983382,10
6352,91,20,51,13,-7.599736540322733,7
6353,69,18,72,11,-7.6008233213034675,7
6354,87,45,18,27,-7.611607014750332,18
6355,49,52,107,33,-7.6187466324264985,19
6356,27,14,71,9,-7.620974472293361,5
6357,89,30,51,19,-7.628910157758351,11
6358,103,20,34,13,-7.63678096532298,7
6359,3,28,28,17,-7.638630473496032,11
6360,5,29,97,19,-7.6394183021151285,10
6361,96,13,15,8,-7.641753691009956,5
6362,60,11,70,7,-7.646435749026205,4
6363,31,13,33,7,-7.647223417443057,6
6364,96,24,37,14,-7.665844925696508,10
6365,9,38,8,21,-7.6727541362269935,17
6366,39,59,30,34,-7.678784065910645,25
6367,63,22,90,13,-7.686561569055609,9
6368,11,32,5,20,-7.687442157533872,12
6369,7,25,111,15,-7.690323425771979,10
6370,15,44,27,26,-7.692021284563541,18
6371,96,11,62,8,-7.693312023908734,3
6372,1,28,86,17,-7.696680317913665,11
6373,68,61,75,39,-7.698232004910779,22
6374,6,24,44,16,-7.699216026117287,8
6375,103,12,8,8,-7.7073602754994885,4
6376,96,21,114,13,-7.708209589747937,8
6377,46,11,48,7,-7.721576205361299,4
6378,104,17,78,11,-7.72449974280056,6
6379,49,77,39,50,-7.729122074399356,27
6380,101,14,16,9,-7.729447625525019,5
6381,54,33,100,21,-7.734134711661218,12
6382,57,17,108,10,-7.738005960337112,7
6383,29,18,46,9,-7.738693511487552,9
6384,84,11,44,6,-7.74146437073986,5
6385,46,11,15,7,-7.742583584977325,4
6386,68,29,28,19,-7.748993038967355,10
6387,51,19,111,12,-7.750696049131197,7
6388,73,11,53,7,-7.756297558195459,4
6389,17,40,86,23,-7.765710973648362,17
6390,114,14,92,10,-7.774797164908201,4
6391,111,10,47,6,-7.786638633209638,4
6392,13,25,111,14,-7.788425056310505,11
6393,31,31,107,16,-7.788469010128701,15
6394,110,12,114,8,-7.800316810979699,4
6395,51,30,72,17,-7.818846984447683,13
6396,46,46,25,27,-7.8204011950255445,19
6397,108,14,54,10,-7.821734358546889,4
6398,17,22,5,15,-7.829641724195978,7
6399,93,16,70,10,-7.834949393241651,6
6400,1,20,114,13,-7.837742070296789,7
6401,58,21,30,13,-7.852822410978154,8
6402,92,16,16,12,-7.8586758925559135,4
6403,91,26,106,17,-7.859341034872009,9
6404,38,16,62,11,-7.859346684430754,5
6405,10,12,23,7,-7.85948423488221,5
6406,35,12,44,7,-7.859665557157527,5
6407,2,30,28,19,-7.862984699152352,11
6408,51,43,15,26,-7.865325809920194,17
6409,90,25,114,15,-7.8701656835045455,10
6410,77,35,27,22,-7.8745216976485,13
6411,40,34,54,21,-7.877426017050995,13
6412,52,25,86,16,-7.885400447396723,9
6413,54,11,61,7,-7.891370825375349,4
6414,87,30,80,19,-7.89956688878032,11
6415,29,16,17,9,-7.89967630532443,7
6416,90,14,53,9,-7.9010322992925905,5
6417,31,11,78,6,-7.904414780494012,5
6418,38,13,71,9,-7.906029048659732,4
6419,82,10,88,6,-7.912578083642501,4
6420,98,20,108,12,-7.913100401728397,8
6421,91,13,33,7,-7.919655002031917,6
6422,63,79,16,49,-7.92189030623985,30
6423,64,23,17,14,-7.9371107758094945,9
6424,18,54,16,35,-7.937149998649483,19
6425,71,19,98,12,-7.940784287039028,7
6426,83,10,98,7,-7.946776918388257,3
6427,68,70,39,42,-7.951159079684659,28
6428,30,17,114,10,-7.9585887197144976,7
6429,50,44,75,29,-7.963443352466475,15
6430,103,34,11,23,-7.9755129940584615,11
6431,34,12,89,7,-7.976037737760561,5
6432,84,28,5,17,-7.986435375626319,11
6433,40,16,98,9,-7.993416961646093,7
6434,96,19,102,12,-7.995631160966492,7
6435,64,47,16,30,-7.99934875103666,17
6436,98,31,91,19,-8.010154956050261,12
6437,5,28,65,17,-8.01209130053563,11
6438,9,11,35,6,-8.012816785902416,5
6439,52,12,63,7,-8.01519600341839,5
6440,38,27,63,19,-8.035551882917902,8
6441,48,15,98,10,-8.040930745507076,5
6442,37,19,89,10,-8.048334757683454,9
6443,84,36,20,25,-8.048616703285953,11
6444,46,15,19,9,-8.056646218005667,6
6445,68,29,97,18,-8.0623155896758,11
6446,55,23,27,16,-8.063317604605786,7
6447,86,44,98,27,-8.07123889255168,17
6448,39,19,110,13,-8.071999499945951,6
6449,70,18,50,10,-8.072010588554928,8
6450,97,16,110,10,-8.077466293642962,6
6451,32,17,8,10,-8.079749532998788,7
6452,4,17,43,10,-8.083539648296876,7
6453,57,31,3,19,-8.088823479437655,12
6454,43,48,107,30,-8.089714461787903,18
6455,51,14,73,9,-8.097743889322738,5
6456,111,11,81,8,-8.120062859865858,3
6457,98,12,9,7,-8.123745049728663,5
6458,110,11,20,7,-8.125291114928709,4
6459,55,36,50,21,-8.131693382626928,15
6460,61,17,107,10,-8.134950583984786,7
6461,107,14,56,8,-8.14241374429404,6
6462,112,10,4,6,-8.145974306589785,4
6463,64,19,70,13,-8.153009023968611,6
6464,104,27,49,17,-8.170229238591212,10
6465,92,18,51,11,-8.176167071622316,7
6466,57,16,38,9,-8.179065570967875,7
6467,27,33,54,20,-8.18041909853592,13
6468,61,10,43,6,-8.197501979978238,4
6469,70,38,87,22,-8.203286020187758,16
6470,88,44,15,30,-8.213143448624798,14
6471,81,11,80,6,-8.214427134711952,5
6472,40,14,112,8,-8.221202026655064,6
6473,77,29,12,18,-8.223519625266649,11
6474,71,10,99,6,-8.224966300288866,4
6475,102,12,64,8,-8.225103381123269,4
6476,7,31,37,19,-8.226042864777217,12
6477,106,21,69,13,-8.230262561693126,8
6478,83,15,11,10,-8.230715708736337,5
6479,1,18,75,12,-8.241769187322507,6
6480,76,10,93,6,-8.25053412937542,4
6481,14,12,37,7,-8.266467835075428,5
6482,45,20,60,12,-8.270932074255702,8
6483,91,18,41,12,-8.276671952774398,6
6484,79,14,15,8,-8.279617988476957,6
6485,106,31,90,21,-8.283845461248367,10
6486,58,10,109,6,-8.291034573977958,4
6487,15,17,48,10,-8.294674307198187,7
6488,56,17,86,11,-8.300855291965847,6
6489,63,13,92,7,-8.301235837359338,6
6490,29,25,98,16,-8.302046476403797,9
6491,109,13,91,8,-8.302894097359493,5
6492,3,37,49,22,-8.305049665091294,15
6493,109,23,74,15,-8.306575916019817,8
6494,46,43,37,29,-8.306667442353499,14
6495,109,16,93,10,-8.308998271060947,6
6496,51,20,79,11,-8.309517555811905,9
6497,9,15,25,10,-8.323455878342044,5
6498,86,30,44,19,-8.339333779949047,11
6499,96,25,48,16,-8.343995751105185,9
6500,31,33,41,21,-8.353957395244581,12
6501,5,22,7,14,-8.357081514884822,8
6502,25,45,7,29,-8.372806618348298,16
6503,103,19,109,11,-8.384087294813355,8
6504,61,12,69,9,-8.397253145469623,3
6505,68,25,72,16,-8.400269184621727,9
6506,67,14,109,7,-8.410228891959633,7
6507,90,19,73,12,-8.42410199186246,7
6508,103,23,49,14,-8.430062008794607,9
6509,114,20,55,13,-8.432483182241098,7
6510,70,24,96,13,-8.43741799102626,11
6511,41,24,8,16,-8.446748885751395,8
6512,27,16,17,9,-8.447083930107876,7
6513,96,14,95,9,-8.450373982592186,5
6514,19,34,103,21,-8.451907756621258,13
6515,12,23,53,14,-8.460797624804181,9
6516,20,37,63,22,-8.464473402081476,15
6517,112,26,39,16,-8.464674026518868,10
6518,48,20,50,13,-8.466418162124782,7
6519,77,18,17,11,-8.46662344473387,7
6520,37,15,29,9,-8.491699980771868,6
6521,40,28,64,18,-8.496071624321132,10
6522,77,34,100,22,-8.497514956083517,12
6523,55,77,16,50,-8.500132580900571,27
6524,45,10,91,6,-8.504304930616431,4
6525,109,10,33,6,-8.506616474826913,4
6526,13,54,30,34,-8.50897232382654,20
6527,8,35,95,21,-8.511725721270736,14
6528,77,11,80,7,-8.51548819382583,4
6529,9,22,20,14,-8.515923532058862,8
6530,69,22,81,13,-8.51799786685539,9
6531,3,62,13,40,-8.519160791346218,22
6532,61,20,53,14,-8.524850655507475,6
6533,63,11,110,7,-8.534985747455591,4
6534,65,13,91,8,-8.541931736396268,5
6535,8,34,68,21,-8.545370564412986,13
6536,35,12,94,7,-8.545638882275085,5
6537,107,26,33,15,-8.550231212849106,11
6538,67,15,16,10,-8.550473387804702,5
6539,2,11,94,7,-8.550586885180524,4
6540,36,11,78,7,-8.552435160203325,4
6541,68,23,103,14,-8.554646323444773,9
6542,16,14,26,8,-8.561151203860886,6
6543,71,13,91,8,-8.567246551132914,5
6544,93,10,49,6,-8.572163796775678,4
6545,104,22,9,14,-8.574493523715214,8
6546,55,23,95,15,-8.575006509864881,8
6547,87,22,4,15,-8.590843038311565,7
6548,48,41,63,26,-8.591649372014341,15
6549,107,34,2,22,-8.596357154255273,12
6550,6,22,13,14,-8.600067561462975,8
6551,14,22,16,14,-8.606971231031414,8
6552,65,16,85,10,-8.614950001639382,6
6553,69,33,60,19,-8.651136747788069,14
6554,18,52,13,33,-8.653636499693645,19
6555,72,18,57,13,-8.656042983673217,5
6556,8,28,73,17,-8.656865963639591,11
6557,58,12,70,8,-8.66252309250944,4
6558,43,23,54,14,-8.666061398643544,9
6559,54,11,53,7,-8.670288326383611,4
6560,31,12,19,8,-8.676840084796208,4
6561,47,12,54,7,-8.685088894357262,5
6562,112,30,27,19,-8.685425209929864,11
6563,53,13,49,8,-8.69701289035937,5
6564,62,23,28,14,-8.703867920620004,9
6565,66,14,7,8,-8.725121734272053,6
6566,94,29,39,18,-8.72616755931129,11
6567,17,22,4,15,-8.727735068009611,7
6568,46,26,57,16,-8.73890097930274,10
6569,32,11,65,7,-8.739314169667134,4
6570,19,20,17,13,-8.741288192134283,7
6571,106,14,38,7,-8.745019433529976,7
6572,76,28,15,17,-8.747693902892903,11
6573,85,12,41,7,-8.754152386383815,5
6574,52,16,28,10,-8.757305556361812,6
6575,84,34,8,22,-8.76285424467774,12
6576,84,37,74,21,-8.764103490564016,16
6577,41,35,100,22,-8.77050788514263,13
6578,19,17,18,11,-8.772934483482583,6
6579,76,51,16,30,-8.777975484377128,21
6580,99,14,77,10,-8.784719144285264,4
6581,51,28,94,18,-8.786368581861039,10
6582,46,12,6,7,-8.79137101803374,5
6583,19,18,63,12,-8.792724982250471,6
6584,87,28,102,18,-8.797023575349616,10
6585,42,10,106,7,-8.802546839644405,3
6586,108,24,19,15,-8.805451324275152,9
6587,47,18,36,12,-8.810892372607714,6
6588,19,19,84,12,-8.81339664085273,7
6589,77,22,63,15,-8.819997532642512,7
6590,36,19,63,12,-8.822881427312195,7
6591,18,18,47,12,-8.827723884174087,6
6592,33,28,51,20,-8.842467587731502,8
6593,87,15,32,10,-8.844155029434871,5
6594,1,15,37,9,-8.845768047127494,6
6595,3,20,20,13,-8.846112059849585,7
6596,68,21,34,13,-8.850128344712713,8
6597,60,28,47,18,-8.854852442447157,10
6598,12,15,6,8,-8.87368712650089,7
6599,98,12,112,8,-8.873991556640123,4
6600,107,24,45,15,-8.882581208643296,9
6601,13,23,90,15,-8.883764352926047,8
6602,11,43,100,28,-8.886934672274425,15
6603,97,12,69,8,-8.888377862411462,4
6604,53,30,27,20,-8.892087302529346,10
6605,15,24,12,15,-8.901081094280315,9
6606,25,19,110,13,-8.91770167255822,6
6607,88,10,26,6,-8.919527282390273,4
6608,29,29,84,18,-8.921575167609983,11
6609,98,15,3,8,-8.926309600802394,7
6610,29,22,49,14,-8.92665983569728,8
6611,31,12,73,8,-8.93891957013575,4
6612,74,26,51,18,-8.938947542412071,8
6613,70,11,73,6,-8.941351293720283,5
6614,41,34,11,23,-8.953991407123155,11
6615,114,20,47,12,-8.969382880850311,8
6616,36,18,97,11,-8.970668153566258,7
6617,89,16,63,11,-8.974860507493936,5
6618,107,26,111,15,-8.980921347663005,11
6619,80,15,78,10,-8.990142670025016,5
6620,93,14,30,9,-8.997367289185709,5
6621,72,23,76,16,-8.997779491450277,7
6622,86,19,92,11,-8.99999904756414,8
6623,65,25,1,15,-9.00217902882169,10
6624,5,64,8,40,-9.002251377410767,24
6625,50,19,85,12,-9.007921978503544,7
6626,36,15,5,9,-9.008614310253616,6
6627,12,46,100,29,-9.018777204816933,17
6628,83,24,13,15,-9.019898615590664,9
6629,104,13,72,8,-9.02876607383453,5
6630,87,55,7,36,-9.031940434035896,19
6631,42,10,16,6,-9.042303853739885,4
6632,51,31,95,21,-9.0604562345489,10
6633,12,19,30,12,-9.064049719775415,7
6634,107,39,80,26,-9.074881524481428,13
6635,40,16,57,10,-9.07504759076948,6
6636,3,21,53,14,-9.076818822513886,7
6637,107,54,57,33,-9.078700261285771,21
6638,75,12,94,8,-9.08090116606965,4
6639,12,37,60,21,-9.083987552436799,16
6640,45,11,58,7,-9.091525705777384,4
6641,31,15,109,10,-9.113887572404181,5
6642,17,11,92,7,-9.114563540800479,4
6643,2,13,57,8,-9.119959996501732,5
6644,112,23,28,15,-9.120223564016392,8
6645,8,10,58,6,-9.142222913085966,4
6646,5,11,1,7,-9.143641454097294,4
6647,5,43,50,26,-9.15604936984071,17
6648,10,14,76,9,-9.15717818444399,5
6649,63,21,62,13,-9.161474645821354,8
6650,39,48,18,31,-9.168202364529895,17
6651,61,12,75,7,-9.169495709034498,5
6652,37,15,34,10,-9.170559355322496,5
6653,29,22,112,14,-9.17461030773198,8
6654,58,19,54,11,-9.183988111852093,8
6655,93,12,62,7,-9.184190352261584,5
6656,60,37,100,24,-9.187580857300913,13
6657,18,31,68,20,-9.190826393650623,11
6658,63,16,81,10,-9.193429569946275,6
6659,114,21,95,13,-9.195016624238175,8
6660,3,28,40,19,-9.202268323423779,9
6661,41,10,79,6,-9.204704069079497,4
6662,65,27,18,17,-9.20977636333343,10
6663,12,33,94,20,-9.210243262558292,13
6664,69,40,49,23,-9.212563576492524,17
6665,102,25,107,15,-9.215882737064184,10
6666,69,16,70,11,-9.22734622840158,5
6667,20,23,91,14,-9.233435902067155,9
6668,62,12,18,8,-9.234800982158575,4
6669,39,26,74,16,-9.23830751990649,10
6670,88,34,30,20,-9.246002926232094,14
6671,69,20,29,12,-9.248313015601624,8
6672,72,12,55,8,-9.264849417303106,4
6673,93,27,87,17,-9.265524424049662,10
6674,84,23,104,14,-9.266746412193928,9
6675,40,24,62,13,-9.275726600058688,11
6676,81,19,77,12,-9.279503184611325,7
6677,9,30,18,20,-9.325317307118524,10
6678,84,10,77,7,-9.326879307665173,3
6679,81,13,54,8,-9.33569894630605,5
6680,87,20,1,12,-9.344990956449259,8
6681,28,12,26,8,-9.352858082446945,4
6682,12,19,28,13,-9.36472715251189,6
6683,89,10,23,7,-9.36938210312373,3
6684,89,22,41,15,-9.373462137125664,7
6685,4,16,27,10,-9.378715415982098,6
6686,38,12,103,9,-9.379557577066373,3
6687,77,13,54,10,-9.380901529721797,3
6688,38,28,30,20,-9.381391210893536,8
6689,95,13,29,8,-9.382021477576465,5
6690,54,14,73,9,-9.382932635383147,5
6691,36,11,109,8,-9.390936468630551,3
6692,56,13,16,9,-9.403965360554952,4
6693,2,15,13,9,-9.422510080465477,6
6694,47,16,23,11,-9.428933500778964,5
6695,63,11,32,7,-9.44232166344675,4
6696,103,12,58,8,-9.444823982816656,4
6697,114,12,89,7,-9.444885030105084,5
6698,76,35,23,22,-9.453849648482663,13
6699,89,22,11,15,-9.460158725873098,7
6700,57,16,23,10,-9.474501256774843,6
6701,5,29,75,17,-9.487135559909316,12
6702,99,22,37,15,-9.502759058160704,7
6703,27,84,16,54,-9.503735028845302,30
6704,34,14,72,9,-9.507609773643791,5
6705,2,13,114,8,-9.509158562417845,5
6706,69,13,33,8,-9.51115802646404,5
6707,36,17,8,11,-9.51236026695053,6
6708,25,32,20,21,-9.520523686179047,11
6709,31,22,1,13,-9.525804060927038,9
6710,60,51,27,35,-9.525839594949364,16
6711,97,11,92,6,-9.525917165548371,5
6712,75,11,20,7,-9.527707505687728,4
6713,94,14,9,8,-9.535806051453793,6
6714,76,40,63,27,-9.537527582020363,13
6715,51,10,42,7,-9.543588102916445,3
6716,106,26,39,16,-9.547502317564263,10
6717,3,17,17,10,-9.55033737225928,7
6718,31,28,27,16,-9.569633624787402,12
6719,7,20,73,12,-9.582485903794176,8
6720,31,10,92,6,-9.586105290347549,4
6721,34,16,102,11,-9.58776658698314,5
6722,78,32,39,21,-9.589801557606744,11
6723,9,28,76,19,-9.591794162872961,9
6724,53,13,8,9,-9.596286006275319,4
6725,51,28,34,18,-9.607216043613962,10
6726,10,15,16,10,-9.607669865815328,5
6727,84,18,83,11,-9.609473734372155,7
6728,8,14,99,8,-9.611065592860319,6
6729,30,17,80,11,-9.61803117509945,6
6730,109,17,70,11,-9.623350653501724,6
6731,53,23,41,15,-9.631953807885303,8
6732,35,30,76,19,-9.635961863757107,11
6733,8,40,75,27,-9.637059553855455,13
6734,13,25,26,17,-9.644667177898784,8
6735,114,10,22,5,-9.649313306364826,5
6736,88,11,21,7,-9.65721273441522,4
6737,71,12,100,8,-9.660687520316314,4
6738,65,18,79,11,-9.675692837298339,7
6739,109,58,54,39,-9.676953395113689,19
6740,112,22,88,14,-9.681832903230308,8
6741,114,34,8,23,-9.699231858321156,11
6742,60,36,54,24,-9.707070384628162,12
6743,48,16,100,10,-9.709186246796257,6
6744,111,18,28,12,-9.712251206209237,6
6745,8,15,52,10,-9.715026692600484,5
6746,31,19,43,9,-9.72085277355369,10
6747,15,14,35,8,-9.721615421027135,6
6748,89,16,19,11,-9.73668729271828,5
6749,84,52,63,32,-9.747162233837335,20
6750,70,14,34,9,-9.755416516876583,5
6751,13,37,108,24,-9.76086171077813,13
6752,83,24,37,15,-9.78372636697842,9
6753,103,10,20,7,-9.787162681907015,3
6754,109,20,94,12,-9.794162630052174,8
6755,62,16,114,10,-9.799890996069497,6
6756,70,10,111,6,-9.807746966138032,4
6757,29,33,100,21,-9.80830032977007,12
6758,18,24,106,16,-9.811498602513076,8
6759,79,18,104,11,-9.811537818194267,7
6760,3,12,80,7,-9.8150650171119,5
6761,17,24,40,16,-9.815776001763272,8
6762,13,23,44,15,-9.816634162051663,8
6763,109,12,81,8,-9.819741316945185,4
6764,57,13,54,10,-9.824315369895022,3
6765,96,26,7,18,-9.825450759982106,8
6766,47,17,9,11,-9.833363334347133,6
6767,103,20,89,12,-9.835639049912595,8
6768,39,26,91,17,-9.838657536338626,9
6769,98,10,53,6,-9.839111782848333,4
6770,31,32,9,21,-9.853659783790295,11
6771,91,34,87,23,-9.869349002662767,11
6772,71,15,17,9,-9.87407872077162,6
6773,97,10,30,7,-9.88252203172555,3
6774,16,20,110,13,-9.893450419413215,7
6775,64,12,85,8,-9.89511233166771,4
6776,33,10,15,7,-9.911800000475989,3
6777,70,18,30,11,-9.913973705469942,7
6778,57,11,1,7,-9.916035104284749,4
6779,46,42,74,28,-9.91934754308771,14
6780,2,10,95,7,-9.920312629990494,3
6781,66,13,104,10,-9.923020394172243,3
6782,86,31,29,21,-9.92799906513859,10
6783,20,44,39,27,-9.935733230547791,17
6784,90,14,46,9,-9.960134782518509,5
6785,78,25,76,18,-9.960883913629875,7
6786,77,26,43,17,-9.97263393724616,9
6787,61,15,6,10,-9.976861344972216,5
6788,19,10,99,7,-9.983244859068366,3
6789,12,16,114,9,-9.985343546707199,7
6790,65,25,95,16,-9.987438820754926,9
6791,61,11,58,7,-9.991140661268366,4
6792,71,23,104,14,-10.004145398382484,9
6793,63,19,111,12,-10.01291034850113,7
6794,75,39,28,26,-10.021801272184058,13
6795,84,27,30,19,-10.023299208241367,8
6796,72,21,28,14,-10.026127135244147,7
6797,107,13,110,9,-10.034721322746929,4
6798,3,10,70,7,-10.036631807498473,3
6799,43,11,80,7,-10.040501076551806,4
6800,93,50,65,31,-10.042079956035632,19
6801,61,16,30,11,-10.045667078233517,5
6802,38,10,44,7,-10.048373138060265,3
6803,38,12,94,8,-10.050498907320621,4
6804,10,16,107,10,-10.056408787562024,6
6805,40,18,73,12,-10.060776256522114,6
6806,76,16,64,10,-10.071620985041546,6
6807,49,16,40,10,-10.077718304922938,6
6808,54,21,71,13,-10.113144202991709,8
6809,36,36,53,25,-10.114732824687984,11
6810,114,12,78,7,-10.123963867745248,5
6811,31,37,53,23,-10.136338371296794,14
6812,23,11,96,7,-10.143008283174428,4
6813,68,16,92,11,-10.147306838487292,5
6814,34,30,78,19,-10.167946698328937,11
6815,107,44,12,31,-10.16896739229528,13
6816,9,12,6,7,-10.175309866966636,5
6817,48,14,90,9,-10.193948361787585,5
6818,33,13,71,9,-10.195530501937558,4
6819,2,15,98,9,-10.19860338932166,6
6820,37,42,97,28,-10.199316810918765,14
6821,104,19,90,12,-10.205908373136614,7
6822,31,17,30,10,-10.214096274935347,7
6823,48,10,97,6,-10.221233545434696,4
6824,60,49,64,34,-10.225579774670623,15
6825,96,49,16,35,-10.230768867165024,14
6826,79,12,75,8,-10.235318929578343,4
6827,57,16,75,11,-10.238315344226487,5
6828,106,18,12,13,-10.245560433617426,5
6829,106,16,67,10,-10.25216143423421,6
6830,3,16,47,11,-10.263621577333433,5
6831,112,24,60,16,-10.282975838759189,8
6832,109,23,57,15,-10.314665456034305,8
6833,109,48,107,32,-10.314744087150336,16
6834,28,37,74,24,-10.332746781815512,13
6835,54,48,37,32,-10.345446907641223,16
6836,102,16,40,10,-10.346146758066931,6
6837,7,10,94,7,-10.355621654064777,3
6838,88,39,50,25,-10.36486098410092,14
6839,93,16,106,10,-10.37915501513517,6
6840,81,10,62,7,-10.381128876663766,3
6841,48,19,72,11,-10.390053523776759,8
6842,10,16,63,11,-10.390771257176635,5
6843,43,25,49,17,-10.405425345146016,8
6844,81,21,19,14,-10.4227612410005,7
6845,46,15,78,9,-10.43532016213296,6
6846,9,17,43,10,-10.43571876790201,7
6847,60,23,103,15,-10.440496774270615,8
6848,9,27,64,19,-10.495957554452962,8
6849,85,20,30,13,-10.510030437811338,7
6850,26,10,8,6,-10.512024852650756,4
6851,66,14,58,10,-10.51321770133819,4
6852,39,23,109,16,-10.513513507021568,7
6853,88,44,53,30,-10.519286458480718,14
6854,36,27,27,17,-10.52334959933135,10
6855,97,19,71,13,-10.523533962196904,6
6856,90,12,93,8,-10.530779388732013,4
6857,68,19,50,11,-10.535408083030939,8
6858,12,19,74,13,-10.540285470313428,6
6859,38,11,49,8,-10.545141985188478,3
6860,40,17,28,10,-10.551622113062642,7
6861,9,15,95,9,-10.569002592922947,6
6862,47,15,78,9,-10.571891033683887,6
6863,75,26,104,17,-10.574353916694225,9
6864,91,31,7,22,-10.609100286101581,9
6865,103,13,28,9,-10.609246701939707,4
6866,12,25,104,17,-10.646691739775022,8
6867,91,24,30,17,-10.658543869059741,7
6868,33,17,63,11,-10.66390349401416,6
6869,36,13,43,8,-10.71355202500855,5
6870,111,11,54,8,-10.714143810197234,3
6871,43,11,38,6,-10.729750111855635,5
6872,91,12,11,9,-10.737589094202365,3
6873,60,19,5,13,-10.737943337535816,6
6874,89,12,26,8,-10.74074513255954,4
6875,43,29,30,21,-10.745923470223405,8
6876,108,14,106,10,-10.746780907865295,4
6877,91,15,23,9,-10.74878606870166,6
6878,7,11,59,8,-10.771239818059202,3
6879,53,16,78,10,-10.77154978747951,6
6880,13,12,101,9,-10.774607059056445,3
6881,91,25,55,18,-10.791612827626555,7
6882,90,11,12,8,-10.792345367888727,3
6883,75,12,85,9,-10.804683773311504,3
6884,81,17,106,10,-10.816681182916206,7
6885,49,41,100,27,-10.823492275625211,14
6886,77,32,104,21,-10.833725252578546,11
6887,81,15,11,10,-10.851443298256324,5
6888,67,17,86,11,-10.856458271232293,6
6889,49,34,98,23,-10.857447449903725,11
6890,106,13,79,9,-10.885501834452416,4
6891,29,37,60,24,-10.887844572900454,13
6892,9,22,48,15,-10.894666127588817,7
6893,64,28,55,20,-10.91721792901183,8
6894,39,17,44,11,-10.931701642504198,6
6895,28,48,63,33,-10.937243385325445,15
6896,38,15,34,11,-10.941945653131521,4
6897,58,29,65,19,-10.961146082647755,10
6898,106,67,16,46,-10.962555092667682,21
6899,20,40,50,27,-10.968930608298043,13
6900,91,37,63,26,-10.969349538743971,11
6901,97,25,13,16,-10.985857531237668,9
6902,64,17,109,10,-10.986928172384285,7
6903,110,20,51,14,-11.00014817045874,6
6904,71,13,15,9,-11.00914391321025,4
6905,65,56,100,38,-11.012297063888093,18
6906,92,14,41,9,-11.016394202336146,5
6907,60,31,91,19,-11.033330949428786,12
6908,84,10,47,7,-11.043789003229907,3
6909,32,17,16,11,-11.045561391190382,6
6910,114,12,32,8,-11.045874107216173,4
6911,1,39,55,27,-11.047135752371084,12
6912,11,11,99,7,-11.04788337752713,4
6913,65,27,38,17,-11.074356765807053,10
6914,112,29,64,21,-11.096215333139426,8
6915,84,36,11,24,-11.100193468531897,12
6916,57,23,79,15,-11.100381889906581,8
6917,109,20,75,14,-11.10040667281172,6
6918,32,13,74,9,-11.101664191982367,4
6919,102,12,46,8,-11.102504599435605,4
6920,70,15,46,10,-11.123543654837011,5
6921,66,12,78,8,-11.131528298187064,4
6922,11,34,104,23,-11.141180204048963,11
6923,19,49,27,34,-11.141415326856118,15
6924,94,18,62,12,-11.151655058140983,6
6925,103,35,100,23,-11.15403559492814,12
6926,1,13,78,9,-11.156578268103178,4
6927,114,37,87,23,-11.160921669895089,14
6928,1,11,89,7,-11.209011069389929,4
6929,46,12,100,8,-11.210309669403339,4
6930,3,15,25,10,-11.214634960222725,5
6931,96,20,46,12,-11.223825219116964,8
6932,39,12,45,7,-11.230688824941204,5
6933,68,25,25,17,-11.235607083018877,8
6934,17,23,53,16,-11.244737606744525,7
6935,76,21,34,13,-11.25579697597524,8
6936,70,11,83,6,-11.265042422069474,5
6937,7,52,75,35,-11.274663385996204,17
6938,55,14,2,9,-11.27681615957405,5
6939,27,11,111,8,-11.279710088837584,3
6940,5,10,80,7,-11.295210617596888,3
6941,76,17,74,10,-11.297198648055824,7
6942,91,13,69,8,-11.30407928014614,5
6943,55,15,49,10,-11.3111037781176,5
6944,20,13,64,10,-11.331308462604776,3
6945,44,15,104,10,-11.332078649569059,5
6946,112,11,108,7,-11.335603356831967,4
6947,108,11,52,8,-11.346744817608853,3
6948,102,15,75,11,-11.35790237245839,4
6949,49,18,47,13,-11.386056581513852,5
6950,38,11,4,8,-11.395009854616482,3
6951,75,10,73,5,-11.395199340418813,5
6952,54,39,75,25,-11.408133317564461,14
6953,50,20,77,15,-11.423502497737049,5
6954,60,20,34,14,-11.434147211488856,6
6955,86,38,102,26,-11.442450297093961,12
6956,106,41,114,27,-11.462749893343949,14
6957,23,25,49,17,-11.47315759844186,8
6958,37,12,68,8,-11.49658369134707,4
6959,75,14,98,9,-11.49709370731316,5
6960,65,11,35,8,-11.518581403700487,3
6961,76,20,7,12,-11.52245661748586,8
6962,81,15,7,9,-11.525413070422038,6
6963,77,21,98,15,-11.52597944233578,6
6964,7,12,110,7,-11.526061320417648,5
6965,84,12,18,8,-11.52667869126048,4
6966,69,25,63,17,-11.548874027492651,8
6967,46,14,53,9,-11.556347535591735,5
6968,87,13,21,9,-11.56318091799384,4
6969,71,10,111,7,-11.563837134119526,3
6970,104,16,36,10,-11.564722196156032,6
6971,11,11,23,8,-11.568338446113305,3
6972,43,11,33,7,-11.582593249014051,4
6973,91,18,43,13,-11.584680594680322,5
6974,70,23,11,16,-11.609570033059047,7
6975,29,16,75,10,-11.609985031917772,6
6976,3,19,38,13,-11.6116907508266,6
6977,38,17,75,13,-11.628826987325251,4
6978,109,35,30,25,-11.633645492648192,10
6979,110,10,11,8,-11.637838089699006,2
6980,40,12,100,8,-11.638460148115913,4
6981,23,23,55,14,-11.64391055385205,9
6982,19,26,7,19,-11.65176644692338,7
6983,81,10,8,7,-11.678569579324545,3
6984,28,23,34,16,-11.682170467841415,7
6985,96,13,91,9,-11.69285419312405,4
6986,43,25,55,19,-11.714024478286158,6
6987,102,10,89,6,-11.714231512429773,4
6988,69,12,34,10,-11.742698738008174,2
6989,102,17,63,11,-11.747209471298389,6
6990,60,24,74,15,-11.762098333048542,9
6991,19,18,55,12,-11.76786180344628,6
6992,81,21,49,13,-11.780141471258917,8
6993,62,10,112,7,-11.78047192200998,3
6994,81,34,51,22,-11.790201731891964,12
6995,54,10,44,7,-11.791894285038762,3
6996,40,21,8,15,-11.79192140237277,6
6997,57,22,94,15,-11.796472246977714,7
6998,109,11,92,8,-11.825872450184745,3
6999,58,11,72,8,-11.847351060385245,3
7000,38,16,53,11,-11.864509466472805,5
7001,12,11,79,7,-11.866943529008417,4
7002,31,18,98,11,-11.908816140421925,7
7003,77,17,71,12,-11.915487518479782,5
7004,68,16,108,11,-11.92861631232352,5
7005,65,46,114,30,-11.938229846486394,16
7006,57,27,70,17,-11.940546365796532,10
7007,81,13,28,9,-11.947384191502275,4
7008,18,27,95,18,-11.951490678023534,9
7009,57,22,76,16,-11.963037229635306,6
7010,77,15,37,10,-11.967604181160285,5
7011,55,18,102,12,-11.98386619497443,6
7012,5,32,102,21,-12.011851390558958,11
7013,104,12,1,8,-12.02010829271743,4
7014,28,14,43,9,-12.028046594555397,5
7015,57,19,62,14,-12.031481247026436,5
7016,88,20,102,15,-12.040669825997002,5
7017,46,20,30,14,-12.044164698044927,6
7018,89,10,10,7,-12.05123505380701,3
7019,63,18,1,11,-12.054495717242014,7
7020,38,17,100,13,-12.063654867780361,4
7021,85,13,87,9,-12.077215618367395,4
7022,35,11,8,8,-12.093356369533678,3
7023,94,49,16,35,-12.097455142978449,14
7024,91,15,76,11,-12.09807191241983,4
7025,83,18,107,13,-12.107720877525319,5
7026,38,11,45,8,-12.113308453273786,3
7027,4,10,15,6,-12.124220843420797,4
7028,104,13,93,9,-12.138932518021326,4
7029,96,40,11,27,-12.14102850879166,13
7030,70,22,2,14,-12.153236389251049,8
7031,99,21,107,14,-12.174640608684577,7
7032,62,23,78,15,-12.176929848683924,8
7033,35,11,75,8,-12.188091693345983,3
7034,11,15,2,10,-12.196157085843714,5
7035,54,15,34,11,-12.19994600804293,4
7036,89,13,78,9,-12.201646848352171,4
7037,97,10,15,7,-12.205780494305644,3
7038,106,11,78,8,-12.210243252742742,3
7039,20,19,33,13,-12.222728464147568,6
7040,43,19,75,14,-12.224767647713703,5
7041,57,25,100,17,-12.24904881178982,8
7042,39,10,32,7,-12.259008757767623,3
7043,88,19,73,13,-12.262693289910837,6
7044,60,18,37,11,-12.263894360602315,7
7045,11,29,49,21,-12.265394797164884,8
7046,55,17,15,13,-12.267740949311921,4
7047,96,30,98,21,-12.27549839186978,9
7048,81,15,40,11,-12.276802562895192,4
7049,18,15,69,10,-12.281407888329312,5
7050,88,18,98,13,-12.300728896947142,5
7051,93,11,38,6,-12.307152939253097,5
7052,94,34,13,23,-12.315280597409899,11
7053,41,14,34,9,-12.338786367505541,5
7054,88,91,13,64,-12.345868204497037,27
7055,97,12,67,9,-12.353467827440639,3
7056,92,12,49,8,-12.374864484595681,4
7057,77,47,16,32,-12.392290458943743,15
7058,109,24,12,17,-12.4135045049996,7
7059,91,11,53,8,-12.419564767639512,3
7060,50,17,36,10,-12.423703215189777,7
7061,37,14,18,10,-12.438833593443574,4
7062,87,30,79,22,-12.466071130940083,8
7063,69,11,23,8,-12.468155133637696,3
7064,41,24,111,16,-12.478825250714587,8
7065,92,15,64,8,-12.492372460791035,7
7066,13,12,42,9,-12.522183516198908,3
7067,3,32,63,24,-12.548769683390436,8
7068,57,24,65,17,-12.549887280742476,7
7069,71,18,41,13,-12.557773267008857,5
7070,51,21,2,13,-12.595923969105383,8
7071,108,24,53,15,-12.606603502458741,9
7072,85,20,39,13,-12.618845399489867,7
7073,63,34,30,23,-12.643300278538096,11
7074,94,20,85,14,-12.645956344332362,6
7075,57,23,7,14,-12.666461617234948,9
7076,5,15,48,11,-12.675358072710559,4
7077,31,13,104,8,-12.681964820727016,5
7078,97,16,38,11,-12.68239796661763,5
7079,63,40,80,28,-12.682443988429268,12
7080,31,76,13,51,-12.705633823012965,25
7081,89,22,27,16,-12.719981225557996,6
7082,45,13,27,9,-12.720614115305079,4
7083,9,33,15,20,-12.724112098622019,13
7084,106,24,46,15,-12.725492516069494,9
7085,48,17,78,12,-12.726810659431582,5
7086,106,14,33,10,-12.736963404825655,4
7087,87,33,98,24,-12.737232267618925,9
7088,37,44,11,30,-12.738426249160876,14
7089,36,10,95,7,-12.746346244298937,3
7090,1,15,100,10,-12.750379039232417,5
7091,89,18,76,13,-12.75804553023341,5
7092,3,31,84,20,-12.781771350844402,11
7093,25,15,49,10,-12.785517383168525,5
7094,66,13,13,9,-12.789636021700206,4
7095,76,11,1,7,-12.827717897490281,4
7096,29,22,64,17,-12.835455672871143,5
7097,29,18,72,12,-12.835964412753416,6
7098,109,24,53,17,-12.845848364223912,7
7099,41,10,42,7,-12.856406375174817,3
7100,65,21,2,16,-12.890027578518191,5
7101,94,10,64,6,-12.918584959999516,4
7102,37,20,64,14,-12.946494518825181,6
7103,81,33,87,21,-12.947610251942386,12
7104,106,19,98,13,-12.95487415033694,6
7105,84,10,92,6,-12.962976398847763,4
7106,35,14,63,9,-12.998216518752985,5
7107,109,43,27,29,-13.017834353287023,14
7108,47,14,55,9,-13.036465008068175,5
7109,62,23,74,16,-13.07201740553172,7
7110,91,10,94,8,-13.125494056890847,2
7111,103,13,48,10,-13.133825600656486,3
7112,29,32,13,21,-13.136727901073609,11
7113,37,28,95,21,-13.149042342745602,7
7114,79,14,19,9,-13.189433599982168,5
7115,27,36,104,25,-13.195528716848907,11
7116,54,18,36,12,-13.21774479827317,6
7117,88,39,95,27,-13.236869470595257,12
7118,49,20,48,15,-13.272537147968347,5
7119,99,12,7,8,-13.27451726078842,4
7120,23,16,72,11,-13.28677136009312,5
7121,68,33,100,22,-13.287177831750679,11
7122,46,43,104,29,-13.294982678813746,14
7123,106,19,64,13,-13.295192075566398,6
7124,1,14,8,10,-13.305141225086524,4
7125,88,20,80,13,-13.305539707805673,7
7126,19,17,9,12,-13.318120114033066,5
7127,18,16,11,11,-13.321280125838722,5
7128,9,13,108,8,-13.341841222661904,5
7129,45,18,35,11,-13.348739323329763,7
7130,32,11,55,7,-13.363639630093914,4
7131,48,14,17,9,-13.364907872446567,5
7132,12,10,108,6,-13.367955655554766,4
7133,35,12,104,8,-13.369677424437173,4
7134,102,12,43,8,-13.372023836980008,4
7135,3,12,74,9,-13.385856762614393,3
7136,51,22,80,15,-13.405837899191416,7
7137,84,15,71,11,-13.41321574412034,4
7138,112,11,91,8,-13.423237527272493,3
7139,53,15,75,10,-13.423496737137015,5
7140,68,16,61,11,-13.424919545398382,5
7141,32,12,25,7,-13.427877456338669,5
7142,53,19,43,14,-13.438033142991662,5
7143,35,15,36,11,-13.440272285829968,4
7144,98,18,109,13,-13.444061011572101,5
7145,109,20,17,14,-13.465201743869022,6
7146,108,12,84,9,-13.488009207908556,3
7147,112,13,55,10,-13.49840576791747,3
7148,38,19,87,13,-13.505889307722844,6
7149,6,10,80,7,-13.522871173076236,3
7150,84,19,41,13,-13.556150264603872,6
7151,27,13,22,9,-13.578238998395374,4
7152,70,13,48,9,-13.61596473877697,4
7153,12,29,41,21,-13.623588976279663,8
7154,12,15,75,10,-13.63556285801919,5
7155,11,16,108,12,-13.647782335147589,4
7156,35,11,60,7,-13.64827931058638,4
7157,25,10,92,7,-13.698642336458672,3
7158,5,28,57,20,-13.702708831126639,8
7159,95,10,34,7,-13.704508911135058,3
7160,51,21,45,15,-13.706946532575504,6
7161,109,10,112,7,-13.71380284904661,3
7162,31,25,63,18,-13.714594813504084,7
7163,11,25,95,18,-13.725658005456244,7
7164,27,10,97,6,-13.735152835550474,4
7165,29,15,18,11,-13.759102795902571,4
7166,87,12,61,8,-13.760538340997263,4
7167,81,20,100,13,-13.764798264783213,7
7168,57,13,47,9,-13.774921234941399,4
7169,34,15,18,11,-13.785563124332038,4
7170,112,11,97,9,-13.794615799527316,2
7171,112,14,38,11,-13.819485047030156,3
7172,112,18,47,12,-13.820833793363406,6
7173,103,17,55,13,-13.826956770005324,4
7174,53,10,72,7,-13.882269785370536,3
7175,50,19,53,13,-13.883151416746285,6
7176,112,10,25,7,-13.919292260310073,3
7177,112,11,37,8,-13.937736127059292,3
7178,20,14,60,10,-13.939926452860888,4
7179,69,19,75,14,-13.942304484906572,5
7180,71,24,40,17,-13.948125771645662,7
7181,29,12,58,9,-13.952580214272475,3
7182,109,29,114,22,-13.96133653890183,7
7183,75,12,111,8,-13.97228180941997,4
7184,9,31,41,22,-13.990507643067815,9
7185,41,11,6,7,-13.99218654178206,4
7186,52,14,15,10,-14.026248257676636,4
7187,77,29,40,21,-14.048771071022594,8
7188,48,24,74,15,-14.067708006346336,9
7189,9,10,90,7,-14.073147353965513,3
7190,19,10,33,6,-14.198164828754605,4
7191,75,10,72,7,-14.207053385683185,3
7192,46,18,50,12,-14.208875687593247,6
7193,7,17,61,11,-14.217702740281519,6
7194,57,25,34,18,-14.246419359699368,7
7195,17,11,83,7,-14.269615650014424,4
7196,83,22,16,16,-14.27379500391039,6
7197,18,15,23,10,-14.275894417804937,5
7198,109,20,19,14,-14.305000975474687,6
7199,112,10,48,8,-14.307464286387088,2
7200,57,12,31,8,-14.310689026630854,4
7201,43,15,45,10,-14.31794966361631,5
7202,86,25,26,19,-14.322036756570215,6
7203,10,10,54,7,-14.334784055636703,3
7204,83,10,40,8,-14.347262135245899,2
7205,90,16,20,11,-14.40477443227544,5
7206,70,26,108,19,-14.427393649276276,7
7207,14,11,80,7,-14.43534539519452,4
7208,35,13,97,10,-14.444551731599498,3
7209,5,12,44,9,-14.447481002517359,3
7210,78,22,17,15,-14.455986406772636,7
7211,2,10,73,7,-14.457830254043131,3
7212,25,12,34,9,-14.468789684868277,3
7213,6,12,19,8,-14.46906875309814,4
7214,108,10,34,8,-14.47806718750258,2
7215,38,23,104,16,-14.499014536690481,7
7216,109,35,15,27,-14.522042747676648,8
7217,69,25,27,17,-14.53516647824794,8
7218,50,19,80,15,-14.554439051919097,4
7219,20,18,34,14,-14.557800978959815,4
7220,18,10,90,7,-14.572865755876734,3
7221,99,12,50,8,-14.581629542155008,4
7222,103,14,50,10,-14.598236066613515,4
7223,77,25,8,18,-14.612256603393076,7
7224,66,10,39,7,-14.612542929328725,3
7225,45,17,23,12,-14.633454544359155,5
7226,12,15,55,11,-14.659208117082446,4
7227,83,19,114,14,-14.712530964906863,5
7228,77,28,7,20,-14.72949510503469,8
7229,31,10,100,7,-14.730848989291468,3
7230,102,11,90,6,-14.739148726840867,5
7231,106,14,32,11,-14.741977351969272,3
7232,25,26,11,20,-14.778705544740388,6
7233,89,11,7,8,-14.785043291363074,3
7234,35,11,102,7,-14.787485364380142,4
7235,88,18,111,14,-14.89137809160146,4
7236,103,15,74,11,-14.973961367784039,4
7237,44,10,49,7,-14.992301775479174,3
7238,49,14,80,9,-14.993186389789676,5
7239,22,12,13,9,-14.994671319317483,3
7240,75,10,45,8,-15.003649946946844,2
7241,99,18,25,13,-15.014737107768294,5
7242,58,29,86,22,-15.095351107022623,7
7243,29,10,71,8,-15.143188317628589,2
7244,54,31,48,22,-15.152035020388912,9
7245,3,36,100,27,-15.17022099047744,9
7246,46,14,93,11,-15.25112664035686,3
7247,90,10,27,8,-15.266408205709798,2
7248,108,15,114,11,-15.270376800556948,4
7249,94,12,104,9,-15.272338655973261,3
7250,62,17,12,12,-15.350319997172008,5
7251,29,19,109,12,-15.360965277079256,7
7252,2,15,100,10,-15.363858490781979,5
7253,18,11,5,8,-15.389394006883379,3
7254,107,25,73,17,-15.46067272069853,8
7255,39,12,2,9,-15.473797666414953,3
7256,84,23,112,17,-15.486639525748986,6
7257,12,15,9,11,-15.494125308722385,4
7258,31,15,69,10,-15.502962092044207,5
7259,104,20,64,15,-15.51526416011922,5
7260,5,21,23,16,-15.554175057753401,5
7261,90,10,100,8,-15.596895375105717,2
7262,45,14,4,10,-15.600891470448106,4
7263,85,11,106,8,-15.605731963514023,3
7264,97,13,90,9,-15.621888085765935,4
7265,97,12,14,10,-15.664913845649805,2
7266,112,14,15,10,-15.700949053545523,4
7267,80,13,75,10,-15.718052052365538,3
7268,35,12,80,9,-15.72406211872363,3
7269,96,16,93,12,-15.733194627661215,4
7270,94,13,17,9,-15.746212612138288,4
7271,28,13,110,9,-15.755425369009838,4
7272,17,22,95,17,-15.802621580377183,5
7273,41,24,30,18,-15.825071217598799,6
7274,76,14,80,10,-15.87988367140994,4
7275,28,29,90,22,-15.880089586771646,7
7276,70,13,80,11,-15.901333417895945,2
7277,3,17,108,13,-15.936637572117638,4
7278,48,12,62,8,-15.963389974606171,4
7279,90,11,57,8,-15.975273202140913,3
7280,108,13,8,10,-16.00695825478633,3
7281,9,31,53,23,-16.014655893145633,8
7282,5,18,41,12,-16.050377082501452,6
7283,35,19,87,13,-16.11679485458087,6
7284,112,15,71,11,-16.116875921028463,4
7285,46,13,98,9,-16.12835125202737,4
7286,89,11,18,8,-16.194414256598467,3
7287,80,12,34,10,-16.269229317512288,2
7288,33,16,65,12,-16.286121361101067,4
7289,14,12,25,10,-16.337614979675553,2
7290,2,19,104,13,-16.352388003055772,6
7291,83,13,27,11,-16.368092522641103,2
7292,43,11,110,8,-16.376498956572302,3
7293,40,10,29,8,-16.378294184390825,2
7294,63,14,14,10,-16.386711509096077,4
7295,39,19,99,15,-16.42872930905631,4
7296,37,11,19,9,-16.4401797639671,2
7297,64,12,74,8,-16.440953543226588,4
7298,55,15,14,12,-16.464885141480416,3
7299,31,46,16,34,-16.494251500601976,12
7300,61,10,34,9,-16.513382683902012,1
7301,64,10,66,8,-16.526342406123636,2
7302,79,12,17,9,-16.52858758988839,3
7303,68,22,95,18,-16.55020486315604,4
7304,36,10,101,8,-16.627946704419486,2
7305,69,23,53,17,-16.676579450904736,6
7306,112,28,78,21,-16.67914983172849,7
7307,71,15,95,10,-16.726754189945986,5
7308,83,13,23,10,-16.74470008954982,3
7309,26,10,60,7,-16.74543091529222,3
7310,37,15,15,12,-16.78479129694742,3
7311,13,21,80,14,-16.79628268985909,7
7312,10,12,37,8,-16.87706142806293,4
7313,12,11,26,8,-16.877482698800375,3
7314,10,12,13,9,-16.892767460419815,3
7315,41,10,22,8,-16.895138763704843,2
7316,46,12,43,9,-16.90387334173946,3
7317,112,19,20,15,-16.964936240764278,4
7318,31,10,38,6,-16.97274158238423,4
7319,51,25,90,19,-16.98113610300884,6
7320,102,11,48,9,-16.984312347736424,2
7321,37,13,73,9,-17.03246334806977,4
7322,1,14,18,11,-17.058153705270215,3
7323,9,29,27,21,-17.072056537621446,8
7324,72,11,94,8,-17.095227912006603,3
7325,46,15,18,12,-17.114833090306377,3
7326,2,11,60,8,-17.116843000088547,3
7327,29,28,88,21,-17.15439200584212,7
7328,5,22,27,16,-17.186967099907655,6
7329,106,10,35,7,-17.31905115685177,3
7330,109,11,108,8,-17.40163308376229,3
7331,83,11,110,9,-17.575104905290953,2
7332,18,11,109,8,-17.59427158865158,3
7333,60,18,102,13,-17.60770484195146,5
7334,67,10,20,8,-17.672455088050597,2
7335,3,11,5,7,-17.694163901939536,4
7336,43,16,81,12,-17.708072706454832,4
7337,68,12,90,9,-17.719685937760907,3
7338,55,12,44,9,-17.771847163193577,3
7339,15,10,85,8,-17.788004047228643,2
7340,109,13,35,10,-17.789223446519653,3
7341,5,18,30,15,-17.810533055025342,3
7342,35,13,48,10,-17.821530991658577,3
7343,88,17,32,13,-17.824594134673823,4
7344,114,11,111,8,-17.846918134233796,3
7345,41,10,35,7,-17.84884882348167,3
7346,76,21,54,16,-18.08934803214948,5
7347,54,10,67,8,-18.121548101252504,2
7348,57,20,29,16,-18.208641397516406,4
7349,81,13,72,9,-18.287707067400422,4
7350,31,15,106,11,-18.52908676481623,4
7351,30,16,95,12,-18.59476138296642,4
7352,12,10,45,8,-18.65380711999512,2
7353,94,14,48,11,-18.679447719754858,3
7354,57,16,112,12,-18.74164060463068,4
7355,28,17,99,13,-18.75458480836917,4
7356,102,12,27,10,-18.772173343475483,2
7357,33,20,55,16,-18.82593244000092,4
7358,97,12,34,9,-18.83120290818016,3
7359,34,13,64,10,-18.881258889539776,3
7360,4,13,98,11,-18.93649850914462,2
7361,106,10,92,8,-19.04169077246869,2
7362,62,13,34,10,-19.217276142512915,3
7363,18,14,99,11,-19.290873438644518,3
7364,36,19,30,17,-19.305297671687285,2
7365,29,12,114,9,-19.392096732655677,3
7366,6,11,30,9,-19.605882514870544,2
7367,29,11,80,9,-19.670803114551138,2
7368,5,11,64,9,-19.69819687485363,2
7369,31,11,15,8,-19.73878794252568,3
7370,32,12,95,10,-19.760326388824463,2
7371,106,12,89,8,-19.849086778440608,4
7372,97,13,73,9,-19.966763707753138,4
7373,54,17,4,15,-19.99443539185139,2
7374,84,12,7,10,-20.16090095994254,2
7375,68,38,112,30,-20.16144061217486,8
7376,103,10,75,9,-20.24199150509897,1
7377,10,11,30,9,-20.38962047667116,2
7378,94,23,81,17,-20.517798479805748,6
7379,77,11,34,10,-20.530353874618392,1
7380,95,10,3,8,-20.57885087785416,2
7381,43,13,76,11,-20.596898631086113,2
7382,76,14,77,12,-20.628569021168246,2
7383,10,14,112,11,-21.021770709139744,3
7384,33,12,100,10,-21.028397065514312,2
7385,10,16,51,13,-21.051824036569297,3
7386,112,16,80,12,-21.108795407964617,4
7387,31,11,76,10,-21.157211826935978,1
7388,51,11,101,9,-21.226620175614496,2
7389,3,18,75,15,-21.417290354619,3
7390,4,13,25,11,-21.420042602463127,2
7391,4,15,41,10,-21.48059017391386,5
7392,31,12,62,9,-21.79094106777599,3
7393,97,12,91,10,-22.175648770183784,2
7394,3,21,48,17,-22.625157919659564,4
7395,1,10,3,8,-22.670516239418713,2
7396,91,18,104,17,-22.937436859705542,1
7397,8,11,4,10,-23.17790508365148,1
7398,77,19,75,16,-23.52836570307736,3
7399,53,10,74,8,-24.36471273024663,2
7400,42,11,104,10,-24.55480599508646,1
7401,57,16,26,13,-24.88112492293926,3
7402,23,14,90,12,-25.1914979759845,2
7403,38,15,55,13,-25.19286181976179,2
7404,106,10,49,9,-25.68163240192886,1
7405,81,10,98,9,-27.56322031639677,1
7406,38,10,69,9,-27.69592076147955,1
7407,61,10,98,10,-28.32332956610249,0
7408,102,18,112,16,-28.496084585485107,2
7409,90,10,109,10,-29.2714816942141,0
7410,37,11,44,11,-29.88349889925713,0
7411,81,10,17,10,-31.104140358623045,0
