,againstHero,games,hero,losses,shift,wins
0,112,17,102,1,31.59305348177514,16
1,17,10,81,0,31.104140358623045,10
2,44,11,37,0,29.88349889925713,11
3,98,10,61,0,28.323329566102494,10
4,69,10,38,1,27.695920761479556,9
5,49,10,106,1,25.681632401928862,9
6,55,15,38,2,25.19286181976179,13
7,90,14,23,2,25.1914979759845,12
8,104,11,42,1,24.55480599508646,10
9,74,10,53,2,24.36471273024663,8
10,75,19,77,3,23.52836570307736,16
11,26,15,57,3,23.48286717628824,12
12,76,11,43,1,23.388286786781247,10
13,64,12,34,2,23.334461135762382,10
14,4,11,8,1,23.177905083651485,10
15,104,18,91,1,22.937436859705542,17
16,3,10,1,2,22.670516239418717,8
17,91,12,97,2,22.175648770183784,10
18,62,12,31,3,21.790941067775986,9
19,41,15,4,5,21.48059017391386,10
20,25,13,4,2,21.420042602463127,11
21,75,18,3,3,21.417290354619,15
22,101,11,51,2,21.226620175614492,9
23,76,11,31,1,21.157211826935978,10
24,80,16,112,4,21.108795407964617,12
25,51,16,10,3,21.051824036569297,13
26,109,10,90,1,21.034570289962243,9
27,100,12,33,2,21.028397065514316,10
28,112,14,10,3,21.021770709139737,11
29,48,18,3,4,20.77461856356065,14
30,34,10,77,1,20.670327392487728,9
31,108,10,109,2,20.6014985501185,8
32,3,10,95,2,20.57885087785416,8
33,81,23,94,6,20.517798479805748,17
34,30,11,10,2,20.38962047667116,9
35,26,10,12,2,20.379731856409943,8
36,75,10,103,1,20.24199150509897,9
37,112,38,68,8,20.161440612174868,30
38,7,12,84,2,20.160900959942538,10
39,4,17,54,2,19.994435391851386,15
40,73,13,97,4,19.966763707753138,9
41,89,12,106,4,19.849086778440608,8
42,95,12,32,2,19.760326388824467,10
43,15,11,31,3,19.738787942525676,8
44,64,11,5,2,19.698196874853622,9
45,30,11,6,2,19.605882514870544,9
46,81,14,43,3,19.477044937016352,11
47,114,11,29,3,19.42881288570476,8
48,30,19,36,2,19.305297671687292,17
49,99,14,18,3,19.290873438644518,11
50,34,13,62,3,19.217276142512915,10
51,92,10,106,2,19.04169077246869,8
52,72,10,81,3,19.02372529890775,7
53,98,13,4,2,18.93649850914462,11
54,61,11,87,3,18.90106491395506,8
55,34,12,97,3,18.831202908180163,9
56,55,20,33,4,18.82593244000092,16
57,27,12,102,2,18.772173343475483,10
58,87,17,38,4,18.771014640647714,13
59,90,24,51,5,18.75703527846473,19
60,99,17,28,4,18.75458480836917,13
61,112,16,57,4,18.741640604630682,12
62,45,10,12,2,18.653807119995122,8
63,106,15,31,4,18.52908676481623,11
64,87,17,35,5,18.4649770696095,12
65,19,16,109,4,18.244804991291826,12
66,76,15,89,3,18.19418178219935,12
67,55,14,12,3,18.17466355866916,11
68,67,10,54,2,18.121548101252504,8
69,54,21,76,5,18.08934803214948,16
70,74,14,103,3,17.994533713441378,11
71,95,15,30,4,17.919901608832795,11
72,35,10,41,3,17.84884882348167,7
73,111,11,114,3,17.846918134233793,8
74,32,17,88,4,17.824594134673823,13
75,48,13,35,3,17.821530991658573,10
76,30,18,5,3,17.81053305502534,15
77,85,10,15,2,17.788004047228643,8
78,44,12,55,3,17.77184716319358,9
79,90,12,68,3,17.719685937760904,9
80,5,11,3,4,17.694163901939536,7
81,20,10,67,2,17.672455088050597,8
82,110,11,83,2,17.575104905290953,9
83,109,18,29,6,17.571930830154646,12
84,80,10,29,2,17.457200220457587,8
85,60,10,35,3,17.41812694726481,7
86,35,10,106,3,17.31905115685177,7
87,27,22,5,6,17.18696709990766,16
88,102,17,60,5,17.171392721318526,12
89,88,28,29,7,17.154392005842116,21
90,60,11,2,3,17.116843000088547,8
91,18,15,46,3,17.114833090306377,12
92,27,29,9,8,17.072056537621442,21
93,18,14,1,3,17.058153705270215,11
94,94,10,72,3,17.034849598961298,7
95,73,13,37,4,17.032463348069772,9
96,38,10,31,4,16.97274158238423,6
97,20,19,112,4,16.964936240764278,15
98,43,12,46,3,16.90387334173946,9
99,22,10,41,2,16.895138763704843,8
100,13,12,10,3,16.89276746041981,9
101,37,12,10,4,16.877061428062927,8
102,80,21,13,7,16.796282689859083,14
103,15,15,37,3,16.78479129694742,12
104,23,13,83,3,16.74470008954982,10
105,95,15,71,5,16.726754189945982,10
106,78,28,112,7,16.67914983172849,21
107,53,23,69,6,16.676579450904736,17
108,29,19,57,4,16.666755922903654,15
109,48,13,94,3,16.653883625052593,10
110,101,10,36,2,16.627946704419482,8
111,95,22,68,4,16.55020486315604,18
112,17,12,79,3,16.528587589888392,9
113,66,10,64,2,16.52634240612363,8
114,34,10,61,1,16.513382683902012,9
115,16,46,31,12,16.494251500601973,34
116,14,15,55,3,16.46488514148042,12
117,19,11,37,2,16.4401797639671,9
118,99,19,39,4,16.42872930905631,15
119,45,13,43,4,16.39462685745925,9
120,14,14,63,4,16.386711509096077,10
121,29,10,40,2,16.378294184390825,8
122,110,11,43,3,16.376498956572302,8
123,27,13,83,2,16.3680925226411,11
124,104,19,2,6,16.35238800305577,13
125,25,12,14,2,16.337614979675553,10
126,109,17,98,4,16.30686299478245,13
127,65,16,33,4,16.286121361101067,12
128,34,12,80,2,16.26922931751229,10
129,86,25,58,6,16.268533196463114,19
130,78,19,62,5,16.13915885630126,14
131,98,13,46,4,16.128351252027375,9
132,71,15,112,4,16.11687592102847,11
133,41,18,5,6,16.050377082501452,12
134,17,20,78,6,16.0151573486214,14
135,53,31,9,8,16.014655893145633,23
136,8,13,108,3,16.00695825478633,10
137,57,11,90,3,15.975273202140915,8
138,62,12,48,4,15.963389974606171,8
139,78,16,48,4,15.958768843776893,12
140,80,13,70,2,15.901333417895945,11
141,90,29,28,7,15.88008958677165,22
142,15,31,109,6,15.82893294493066,25
143,95,22,17,5,15.802621580377183,17
144,110,13,28,4,15.75542536900984,9
145,17,13,94,4,15.746212612138288,9
146,93,16,96,4,15.733194627661216,12
147,80,12,35,3,15.724062118723628,9
148,75,13,80,3,15.718052052365538,10
149,45,20,51,5,15.703190735785379,15
150,15,14,112,4,15.700949053545523,10
151,14,12,97,2,15.664913845649805,10
152,90,13,97,4,15.621888085765939,9
153,106,11,85,3,15.605731963514026,8
154,23,10,69,2,15.603167423944381,8
155,4,14,45,4,15.60089147044811,10
156,100,10,90,2,15.59689537510572,8
157,23,21,5,5,15.554175057753397,16
158,13,12,66,3,15.520614540867863,9
159,64,20,104,5,15.515264160119216,15
160,69,15,31,5,15.502962092044207,10
161,9,15,12,4,15.494125308722385,11
162,112,23,84,6,15.486639525748984,17
163,2,12,39,3,15.473797666414951,9
164,73,25,107,8,15.46067272069853,17
165,5,11,18,3,15.389394006883377,8
166,12,16,62,5,15.366878044727521,11
167,100,15,2,5,15.36385849078198,10
168,114,14,108,4,15.322173355999801,10
169,104,12,94,3,15.27233865597326,9
170,93,14,46,3,15.251126640356858,11
171,54,11,77,1,15.154916790692539,10
172,48,31,54,9,15.15203502038891,22
173,71,10,29,2,15.143188317628589,8
174,77,19,50,4,15.082093464135092,15
175,38,10,93,4,15.046407356806787,6
176,25,18,99,5,15.014737107768298,13
177,45,10,75,2,15.00364994694684,8
178,13,12,22,3,14.994671319317483,9
179,80,14,49,5,14.99318638978968,9
180,49,10,44,3,14.992301775479177,7
181,111,18,88,4,14.891378091601458,14
182,102,11,35,4,14.787485364380144,7
183,7,11,89,3,14.785043291363074,8
184,11,26,25,6,14.778705544740387,20
185,32,14,106,3,14.741977351969275,11
186,100,10,31,3,14.730848989291468,7
187,7,28,77,8,14.729495105034692,20
188,114,19,83,5,14.712530964906861,14
189,55,16,19,5,14.687783547200517,11
190,15,20,76,6,14.666114312604076,14
191,100,33,3,9,14.664983210141882,24
192,94,11,38,3,14.612858359579166,8
193,39,10,66,3,14.612542929328729,7
194,50,14,103,4,14.598236066613513,10
195,50,12,99,4,14.581629542155012,8
196,34,18,20,4,14.557800978959818,14
197,80,19,50,4,14.554439051919097,15
198,38,15,97,4,14.531013843539451,11
199,104,23,38,7,14.499014536690481,16
200,19,12,6,4,14.46906875309814,8
201,34,12,25,3,14.468789684868279,9
202,73,10,2,3,14.457830254043134,7
203,44,12,5,3,14.447481002517359,9
204,97,13,35,3,14.444551731599496,10
205,52,10,108,2,14.443759033427392,8
206,8,24,77,7,14.435582202481532,17
207,80,11,14,4,14.435345395194517,7
208,108,26,70,7,14.427393649276278,19
209,33,10,43,3,14.359162628620464,7
210,16,42,77,12,14.349445767899914,30
211,85,18,94,5,14.349143244204264,13
212,40,10,83,2,14.347262135245902,8
213,54,10,10,3,14.334784055636703,7
214,72,11,34,3,14.322650850129241,8
215,26,25,86,6,14.322036756570213,19
216,31,12,57,4,14.310689026630854,8
217,46,11,102,3,14.307494713152066,8
218,48,10,112,2,14.307464286387091,8
219,30,22,41,6,14.29163797685006,16
220,23,15,18,5,14.275894417804937,10
221,83,11,17,4,14.269615650014424,7
222,61,17,7,6,14.217702740281522,11
223,50,18,46,6,14.208875687593249,12
224,74,22,48,8,14.208112100891128,14
225,72,10,75,3,14.207053385683185,7
226,33,10,19,4,14.198164828754605,6
227,58,13,66,3,14.08786535368442,10
228,16,46,94,12,14.076175390421731,34
229,74,11,64,4,14.075712285557561,7
230,90,10,9,3,14.073147353965513,7
231,40,29,77,8,14.0487710710226,21
232,27,36,109,12,14.030395916079067,24
233,6,11,41,4,13.99218654178206,7
234,41,31,9,9,13.990507643067811,22
235,111,12,75,4,13.972281809419972,8
236,114,29,109,7,13.96133653890183,22
237,40,24,71,7,13.948125771645659,17
238,75,19,69,5,13.942304484906572,14
239,60,14,20,4,13.939926452860888,10
240,37,11,112,3,13.937736127059289,8
241,25,10,112,3,13.919292260310073,7
242,63,31,3,7,13.905152866710317,24
243,16,21,83,6,13.895144807658395,15
244,80,13,76,4,13.885503026480965,9
245,53,19,50,6,13.883151416746278,13
246,47,12,57,4,13.842676334165546,8
247,55,17,103,4,13.826956770005326,13
248,47,18,112,6,13.820833793363406,12
249,38,14,112,3,13.819485047030156,11
250,97,11,112,2,13.794615799527316,9
251,87,11,85,3,13.78530468452242,8
252,100,20,81,7,13.76479826478321,13
253,62,18,57,4,13.757275808574349,14
254,97,10,27,4,13.735152835550473,6
255,95,25,11,7,13.725658005456241,18
256,63,25,31,7,13.714594813504087,18
257,34,10,95,3,13.704508911135058,7
258,57,28,5,8,13.702708831126637,20
259,92,10,25,3,13.698642336458672,7
260,12,21,109,6,13.66597157407191,15
261,57,16,72,3,13.661008367248009,13
262,75,15,12,5,13.63556285801919,10
263,41,29,12,8,13.623588976279665,21
264,48,13,70,4,13.615964738776976,9
265,22,13,27,4,13.578238998395374,9
266,41,19,84,6,13.556150264603875,13
267,72,15,48,6,13.545007395021399,9
268,80,10,6,3,13.522871173076231,7
269,55,13,112,3,13.49840576791747,10
270,30,32,63,10,13.49817196218878,22
271,84,12,108,3,13.488009207908556,9
272,27,24,69,8,13.483104419153626,16
273,30,19,85,6,13.476610519943755,13
274,13,29,29,10,13.455502892825827,19
275,76,22,78,5,13.440807425985327,17
276,36,15,35,4,13.440272285829971,11
277,43,19,53,5,13.43803314299166,14
278,23,15,45,4,13.436468047997263,11
279,25,12,32,5,13.427877456338669,7
280,11,19,89,5,13.426673493491444,14
281,61,16,68,5,13.424919545398383,11
282,75,15,53,5,13.423496737137011,10
283,91,11,112,3,13.423237527272498,8
284,27,10,45,3,13.421070416218555,7
285,71,15,84,4,13.41321574412034,11
286,80,22,51,7,13.405837899191413,15
287,74,12,3,3,13.385856762614395,9
288,43,12,102,4,13.372023836980008,8
289,104,12,35,4,13.369677424437175,8
290,108,10,12,4,13.367955655554766,6
291,17,14,48,5,13.364907872446567,9
292,55,11,32,4,13.363639630093912,7
293,108,13,9,5,13.341841222661904,8
294,108,14,3,4,13.327448479816557,10
295,11,16,18,5,13.321280125838719,11
296,9,17,19,5,13.31812011403307,12
297,80,20,88,7,13.305539707805673,13
298,8,14,1,4,13.305141225086524,10
299,64,19,106,6,13.295192075566392,13
300,104,43,46,14,13.294982678813746,29
301,7,12,99,4,13.27451726078842,8
302,95,39,88,12,13.236869470595256,27
303,36,18,54,6,13.217744798273168,12
304,108,15,11,4,13.213308250017542,11
305,94,20,57,6,13.207253358167623,14
306,95,28,37,7,13.149042342745599,21
307,109,22,39,6,13.129530785146974,16
308,55,14,47,5,13.036465008068177,9
309,55,22,23,8,13.026997694301386,14
310,63,14,35,5,12.998216518752985,9
311,74,23,60,8,12.980686447605734,15
312,92,10,84,4,12.962976398847768,6
313,98,19,106,6,12.954874150336938,13
314,64,20,37,6,12.946494518825181,14
315,74,16,76,6,12.943701075259918,10
316,64,10,94,4,12.918584959999516,6
317,78,14,47,5,12.914558187890036,9
318,17,19,109,6,12.911257852793483,13
319,2,21,65,5,12.890027578518191,16
320,34,24,57,7,12.872133630873055,17
321,104,35,27,11,12.83724877330016,24
322,72,18,29,6,12.835964412753418,12
323,64,22,29,5,12.835455672871142,17
324,1,11,76,4,12.827717897490277,7
325,49,15,25,5,12.785517383168523,10
326,84,31,3,11,12.7817713508444,20
327,100,15,1,5,12.750379039232417,10
328,95,10,36,3,12.746346244298936,7
329,11,44,37,14,12.738426249160874,30
330,98,33,87,9,12.73723226761893,24
331,33,14,106,4,12.736963404825657,10
332,46,24,106,9,12.725492516069494,15
333,15,33,9,13,12.72411209862202,20
334,13,89,88,26,12.707270113303837,63
335,13,76,31,25,12.705633823012963,51
336,80,40,63,12,12.682443988429267,28
337,104,13,31,5,12.68196482072701,8
338,100,32,68,11,12.681442500967396,21
339,48,15,5,4,12.675358072710559,11
340,7,23,57,9,12.666461617234948,14
341,72,26,51,9,12.653159909877601,17
342,39,20,85,7,12.618845399489865,13
343,53,24,108,9,12.606603502458741,15
344,2,21,51,8,12.59592396910538,13
345,3,12,35,4,12.563400964105028,8
346,41,18,71,5,12.557773267008855,13
347,42,12,13,3,12.522183516198908,9
348,57,20,109,6,12.517276670194189,14
349,64,15,92,7,12.492372460791035,8
350,79,30,87,8,12.466071130940087,22
351,18,14,37,4,12.438833593443572,10
352,65,27,58,9,12.431650709075077,18
353,36,17,50,7,12.423703215189775,10
354,35,10,109,3,12.407562430544194,7
355,67,12,97,3,12.353467827440639,9
356,34,14,41,5,12.338786367505541,9
357,13,34,94,11,12.315280597409904,23
358,98,18,88,5,12.300728896947142,13
359,69,15,18,5,12.281407888329316,10
360,40,15,81,4,12.276802562895192,11
361,98,30,96,9,12.27549839186978,21
362,27,21,89,6,12.26733989700351,15
363,37,18,60,7,12.263894360602317,11
364,73,19,88,6,12.262693289910839,13
365,32,10,39,3,12.259008757767624,7
366,58,11,29,3,12.250932195859463,8
367,100,25,57,8,12.24904881178982,17
368,75,19,43,5,12.224767647713705,14
369,78,11,106,3,12.210243252742742,8
370,15,10,97,3,12.205780494305644,7
371,65,23,57,7,12.203750629317215,16
372,34,15,54,4,12.199946008042932,11
373,2,15,11,5,12.196157085843712,10
374,15,12,52,4,12.190985148080978,8
375,11,35,84,11,12.189911906563855,24
376,75,11,35,3,12.188091693345983,8
377,107,21,99,7,12.174640608684578,14
378,111,23,41,8,12.165817300484488,15
379,87,32,81,12,12.164562147525906,20
380,2,22,70,8,12.153236389251047,14
381,100,33,103,11,12.15112952521245,22
382,11,40,96,13,12.141028508791658,27
383,49,11,92,4,12.12845296171494,7
384,15,10,4,4,12.124220843420797,6
385,76,15,91,4,12.09807191241983,11
386,8,11,35,3,12.093356369533678,8
387,57,12,89,4,12.067689601722272,8
388,74,22,62,7,12.061308273026555,15
389,1,18,63,7,12.054495717242016,11
390,10,10,89,3,12.05123505380701,7
391,100,52,65,16,12.04470855065301,36
392,30,20,46,6,12.044164698044929,14
393,43,14,28,5,12.028046594555397,9
394,1,12,104,4,12.02010829271743,8
395,63,15,89,4,12.017404575838292,11
396,102,32,5,11,12.011851390558954,21
397,102,18,55,6,11.983866194974429,12
398,37,15,77,5,11.967604181160285,10
399,76,22,57,6,11.963037229635306,16
400,95,27,18,9,11.951490678023532,18
401,28,13,81,4,11.947384191502273,9
402,70,27,57,10,11.940546365796532,17
403,114,46,65,16,11.938229846486395,30
404,48,19,49,5,11.919274877330185,14
405,71,17,77,5,11.915487518479784,12
406,98,18,31,7,11.908816140421921,11
407,79,11,12,4,11.866943529008417,7
408,103,19,60,6,11.860134289698356,13
409,100,39,49,13,11.856793058809695,26
410,92,17,86,6,11.833574375075663,11
411,92,11,109,3,11.825872450184745,8
412,104,31,77,10,11.812621663747164,21
413,53,10,91,3,11.811611902058752,7
414,8,21,40,6,11.791921402372768,15
415,44,10,54,3,11.791894285038762,7
416,51,34,81,12,11.790201731891965,22
417,112,10,62,3,11.780471922009976,7
418,49,21,81,8,11.780141471258919,13
419,58,10,103,3,11.772908526311582,7
420,63,17,102,6,11.747209471298389,11
421,34,12,69,2,11.742698738008174,10
422,89,10,102,4,11.714231512429773,6
423,55,25,43,6,11.714024478286158,19
424,91,13,96,4,11.692854193124049,9
425,55,11,72,3,11.689010218474658,8
426,34,23,28,7,11.682170467841413,16
427,8,10,81,3,11.678569579324542,7
428,72,15,23,5,11.667454901588142,10
429,30,27,43,7,11.653318247152228,20
430,39,29,78,9,11.649361635214477,20
431,107,17,83,5,11.64452174042024,12
432,100,12,40,4,11.638460148115916,8
433,11,10,110,2,11.637838089699006,8
434,75,17,38,4,11.628826987325251,13
435,37,14,1,5,11.627292625477205,9
436,11,23,70,7,11.609570033059047,16
437,93,12,104,4,11.577012913737342,8
438,27,47,19,14,11.572277054729382,33
439,23,11,11,3,11.568338446113309,8
440,36,16,104,6,11.564722196156035,10
441,111,10,71,3,11.563837134119524,7
442,21,13,87,4,11.56318091799384,9
443,72,12,104,4,11.56257995280617,8
444,53,14,46,5,11.556347535591735,9
445,18,12,84,4,11.526678691260484,8
446,110,12,7,5,11.526061320417648,7
447,98,21,77,6,11.52597944233578,15
448,7,15,81,6,11.525413070422038,9
449,7,20,76,8,11.522456617485858,12
450,35,11,65,3,11.518581403700487,8
451,108,10,18,3,11.50838861651189,7
452,98,14,75,5,11.497093707313164,9
453,68,12,37,4,11.496583691347068,8
454,18,14,34,4,11.482941012320621,10
455,15,10,46,3,11.466752843427653,7
456,114,41,106,14,11.462749893343949,27
457,34,20,60,6,11.434147211488856,14
458,108,15,68,5,11.415630910439985,10
459,47,17,18,5,11.411676107822023,12
460,75,39,54,14,11.408133317564468,25
461,73,10,75,5,11.395199340418811,5
462,4,11,38,3,11.395009854616482,8
463,43,17,91,5,11.378756439291882,12
464,53,22,109,7,11.359866911275935,15
465,75,15,102,4,11.357902372458392,11
466,108,11,112,4,11.335603356831966,7
467,104,15,44,5,11.332078649569057,10
468,64,13,20,3,11.331308462604776,10
469,64,14,76,5,11.304788571126874,9
470,69,13,91,5,11.30407928014614,8
471,80,10,5,3,11.295210617596885,7
472,111,11,27,3,11.279710088837586,8
473,2,14,55,5,11.276816159574052,9
474,75,52,7,17,11.2746633859962,35
475,29,30,86,9,11.274007583640703,21
476,83,11,70,5,11.265042422069474,6
477,25,25,68,8,11.235607083018879,17
478,45,12,39,5,11.230688824941206,7
479,46,20,96,8,11.223825219116968,12
480,25,15,3,5,11.214634960222725,10
481,100,12,46,4,11.210309669403342,8
482,89,11,1,4,11.209011069389932,7
483,87,37,114,14,11.160921669895089,23
484,78,13,1,4,11.156578268103182,9
485,62,18,94,6,11.151655058140983,12
486,104,34,11,11,11.141180204048961,23
487,78,12,66,4,11.131528298187064,8
488,46,15,70,5,11.123543654837006,10
489,48,11,102,3,11.116814719382416,8
490,74,13,32,4,11.10166419198237,9
491,79,23,57,8,11.10038188990658,15
492,64,29,112,8,11.096215333139424,21
493,99,11,11,4,11.04788337752713,7
494,55,39,1,12,11.047135752371082,27
495,32,12,114,4,11.045874107216173,8
496,16,17,32,6,11.045561391190379,11
497,47,10,84,3,11.043789003229906,7
498,49,25,104,8,11.041712547533377,17
499,7,13,66,5,11.034566799554367,8
500,91,31,60,12,11.03333094942879,19
501,41,14,92,5,11.016394202336146,9
502,15,13,71,4,11.00914391321025,9
503,51,20,110,6,11.00014817045874,14
504,109,17,64,7,10.986928172384285,10
505,13,25,97,9,10.985857531237667,16
506,50,40,20,13,10.968930608298047,27
507,49,12,53,4,10.942416766704312,8
508,63,48,28,15,10.937243385325443,33
509,48,22,9,7,10.894666127588817,15
510,89,16,103,6,10.888455969658349,10
511,79,13,106,4,10.885501834452416,9
512,86,17,67,6,10.856458271232293,11
513,44,22,13,7,10.85202026233818,15
514,38,26,65,10,10.83463870682701,16
515,51,27,33,7,10.831795324465075,20
516,106,17,81,7,10.816681182916202,10
517,85,12,75,3,10.8046837733115,9
518,55,25,91,7,10.79161282762655,18
519,100,16,38,4,10.780867547654914,12
520,7,25,19,7,10.77597719817787,18
521,101,12,13,3,10.774607059056445,9
522,78,16,53,6,10.77154978747951,10
523,59,11,7,3,10.7712398180592,8
524,72,25,19,8,10.749639621360698,17
525,106,14,108,4,10.746780907865295,10
526,5,19,60,6,10.737943337535818,13
527,11,12,91,3,10.737589094202368,9
528,53,22,17,7,10.723383781136485,15
529,54,11,111,3,10.714143810197234,8
530,43,13,36,5,10.713552025008552,8
531,108,36,13,12,10.689855841590877,24
532,63,17,33,6,10.663903494014164,11
533,30,24,91,7,10.658543869059741,17
534,12,20,15,7,10.647585313126118,13
535,48,11,103,3,10.609852030111929,8
536,28,13,103,4,10.609246701939709,9
537,7,31,91,9,10.609100286101583,22
538,58,12,15,3,10.577771186457172,9
539,104,26,75,9,10.574353916694225,17
540,95,15,9,6,10.569002592922947,9
541,28,17,40,7,10.551622113062646,10
542,19,13,79,5,10.549815768045507,8
543,50,19,68,8,10.535408083030939,11
544,71,19,97,6,10.523533962196902,13
545,27,27,36,10,10.52334959933135,17
546,53,44,88,14,10.519286458480718,30
547,54,35,60,11,10.508874533332266,24
548,11,41,109,13,10.501920816791976,28
549,64,27,9,8,10.495957554452962,19
550,55,27,64,8,10.493415001317684,19
551,43,17,9,7,10.435718767902006,10
552,78,15,46,6,10.435320162132959,9
553,44,16,39,6,10.434810009571388,10
554,60,35,29,13,10.42089747006503,22
555,49,22,103,8,10.414318132058174,14
556,33,18,20,6,10.409025528596043,12
557,49,23,23,8,10.408633938410514,15
558,18,16,19,5,10.389246220506259,11
559,106,16,93,6,10.37915501513517,10
560,15,16,55,4,10.370537288257989,12
561,63,36,91,11,10.368824470659426,25
562,63,24,69,8,10.366973166191585,16
563,13,49,18,17,10.366295029596339,32
564,50,39,88,14,10.364860984100918,25
565,104,24,12,8,10.358875950961007,16
566,94,10,7,3,10.355621654064775,7
567,17,15,27,6,10.354549099588292,9
568,40,16,102,6,10.346146758066931,10
569,37,48,54,16,10.345446907641227,32
570,108,23,39,9,10.341615848120973,14
571,74,37,28,13,10.332746781815512,24
572,63,39,76,12,10.294441268951951,27
573,60,24,112,8,10.282975838759189,16
574,47,16,3,5,10.263621577333433,11
575,23,33,76,12,10.25965129445218,21
576,67,16,106,6,10.252161434234207,10
577,12,18,106,5,10.245560433617426,13
578,75,16,57,5,10.238315344226487,11
579,75,12,79,4,10.235318929578343,8
580,64,49,60,15,10.225579774670619,34
581,97,10,48,4,10.2212335454347,6
582,30,17,31,7,10.214096274935345,10
583,90,19,104,7,10.205908373136616,12
584,97,42,37,14,10.199316810918761,28
585,98,15,2,6,10.198603389321663,9
586,71,13,33,4,10.195530501937558,9
587,90,14,48,5,10.193948361787585,9
588,6,12,9,5,10.175309866966638,7
589,92,16,68,5,10.147306838487294,11
590,96,11,23,4,10.143008283174428,7
591,53,37,31,14,10.136338371296794,23
592,78,12,114,5,10.123963867745244,7
593,74,11,29,4,10.117149758840515,7
594,30,33,109,10,10.115174626052804,23
595,53,36,36,11,10.114732824687982,25
596,71,21,54,8,10.113144202991709,13
597,11,22,47,7,10.083499798816085,15
598,40,16,49,6,10.077718304922936,10
599,13,23,83,8,10.067954696106945,15
600,73,18,40,6,10.060776256522114,12
601,107,16,10,6,10.056408787562026,10
602,44,10,38,3,10.048373138060263,7
603,100,42,12,15,10.046446914194261,27
604,70,10,3,3,10.036631807498475,7
605,107,45,109,15,10.03488502903521,30
606,110,13,107,4,10.034721322746927,9
607,28,21,72,7,10.026127135244147,14
608,30,27,84,8,10.023299208241372,19
609,28,39,75,13,10.021801272184058,26
610,111,19,63,7,10.01291034850113,12
611,30,33,88,13,10.005154273527152,20
612,104,23,71,9,10.004145398382484,14
613,15,21,77,7,9.998659269021646,14
614,58,11,61,4,9.991140661268366,7
615,43,29,15,10,9.989868118601175,19
616,95,25,65,9,9.98743882075493,16
617,114,16,12,7,9.985343546707197,9
618,16,67,106,22,9.984638821275349,45
619,99,10,19,3,9.983244859068366,7
620,6,15,61,5,9.976861344972216,10
621,47,27,60,9,9.974271287982043,18
622,43,26,77,9,9.972633937246163,17
623,16,45,76,18,9.966747555091633,27
624,46,14,90,5,9.960134782518509,9
625,34,14,38,4,9.929589574167466,10
626,75,15,29,6,9.923300198268768,9
627,95,10,2,3,9.920312629990494,7
628,74,42,46,14,9.91934754308771,28
629,1,11,57,4,9.916035104284747,7
630,30,18,70,7,9.91397370546994,11
631,11,14,83,4,9.896151919094924,10
632,98,30,49,10,9.89451092077759,20
633,110,20,16,7,9.893450419413218,13
634,17,15,71,6,9.87407872077162,9
635,9,32,31,11,9.853659783790295,21
636,53,10,98,4,9.839111782848335,6
637,11,20,38,7,9.838969868597399,13
638,17,18,19,6,9.838733881450873,12
639,9,17,47,6,9.833363334347133,11
640,75,19,109,6,9.83076635543319,13
641,7,26,96,8,9.825450759982106,18
642,54,13,57,3,9.824315369895022,10
643,81,12,109,4,9.819741316945185,8
644,40,24,17,8,9.815776001763272,16
645,63,40,48,14,9.811551158222233,26
646,104,18,79,7,9.811537818194267,11
647,106,24,18,8,9.811498602513073,16
648,111,10,70,4,9.807746966138032,6
649,114,16,62,6,9.799890996069497,10
650,62,10,93,4,9.798162399200413,6
651,76,27,35,10,9.787487717233065,17
652,37,24,83,9,9.783726366978422,15
653,15,14,53,5,9.75938988218119,9
654,34,14,70,5,9.755416516876581,9
655,49,10,38,3,9.749746841362613,7
656,63,52,84,20,9.74716223383734,32
657,102,38,86,13,9.743964141517802,25
658,43,13,89,5,9.738511238207305,8
659,12,42,107,13,9.73387973503095,29
660,43,19,31,10,9.72085277355369,9
661,78,12,37,4,9.719307443467278,8
662,52,15,8,5,9.715026692600484,10
663,16,48,96,14,9.712671053609279,34
664,28,18,111,6,9.712251206209237,12
665,2,10,48,3,9.702269151070572,7
666,8,34,114,11,9.699231858321156,23
667,57,51,107,19,9.683975300318243,32
668,88,22,112,8,9.681832903230312,14
669,79,18,65,7,9.67569283729834,11
670,43,13,62,5,9.668336863011303,8
671,47,17,49,5,9.661152599727629,12
672,100,12,71,4,9.660687520316314,8
673,21,11,88,4,9.657212734415223,7
674,22,10,114,5,9.649313306364824,5
675,75,40,8,13,9.637059553855455,27
676,41,23,53,8,9.631953807885305,15
677,70,17,109,6,9.623350653501722,11
678,80,17,30,6,9.61803117509945,11
679,99,14,8,6,9.611065592860317,8
680,83,18,84,7,9.609473734372155,11
681,16,15,10,5,9.607669865815327,10
682,8,13,53,4,9.596286006275319,9
683,76,27,9,9,9.592643387328541,18
684,102,16,34,5,9.587766586983141,11
685,92,10,31,4,9.586105290347549,6
686,54,21,43,8,9.585604342831404,13
687,73,20,7,8,9.582485903794176,12
688,78,12,89,4,9.57514653734148,8
689,27,28,31,12,9.569633624787398,16
690,109,15,103,6,9.552800514980765,9
691,17,17,3,7,9.550337372259282,10
692,39,26,106,10,9.547502317564264,16
693,72,17,69,6,9.540698034174628,11
694,33,25,107,10,9.539564483245075,15
695,9,14,94,6,9.535806051453793,8
696,20,11,75,4,9.527707505687728,7
697,92,11,97,5,9.525917165548373,6
698,1,22,31,9,9.525804060927042,13
699,100,32,29,12,9.521427869790516,20
700,20,32,25,11,9.520523686179047,21
701,8,17,36,6,9.512360266950532,11
702,33,13,69,5,9.51115802646404,8
703,114,13,2,5,9.509158562417845,8
704,37,22,99,7,9.502759058160704,15
705,75,29,5,12,9.487135559909316,17
706,23,16,57,6,9.474501256774843,10
707,30,15,61,5,9.46714266401481,10
708,48,15,15,6,9.456844892945968,9
709,11,22,9,8,9.452997859790166,14
710,89,12,114,5,9.444885030105086,7
711,32,11,63,4,9.44232166344675,7
712,34,20,76,8,9.434786757726329,12
713,23,16,47,5,9.428933500778964,11
714,13,15,2,6,9.422510080465475,9
715,19,22,108,8,9.421422823849973,14
716,16,13,56,4,9.403965360554954,9
717,109,11,36,3,9.390936468630548,8
718,100,32,77,11,9.386860810864013,21
719,73,14,54,5,9.38293263538315,9
720,29,13,95,5,9.382021477576467,8
721,103,12,38,3,9.379557577066372,9
722,27,16,4,6,9.378715415982096,10
723,41,22,89,7,9.373462137125664,15
724,23,10,89,3,9.369382103123732,7
725,28,19,12,6,9.364727152511893,13
726,26,12,28,4,9.352858082446945,8
727,1,20,87,8,9.344990956449255,12
728,30,17,58,6,9.339364724047496,11
729,54,13,81,5,9.33569894630605,8
730,15,37,51,14,9.33552825324919,23
731,72,16,109,5,9.33300615375834,11
732,77,10,84,3,9.326879307665175,7
733,18,30,9,10,9.325317307118523,20
734,45,10,38,3,9.31109379184883,7
735,27,50,60,16,9.301787306937484,34
736,15,13,102,4,9.297970992843142,9
737,19,15,89,5,9.286097473243418,10
738,62,24,40,11,9.275726600058688,13
739,100,33,41,12,9.267995461447091,21
740,104,23,84,9,9.26674641219393,14
741,87,27,93,10,9.26552442404966,17
742,16,80,27,29,9.26096599958031,51
743,20,16,90,6,9.256704804618028,10
744,18,12,62,4,9.234800982158571,8
745,91,23,20,9,9.233435902067155,14
746,93,10,100,3,9.229250964204905,7
747,70,16,69,5,9.227346228401577,11
748,62,13,38,4,9.220865339718124,9
749,34,25,51,9,9.212488951151757,16
750,68,22,109,7,9.205767765094537,15
751,93,11,90,4,9.204947446014167,7
752,79,10,41,4,9.204704069079494,6
753,100,15,48,6,9.202663576630135,9
754,95,21,114,8,9.195016624238175,13
755,81,16,63,6,9.193429569946275,10
756,68,31,18,11,9.190826393650621,20
757,23,14,91,6,9.188824217195526,8
758,100,37,60,13,9.187580857300915,24
759,54,19,58,8,9.183988111852093,11
760,53,14,38,5,9.17946873124013,9
761,112,22,29,8,9.174610307731976,14
762,13,60,3,21,9.173172089609379,39
763,34,15,37,5,9.170559355322496,10
764,75,12,61,5,9.169495709034498,7
765,62,21,63,8,9.161474645821357,13
766,51,23,89,8,9.157964620464854,15
767,76,14,10,5,9.157178184443993,9
768,50,43,5,17,9.15604936984071,26
769,1,11,5,4,9.143641454097294,7
770,28,23,112,8,9.12022356401639,15
771,57,13,2,5,9.119959996501729,8
772,92,11,17,4,9.114563540800479,7
773,109,15,31,5,9.11388757240418,10
774,58,11,45,4,9.091525705777382,7
775,94,12,75,4,9.080901166069646,8
776,100,40,11,14,9.077095643242169,26
777,53,21,3,7,9.076818822513886,14
778,11,30,103,9,9.075766698083196,21
779,57,16,40,6,9.075047590769481,10
780,80,39,107,13,9.074881524481428,26
781,49,14,55,5,9.07453979611351,9
782,44,29,86,10,9.073857704921485,19
783,95,31,51,10,9.060456234548898,21
784,35,16,45,7,9.040031591861496,9
785,7,55,87,19,9.031940434035894,36
786,49,20,37,8,9.027668819657336,12
787,58,30,13,9,9.02613019630136,21
788,65,33,102,11,9.020601459305992,22
789,48,21,108,7,9.016454394528637,14
790,91,25,39,9,9.014113578195186,16
791,5,15,36,6,9.008614310253613,9
792,85,19,50,7,9.007921978503543,12
793,8,64,5,24,9.002251377410767,40
794,1,25,65,10,9.00217902882169,15
795,78,15,80,5,8.990142670025016,10
796,39,25,72,9,8.98071613805682,16
797,97,18,36,7,8.970668153566256,11
798,34,19,103,6,8.970243702574694,13
799,47,20,114,8,8.969382880850313,12
800,11,14,81,5,8.967824856070829,9
801,17,16,30,7,8.956802894861456,9
802,30,27,38,8,8.954819705983981,19
803,11,34,41,11,8.953991407123153,23
804,69,14,48,6,8.947708246863762,8
805,87,33,91,11,8.944507965742199,22
806,16,53,18,18,8.943183703612421,35
807,73,11,70,5,8.94135129372028,6
808,51,26,74,8,8.938947542412071,18
809,73,12,31,4,8.93891957013575,8
810,49,22,29,8,8.92665983569728,14
811,3,15,98,7,8.926309600802396,8
812,84,29,29,11,8.921575167609982,18
813,26,10,88,4,8.919527282390272,6
814,110,19,25,6,8.91770167255822,13
815,63,15,10,5,8.910939208335906,10
816,49,24,11,8,8.900579343322859,16
817,94,32,12,13,8.900231530265584,19
818,16,33,38,9,8.892839303764044,24
819,69,12,97,4,8.888377862411463,8
820,90,23,13,8,8.883764352926049,15
821,45,24,107,9,8.882581208643296,15
822,112,12,98,4,8.873991556640124,8
823,6,15,12,7,8.87368712650089,8
824,34,21,68,8,8.850128344712713,13
825,35,16,51,6,8.849945437990394,10
826,65,47,93,19,8.847119413638655,28
827,20,20,3,7,8.846112059849583,13
828,32,15,87,5,8.844155029434871,10
829,63,19,36,7,8.822881427312195,12
830,63,22,77,7,8.819997532642512,15
831,54,56,109,19,8.813849660874387,37
832,84,19,19,7,8.813396640852732,12
833,43,53,87,19,8.81260718641662,34
834,36,18,47,6,8.810892372607718,12
835,106,10,42,3,8.802546839644403,7
836,48,16,89,4,8.797618045530102,12
837,60,36,12,16,8.796940948337136,20
838,63,18,19,6,8.792724982250471,12
839,6,12,46,5,8.791371018033741,7
840,26,11,107,4,8.789963547813729,7
841,77,14,99,4,8.784719144285264,10
842,16,27,1,8,8.777340054296332,19
843,74,37,84,16,8.764103490564013,21
844,8,34,84,12,8.76285424467774,22
845,28,16,52,6,8.75730555636181,10
846,41,12,85,5,8.754152386383817,7
847,38,14,106,7,8.745019433529976,7
848,65,11,32,4,8.739314169667136,7
849,57,26,46,10,8.738900979302741,16
850,4,22,17,7,8.727735068009611,15
851,40,27,3,9,8.719928293728287,18
852,49,23,43,8,8.714112208416491,15
853,45,15,86,6,8.710518828201984,9
854,28,23,62,9,8.703867920620008,14
855,38,16,3,6,8.700552917920668,10
856,46,13,77,5,8.692557302357292,8
857,54,12,47,5,8.685088894357262,7
858,39,41,20,17,8.683414479878406,24
859,12,26,77,10,8.680351323216604,16
860,19,12,31,4,8.67684008479621,8
861,53,11,54,4,8.67028832638361,7
862,70,12,58,4,8.66252309250944,8
863,88,17,103,7,8.661440228649823,10
864,73,28,8,11,8.656865963639591,17
865,19,20,81,7,8.651149746915296,13
866,77,12,114,5,8.61684502256807,7
867,85,16,65,6,8.614950001639382,10
868,76,23,94,7,8.600986903139281,16
869,13,22,6,8,8.600067561462977,14
870,44,23,6,7,8.597523681350719,16
871,2,34,107,12,8.596357154255273,22
872,4,22,87,7,8.590843038311563,15
873,95,23,55,8,8.57500650986488,15
874,9,22,104,8,8.574493523715214,14
875,49,10,93,4,8.57216379677568,6
876,111,25,107,11,8.570266784296765,14
877,91,13,71,5,8.567246551132914,8
878,26,14,16,6,8.561151203860886,8
879,103,23,68,9,8.554646323444773,14
880,78,11,36,4,8.552435160203324,7
881,94,11,2,4,8.550586885180525,7
882,16,15,67,5,8.550473387804702,10
883,94,12,35,5,8.545638882275084,7
884,91,13,65,5,8.541931736396267,8
885,26,24,13,8,8.53793688485783,16
886,110,11,63,4,8.534985747455591,7
887,53,20,61,6,8.524850655507475,14
888,81,22,69,9,8.517997866855394,13
889,20,22,9,8,8.515923532058864,14
890,80,11,77,4,8.51548819382583,7
891,95,35,8,14,8.511725721270738,21
892,33,10,109,4,8.506616474826911,6
893,91,10,45,4,8.504304930616431,6
894,64,28,40,10,8.496071624321134,18
895,104,19,69,6,8.491359963005367,13
896,13,59,43,25,8.480788752229824,34
897,55,14,85,5,8.476039600481302,9
898,30,11,66,3,8.470012652510327,8
899,103,31,19,12,8.468280478172352,19
900,50,20,48,7,8.466418162124782,13
901,39,26,112,10,8.464674026518864,16
902,63,37,20,15,8.464473402081477,22
903,53,23,12,9,8.46079762480418,14
904,95,14,96,5,8.450373982592184,9
905,8,24,41,8,8.446748885751393,16
906,107,48,49,17,8.440865653393343,31
907,96,24,70,11,8.437417991026258,13
908,55,20,114,7,8.432483182241096,13
909,73,19,90,7,8.424101991862461,12
910,41,12,102,4,8.421036787338002,8
911,13,24,98,8,8.418621294860282,16
912,109,14,67,7,8.410228891959635,7
913,94,27,51,10,8.403248207266076,17
914,30,49,13,18,8.401319363935377,31
915,69,12,61,3,8.397253145469621,9
916,107,46,43,17,8.395930028533934,29
917,62,25,68,10,8.382615098007266,15
918,7,45,25,16,8.3728066183483,29
919,39,28,94,11,8.363460408949939,17
920,7,22,5,8,8.357081514884822,14
921,41,33,31,12,8.353957395244583,21
922,48,25,96,9,8.343995751105185,16
923,72,23,68,8,8.332143394635237,15
924,25,15,9,5,8.323455878342038,10
925,79,20,51,9,8.309517555811908,11
926,37,43,46,14,8.306667442353499,29
927,91,13,109,5,8.302894097359495,8
928,92,13,63,6,8.301235837359338,7
929,86,17,56,6,8.300855291965847,11
930,109,10,58,4,8.291034573977958,6
931,90,31,106,10,8.283845461248369,21
932,15,14,79,6,8.279617988476957,8
933,41,18,91,6,8.2766719527744,12
934,60,20,45,8,8.270932074255704,12
935,37,12,14,5,8.26646783507543,7
936,93,10,76,4,8.25053412937542,6
937,75,18,1,6,8.241769187322511,12
938,69,21,106,8,8.230262561693127,13
939,37,31,7,12,8.226042864777218,19
940,99,10,71,4,8.224966300288866,6
941,112,14,40,6,8.221202026655064,8
942,80,11,81,5,8.214427134711954,6
943,68,17,33,6,8.205627093372602,11
944,74,25,39,10,8.195535087876934,15
945,92,16,40,6,8.191919233506125,10
946,38,16,57,7,8.179065570967875,9
947,27,29,53,10,8.155521497979041,19
948,18,26,65,10,8.153871588166583,16
949,70,19,64,6,8.153009023968611,13
950,4,10,112,4,8.145974306589784,6
951,56,14,107,6,8.142413744294041,8
952,50,36,55,15,8.131693382626922,21
953,20,11,110,4,8.125291114928707,7
954,9,12,98,5,8.123745049728663,7
955,81,11,111,3,8.120062859865856,8
956,39,68,68,27,8.117049319914763,41
957,72,14,114,6,8.112992267571085,8
958,17,17,77,7,8.106011789729994,10
959,27,72,87,27,8.104544650164843,45
960,77,18,81,7,8.103239112093918,11
961,73,14,51,5,8.09774388932274,9
962,27,36,94,13,8.09009745193836,23
963,43,17,4,7,8.083539648296874,10
964,8,17,32,7,8.079749532998788,10
965,110,16,97,6,8.077466293642962,10
966,50,18,70,8,8.072010588554928,10
967,110,19,39,6,8.071999499945951,13
968,97,29,68,11,8.062315589675796,18
969,18,46,39,17,8.059585267290437,29
970,19,15,46,6,8.056646218005667,9
971,20,36,84,11,8.048616703285955,25
972,78,32,12,10,8.048414206300375,22
973,89,19,37,9,8.048334757683454,10
974,30,55,39,23,8.047157218235911,32
975,41,26,49,10,8.041588758256559,16
976,98,15,48,5,8.040930745507078,10
977,100,18,18,8,8.035989461751754,10
978,78,28,34,11,8.023408923275579,17
979,49,39,69,17,8.02260117331002,22
980,63,12,52,5,8.01519600341839,7
981,35,11,9,5,8.012816785902414,6
982,65,28,5,11,8.012091300535628,17
983,91,31,98,12,8.010154956050263,19
984,102,19,96,7,7.995631160966492,12
985,98,16,40,7,7.993416961646092,9
986,5,28,84,11,7.986435375626316,17
987,75,44,50,15,7.963443352466475,29
988,15,43,88,14,7.95659402956549,29
989,87,15,66,6,7.94612104522059,9
990,43,46,86,17,7.944824738230932,29
991,98,19,71,7,7.940784287039028,12
992,102,20,88,6,7.922214123871077,14
993,94,19,109,8,7.91486031707845,11
994,30,13,33,4,7.91339518812487,9
995,108,20,98,8,7.913100401728397,12
996,88,10,82,4,7.912578083642501,6
997,71,13,38,4,7.906029048659731,9
998,78,11,31,5,7.904414780494012,6
999,53,14,90,5,7.9010322992925905,9
1000,17,16,29,7,7.899676305324428,9
1001,3,18,94,7,7.8995884826671166,11
1002,54,34,40,13,7.877426017050995,21
1003,27,35,77,13,7.8745216976485,22
1004,114,25,90,10,7.870165683504547,15
1005,28,30,2,11,7.862984699152351,19
1006,44,12,35,5,7.859665557157527,7
1007,106,26,91,9,7.859341034872011,17
1008,11,13,66,6,7.856337586346077,7
1009,100,40,43,16,7.852959068336607,24
1010,27,51,78,17,7.852306313908781,34
1011,39,22,103,9,7.848671351459475,13
1012,114,20,1,7,7.837742070296789,13
1013,70,16,93,6,7.834949393241649,10
1014,30,34,77,13,7.831021537409562,21
1015,5,22,17,7,7.829641724195981,15
1016,39,74,49,26,7.824718155930499,48
1017,54,14,108,4,7.821734358546891,10
1018,25,46,46,19,7.820401195025543,27
1019,114,12,110,4,7.800316810979699,8
1020,98,43,86,17,7.794241978231682,26
1021,107,31,31,15,7.788469010128701,16
1022,47,10,111,4,7.786638633209638,6
1023,72,19,17,7,7.778851597585446,12
1024,92,14,114,4,7.774797164908201,10
1025,53,11,73,4,7.756297558195458,7
1026,111,19,51,7,7.750696049131197,12
1027,87,28,53,12,7.750137979593179,16
1028,28,29,68,10,7.748993038967358,19
1029,30,10,111,3,7.74442175449077,7
1030,44,11,84,5,7.741464370739859,6
1031,46,18,29,9,7.738693511487552,9
1032,16,14,101,5,7.729447625525021,9
1033,78,17,104,6,7.72449974280056,11
1034,114,21,96,8,7.708209589747937,13
1035,8,12,103,4,7.7073602754994885,8
1036,75,61,68,22,7.69823200491078,39
1037,86,28,1,11,7.696680317913666,17
1038,62,11,96,3,7.693312023908734,8
1039,100,12,108,4,7.691556938747866,8
1040,111,25,7,10,7.690323425771979,15
1041,87,37,70,16,7.689912827762477,21
1042,5,32,11,12,7.687442157533873,20
1043,8,38,9,17,7.672754136226992,21
1044,108,10,49,4,7.66866894133045,6
1045,37,24,96,10,7.665844925696507,14
1046,27,29,112,11,7.661494705671576,18
1047,104,11,66,3,7.658809119364057,8
1048,104,39,60,12,7.65596663244094,27
1049,33,13,31,6,7.647223417443057,7
1050,70,11,60,4,7.646435749026204,7
1051,97,29,5,10,7.639418302115126,19
1052,28,28,3,11,7.638630473496032,17
1053,54,32,27,13,7.625689172762683,19
1054,71,14,27,5,7.6209744722933594,9
1055,60,32,69,14,7.6138451240077565,18
1056,18,20,36,8,7.594902878501233,12
1057,103,18,84,8,7.589982363677433,10
1058,72,10,36,4,7.585561627806544,6
1059,28,31,114,13,7.584853881328921,18
1060,68,33,8,13,7.584696960899657,20
1061,3,12,85,6,7.584252500547151,6
1062,62,14,109,7,7.5814799083377205,7
1063,58,17,112,7,7.574468513714297,10
1064,53,31,112,14,7.574348903828081,17
1065,76,18,72,6,7.552475592734262,12
1066,16,74,55,27,7.540678563620176,47
1067,85,10,46,3,7.538229298143683,7
1068,33,16,7,7,7.5321884826380465,9
1069,6,11,55,3,7.526848268362221,8
1070,41,18,17,6,7.526219064648913,12
1071,6,11,31,5,7.520489323813347,6
1072,16,78,63,30,7.5184795272287595,48
1073,65,17,66,6,7.515278237298981,11
1074,86,39,17,17,7.514722263451873,22
1075,85,11,47,3,7.51471835956732,8
1076,107,16,61,7,7.509321940652872,9
1077,64,10,93,5,7.507177747442428,5
1078,68,66,87,25,7.496022329620563,41
1079,16,50,46,18,7.494318856216717,32
1080,7,21,109,8,7.493740572538848,13
1081,71,15,76,7,7.4875920550169335,8
1082,70,14,36,6,7.476080415111225,8
1083,45,12,53,5,7.463487107897499,7
1084,27,11,80,4,7.4617467678086795,7
1085,47,18,69,7,7.454070061027652,11
1086,34,32,87,12,7.453732258611385,20
1087,74,16,77,6,7.445248923450912,10
1088,11,12,71,5,7.444969376445687,7
1089,6,24,16,11,7.439865172191104,13
1090,109,22,38,7,7.43867481929608,15
1091,30,17,62,7,7.428902113557475,10
1092,8,30,15,13,7.419542784867986,17
1093,73,18,5,7,7.416873021801379,11
1094,98,19,12,7,7.414506258384082,12
1095,36,34,41,16,7.412500474371831,18
1096,70,30,20,11,7.408681007686706,19
1097,77,10,91,4,7.405339289847274,6
1098,20,11,94,4,7.40491165274963,7
1099,75,14,76,6,7.401272000460674,8
1100,10,15,28,5,7.394064388880875,10
1101,7,22,56,9,7.387479337914444,13
1102,16,15,92,4,7.376894869640722,11
1103,71,19,81,7,7.374213709282574,12
1104,13,48,23,21,7.373546879981892,27
1105,73,10,71,4,7.373234065194549,6
1106,56,12,88,5,7.371104573008601,7
1107,31,14,80,4,7.367135464628979,10
1108,106,10,61,3,7.3668858265854,7
1109,25,16,33,5,7.365926272964513,11
1110,34,25,49,10,7.352338099314809,15
1111,41,11,61,4,7.351525315520968,7
1112,23,18,114,6,7.3449426375970175,12
1113,40,41,104,15,7.3422918945341555,26
1114,75,19,11,8,7.336654356306241,11
1115,75,16,2,7,7.332326563651876,9
1116,100,24,109,8,7.329916484501671,16
1117,62,30,88,12,7.323841783087015,18
1118,70,42,5,17,7.323141246130925,25
1119,78,28,3,12,7.304787220480845,16
1120,13,65,106,25,7.3036939245307035,40
1121,5,27,98,11,7.298838761636912,16
1122,51,17,92,7,7.298086943273571,10
1123,78,44,87,17,7.297227038738769,27
1124,23,32,68,14,7.289923232946887,18
1125,43,31,40,13,7.287691070183644,18
1126,2,18,54,6,7.287492324178089,12
1127,23,18,17,7,7.286484354574564,11
1128,55,20,68,7,7.273979151335484,13
1129,110,16,70,6,7.267896542251018,10
1130,20,17,98,6,7.267496359610289,11
1131,30,17,12,6,7.260768897772345,11
1132,75,19,81,7,7.259552889264536,12
1133,69,12,96,4,7.2527556906488675,8
1134,13,42,8,16,7.249552270590032,26
1135,31,14,5,5,7.246607645789558,9
1136,87,45,9,18,7.244298477634302,27
1137,114,27,40,9,7.240772461331045,18
1138,3,12,90,5,7.229183550562688,7
1139,41,15,90,6,7.225732946536368,9
1140,114,16,30,7,7.22328003108775,9
1141,107,28,103,11,7.216919378717128,17
1142,72,12,108,4,7.213712770239643,8
1143,98,14,93,6,7.212314028509714,8
1144,27,18,38,6,7.2076299038595595,12
1145,14,14,95,5,7.1971223272437035,9
1146,112,15,43,6,7.1893251112725824,9
1147,90,18,39,8,7.18884605844648,10
1148,63,50,88,18,7.181466866993264,32
1149,98,24,29,9,7.180316216962127,15
1150,36,16,112,6,7.175574629533444,10
1151,41,30,77,10,7.15760476287467,20
1152,100,75,86,31,7.150918031546834,44
1153,29,14,37,6,7.147246302868525,8
1154,97,26,51,9,7.145200913148905,17
1155,111,12,69,5,7.144443379259749,7
1156,33,13,78,5,7.142209395263028,8
1157,27,39,15,17,7.136849333340005,22
1158,13,12,93,5,7.127658172301537,7
1159,86,39,48,15,7.126858844205427,24
1160,67,12,107,4,7.124134838046416,8
1161,57,10,35,3,7.121001943594234,7
1162,86,30,83,10,7.114862976089353,20
1163,45,33,7,13,7.114147641228474,20
1164,40,51,55,19,7.109300201154281,32
1165,100,32,54,12,7.106265052685026,20
1166,1,10,45,4,7.100044646871245,6
1167,51,35,19,12,7.094315310144395,23
1168,63,26,38,8,7.091217263422916,18
1169,27,21,55,7,7.087211713998168,14
1170,104,27,3,10,7.0862804085077595,17
1171,63,15,12,7,7.082818499870268,8
1172,85,10,53,3,7.078145746437185,7
1173,37,50,25,21,7.070541112352608,29
1174,51,65,63,28,7.0629792709775,37
1175,99,18,36,6,7.061516094995866,12
1176,63,25,18,9,7.057051865944985,16
1177,11,22,17,9,7.039864252889305,13
1178,16,44,91,15,7.0378059774572,29
1179,94,18,60,7,7.0351599724686675,11
1180,37,19,27,7,7.034792767414978,12
1181,80,10,43,4,7.031005677454651,6
1182,95,15,40,6,7.026458120737086,9
1183,80,16,68,6,7.020946425736165,10
1184,40,13,69,4,7.006717860168273,9
1185,62,15,5,6,6.992708759597396,9
1186,111,24,13,11,6.988942249892514,13
1187,17,20,55,9,6.987444025974706,11
1188,53,30,30,12,6.984989750265449,18
1189,15,12,6,4,6.9844847610743175,8
1190,109,48,8,20,6.974985396847095,28
1191,64,45,51,18,6.974550677142921,27
1192,18,23,97,9,6.9651635757198616,14
1193,16,34,36,13,6.962309553248682,21
1194,111,15,39,6,6.960860011711803,9
1195,32,18,104,6,6.9592250863895515,12
1196,91,19,50,7,6.959059467736711,12
1197,4,25,51,9,6.952578906103851,16
1198,58,20,88,8,6.951724289335951,12
1199,86,24,52,9,6.945114778958064,15
1200,60,33,50,15,6.944865376684978,18
1201,99,12,88,5,6.93913123202866,7
1202,86,83,96,32,6.934057728364641,51
1203,16,29,58,12,6.929257642908421,17
1204,58,23,39,9,6.923348925217789,14
1205,16,133,88,51,6.922409526264908,82
1206,47,44,13,17,6.918967707744426,27
1207,87,39,40,17,6.915208460636839,22
1208,98,31,76,12,6.9145039131956345,19
1209,29,15,102,5,6.909701748447181,10
1210,80,11,3,5,6.9067225590778385,6
1211,58,21,68,8,6.904652684866492,13
1212,16,52,9,18,6.896262542179416,34
1213,39,16,14,7,6.8922808961517115,9
1214,88,13,67,4,6.891493842154361,9
1215,18,17,112,6,6.887267609994756,11
1216,106,15,99,5,6.882359612487443,10
1217,29,19,69,8,6.870269758663409,11
1218,60,43,4,19,6.864343045215706,24
1219,7,99,51,37,6.849475435937798,62
1220,75,28,47,9,6.839491111976113,19
1221,20,15,29,6,6.832826874702712,9
1222,76,18,114,6,6.831521332050889,12
1223,95,25,106,9,6.830338155584791,16
1224,29,33,30,12,6.824118744840723,21
1225,68,69,31,28,6.821634358561019,41
1226,56,13,4,6,6.816273515879686,7
1227,13,26,76,10,6.81542183282259,16
1228,41,26,19,9,6.8150722527822545,17
1229,50,22,102,10,6.809919414830619,12
1230,14,21,28,7,6.807027415542909,14
1231,28,14,108,6,6.806119384401875,8
1232,47,11,43,4,6.805149454448943,7
1233,28,16,49,7,6.801284823553006,9
1234,47,15,100,6,6.796575245042939,9
1235,2,14,38,6,6.792448237787319,8
1236,80,29,87,11,6.787984537789177,18
1237,79,15,108,5,6.783855393965387,10
1238,97,20,57,8,6.78123727728494,12
1239,8,10,42,5,6.780541784776636,5
1240,103,18,17,6,6.777134032154198,12
1241,65,43,29,17,6.767708276680646,26
1242,39,43,88,17,6.751316626963761,26
1243,33,17,50,7,6.750798742645289,10
1244,63,27,109,12,6.749986635160673,15
1245,94,10,71,4,6.748460655059323,6
1246,45,13,68,5,6.747691137383074,8
1247,104,16,19,6,6.742171792497148,10
1248,41,13,80,5,6.741244434437033,8
1249,86,35,103,13,6.7398578616322515,22
1250,74,38,96,14,6.7318287322523656,24
1251,43,11,20,5,6.726970372628883,6
1252,30,32,55,12,6.725062001131899,20
1253,28,35,97,13,6.716635909782017,22
1254,16,41,64,16,6.714003154813045,25
1255,83,15,74,7,6.703298030488861,8
1256,107,49,53,19,6.701490327057931,30
1257,63,25,23,9,6.701335055503619,16
1258,99,11,54,4,6.681725927932732,7
1259,64,38,31,15,6.680717740842574,23
1260,16,105,39,43,6.673844360608358,62
1261,14,15,88,6,6.669368246830069,9
1262,85,20,54,7,6.664179187550934,13
1263,16,54,109,21,6.663503973589307,33
1264,83,11,71,5,6.6562053803338666,6
1265,16,47,69,18,6.655151927437227,29
1266,71,19,37,8,6.653996053488666,11
1267,32,26,5,10,6.647447060451906,16
1268,39,33,77,14,6.643719451133024,19
1269,74,16,71,7,6.635644376222863,9
1270,4,30,65,12,6.635600395573753,18
1271,39,22,37,9,6.6321566948630455,13
1272,98,29,63,12,6.629039814212708,17
1273,25,48,5,19,6.626414170343125,29
1274,102,12,77,5,6.618078815941925,7
1275,11,25,35,10,6.609898653259957,15
1276,30,13,93,5,6.605367379129463,8
1277,71,52,13,22,6.6022668326221785,30
1278,73,16,13,6,6.598047492921335,10
1279,50,23,109,9,6.597376468902569,14
1280,74,14,30,6,6.593804524411076,8
1281,86,29,73,13,6.584732384148775,16
1282,27,11,101,4,6.582303845846215,7
1283,84,28,57,13,6.577348977317855,15
1284,53,26,114,11,6.571088082289225,15
1285,75,31,63,13,6.570041946714362,18
1286,74,15,91,6,6.5630560139016625,9
1287,112,15,30,5,6.562692428407154,10
1288,55,26,97,10,6.55988722490137,16
1289,23,28,41,11,6.550829980754917,17
1290,106,32,23,15,6.549055396089183,17
1291,13,91,87,35,6.543291885460062,56
1292,16,130,87,53,6.540263198040615,77
1293,30,38,3,13,6.5390107208183155,25
1294,94,14,34,6,6.531647534575397,8
1295,91,13,80,5,6.531108694088667,8
1296,102,12,38,3,6.529266346603467,9
1297,44,16,64,6,6.52641817446092,10
1298,54,30,49,12,6.5231488423200235,18
1299,37,30,38,12,6.5188975255259205,18
1300,60,20,66,7,6.5151715619171755,13
1301,30,28,37,10,6.51369083060785,18
1302,55,66,65,27,6.5120252706716855,39
1303,39,14,97,5,6.507571487367287,9
1304,16,49,17,17,6.5053017221340435,32
1305,74,29,55,12,6.5036195464677915,17
1306,20,13,100,5,6.503255223034949,8
1307,90,11,102,6,6.502237322589013,5
1308,112,28,76,12,6.4984423567384235,16
1309,86,56,97,23,6.486588721597318,33
1310,98,11,68,4,6.469927695975062,7
1311,35,12,15,6,6.467296765301501,6
1312,34,36,8,14,6.45567445873387,22
1313,11,15,10,6,6.454288934219358,9
1314,8,20,91,8,6.453847873736635,12
1315,93,28,54,10,6.453790444084362,18
1316,69,18,94,7,6.432434124144731,11
1317,89,15,74,6,6.429670108852098,9
1318,75,21,100,10,6.42687784088126,11
1319,96,23,80,9,6.423400971659434,14
1320,84,28,48,11,6.421668889523295,17
1321,61,10,23,4,6.419517618014351,6
1322,64,33,63,14,6.4168724867260085,19
1323,29,23,68,9,6.416741070326833,14
1324,7,20,62,8,6.416308867276496,12
1325,64,38,65,16,6.415105269042925,22
1326,6,11,72,5,6.413604067518454,6
1327,102,24,87,9,6.406634622587073,15
1328,48,21,55,8,6.406579400537662,13
1329,80,20,37,8,6.401050818487377,12
1330,43,19,103,7,6.396904626354191,12
1331,79,12,49,4,6.395374558799645,8
1332,54,62,70,25,6.393751574298834,37
1333,33,13,96,7,6.392035038140804,6
1334,28,16,27,5,6.382931621067466,11
1335,70,20,98,7,6.375551069484688,13
1336,33,15,102,6,6.371524301983967,9
1337,56,10,37,4,6.3674406628794715,6
1338,7,24,46,8,6.3620461131037525,16
1339,92,13,27,6,6.356396578041118,7
1340,50,15,19,6,6.3532155404268815,9
1341,85,17,96,5,6.345069391274805,12
1342,27,12,46,4,6.342403139124134,8
1343,28,43,9,19,6.342362216975373,24
1344,15,16,91,8,6.341064031534598,8
1345,28,34,7,13,6.33926057444583,21
1346,72,25,49,10,6.334347669263841,15
1347,63,15,72,5,6.312635272602196,10
1348,12,19,38,8,6.308529277875167,11
1349,3,19,50,8,6.302491398681792,11
1350,13,26,103,9,6.29573865429871,17
1351,28,36,102,15,6.294379170221607,21
1352,100,18,84,6,6.292769168431847,12
1353,40,68,68,26,6.288399173895761,42
1354,103,21,12,10,6.287242021948446,11
1355,76,15,108,6,6.28679044129414,9
1356,12,15,4,5,6.2855790295334035,10
1357,29,14,93,6,6.281843189307094,8
1358,86,21,4,8,6.279484499549702,13
1359,58,10,57,4,6.279197954526329,6
1360,55,24,70,10,6.272647161931926,14
1361,20,45,5,17,6.2703736334427855,28
1362,89,15,53,7,6.26765697101517,8
1363,41,51,86,19,6.266690108129252,32
1364,15,12,95,5,6.265255655621168,7
1365,107,65,55,27,6.2629651896189,38
1366,48,10,46,4,6.2577441282220505,6
1367,39,24,81,9,6.2522820107309345,15
1368,39,18,83,7,6.251089662915293,11
1369,37,49,63,19,6.239339617220506,30
1370,114,48,5,20,6.2376335334787205,28
1371,23,22,39,9,6.230763513729904,13
1372,95,10,94,5,6.229015093991729,5
1373,53,15,100,6,6.219411389232119,9
1374,55,14,58,6,6.218287556947672,8
1375,28,37,70,15,6.2149266559981875,22
1376,114,24,70,9,6.214622620602992,15
1377,35,15,84,6,6.209299301194259,9
1378,108,26,88,10,6.206778138596414,16
1379,74,19,12,7,6.205068941759818,12
1380,50,30,71,13,6.204695227712774,17
1381,74,28,70,13,6.203999405338759,15
1382,63,28,2,12,6.2000184918514885,16
1383,11,38,68,16,6.199112684088247,22
1384,90,21,63,9,6.196182582339524,12
1385,86,120,51,53,6.192505636400963,67
1386,54,25,72,9,6.18636494181489,16
1387,13,73,40,31,6.184837754544506,42
1388,47,17,28,7,6.182374184386464,10
1389,80,10,93,5,6.175234905241023,5
1390,88,29,38,10,6.167217194110328,19
1391,13,47,36,18,6.167141158071527,29
1392,8,80,87,33,6.164483005102676,47
1393,104,58,28,24,6.161167829833448,34
1394,23,25,100,10,6.160200190912252,15
1395,16,85,100,33,6.158125779363419,52
1396,100,32,7,13,6.153012622391108,19
1397,114,48,68,20,6.151577271829131,28
1398,73,24,74,9,6.15033234594065,15
1399,23,15,43,6,6.148918923918834,9
1400,108,34,87,14,6.134450068341466,20
1401,76,17,48,6,6.130488708954145,11
1402,29,17,48,7,6.127198243730573,10
1403,81,13,31,4,6.1171597913254,9
1404,107,24,66,10,6.115910396231512,14
1405,10,13,48,5,6.110914502877383,8
1406,90,12,7,5,6.108519045195328,7
1407,94,16,49,6,6.107430579924265,10
1408,84,12,15,5,6.098921486728436,7
1409,62,16,69,7,6.098141811871047,9
1410,96,14,108,6,6.092516088942797,8
1411,9,26,84,11,6.089357364465301,15
1412,23,13,102,6,6.080684731147933,7
1413,41,19,81,7,6.074672741507837,12
1414,39,13,89,4,6.063811960212472,9
1415,98,22,84,8,6.0610062755899206,14
1416,55,50,60,21,6.053838967638276,29
1417,41,22,28,9,6.053005216366935,13
1418,20,22,68,10,6.05097914081471,12
1419,69,39,86,16,6.048519108301491,23
1420,93,15,109,6,6.044548294291569,9
1421,8,62,63,27,6.040704829296191,35
1422,104,41,55,17,6.036207114699971,24
1423,7,24,98,9,6.033686003781979,15
1424,26,10,68,4,6.030745942778483,6
1425,76,52,51,20,6.028510240188195,32
1426,72,11,64,5,6.027952830317364,6
1427,100,33,78,13,6.022823700055432,20
1428,27,18,35,7,6.016767935838183,11
1429,81,50,13,19,6.016435190824958,31
1430,16,37,53,14,6.0109581007292086,23
1431,107,69,104,28,6.010771127855349,41
1432,13,39,37,16,6.006726113746227,23
1433,65,51,9,20,6.006217714596818,31
1434,106,47,5,18,6.005839560090041,29
1435,94,21,54,9,6.000772945562414,12
1436,28,18,29,8,5.991947603875371,10
1437,114,25,31,11,5.991876520395493,14
1438,87,28,97,10,5.983886061129735,18
1439,94,17,37,7,5.9815536162143665,10
1440,71,13,109,5,5.977466642753509,8
1441,53,19,77,8,5.976513729958846,11
1442,64,20,18,8,5.974775055211903,12
1443,114,18,94,8,5.974081788881617,10
1444,78,30,8,12,5.971195592839112,18
1445,47,16,81,6,5.96783503011096,10
1446,97,18,40,7,5.96691841614039,11
1447,39,36,29,17,5.956678982890229,19
1448,97,12,10,6,5.950831581917697,6
1449,15,11,94,4,5.950826718725541,7
1450,27,56,65,22,5.9505220277082325,34
1451,114,19,81,9,5.947687005963305,10
1452,28,15,53,6,5.945744364633269,9
1453,53,26,104,11,5.936620222245529,15
1454,73,20,114,8,5.924435121305104,12
1455,61,18,60,8,5.922750219418491,10
1456,78,23,7,11,5.919551023484508,12
1457,54,39,68,15,5.918584354683418,24
1458,37,22,110,10,5.913666685850416,12
1459,60,35,15,15,5.913095508650004,20
1460,65,51,20,19,5.912207435542769,32
1461,54,18,3,8,5.900167075724968,10
1462,75,45,9,18,5.89399328159944,27
1463,15,12,70,6,5.893160304355026,6
1464,101,15,68,5,5.891939886749792,10
1465,65,52,40,22,5.89106233992842,30
1466,37,11,3,5,5.8897383384754045,6
1467,17,16,43,7,5.8888013330711,9
1468,10,15,57,5,5.8872808270615,10
1469,75,17,108,7,5.88550634585497,10
1470,46,12,36,5,5.882094180819337,7
1471,28,12,31,5,5.876337878232255,7
1472,51,19,91,7,5.873980399232273,12
1473,75,24,49,10,5.872225875272188,14
1474,55,18,98,7,5.870446924304782,11
1475,68,54,53,22,5.8668125784316985,32
1476,54,36,95,16,5.865979569344116,20
1477,18,31,8,11,5.865710785121709,20
1478,34,17,7,7,5.86350495140184,10
1479,7,21,112,8,5.863389950487476,13
1480,104,52,51,19,5.856995324327739,33
1481,75,16,93,7,5.854064268882733,9
1482,80,12,79,6,5.851472407179259,6
1483,65,17,14,8,5.850273562995321,9
1484,49,11,74,5,5.844136641014432,6
1485,13,40,69,16,5.843363292908417,24
1486,16,23,93,11,5.842811946264205,12
1487,95,27,50,11,5.842548173117496,16
1488,88,13,66,5,5.838752373213262,8
1489,8,34,57,13,5.837314748465126,21
1490,63,40,13,17,5.836981602703613,23
1491,27,63,86,25,5.829126430222889,38
1492,13,49,25,22,5.827601447712149,27
1493,8,37,93,16,5.8241714732303524,21
1494,86,56,75,25,5.819454003755878,31
1495,57,28,63,13,5.817698344383142,15
1496,48,11,81,4,5.814487399538655,7
1497,79,13,20,5,5.810117746469002,8
1498,73,20,109,8,5.807578339260896,12
1499,8,19,98,7,5.806615359942182,12
1500,10,11,106,3,5.803672894932928,8
1501,91,19,31,7,5.801858258461762,12
1502,89,13,15,6,5.798096780057212,7
1503,50,29,30,12,5.790909551112376,17
1504,62,19,11,8,5.789369247630062,11
1505,34,21,48,9,5.788285695597517,12
1506,17,21,9,9,5.788074839959892,12
1507,104,16,81,8,5.786821230718973,8
1508,51,11,52,5,5.770255561533728,6
1509,58,25,87,10,5.7682346867020975,15
1510,51,28,29,12,5.763884020681298,16
1511,61,10,54,4,5.763750710129661,6
1512,29,14,108,6,5.757330730648543,8
1513,58,13,53,7,5.7565593826386765,6
1514,47,12,12,5,5.753232192548286,7
1515,36,12,77,5,5.751140829309577,7
1516,50,25,18,11,5.745370532916838,14
1517,100,25,114,10,5.743860264273013,15
1518,17,24,60,10,5.742654989357159,14
1519,25,42,106,16,5.737688222420903,26
1520,29,24,34,11,5.730480890666378,13
1521,107,31,47,13,5.730039668040248,18
1522,100,27,102,10,5.729669772607344,17
1523,55,40,54,18,5.729162102948165,22
1524,45,14,9,5,5.727853500458992,9
1525,25,26,51,11,5.726135112848954,15
1526,57,16,53,7,5.724480397511021,9
1527,93,11,9,4,5.723540166631908,7
1528,11,37,19,14,5.719663561206055,23
1529,39,10,52,4,5.718885643095018,6
1530,69,16,12,8,5.715951067980107,8
1531,108,31,51,13,5.714339055081447,18
1532,109,31,55,15,5.712408791206378,16
1533,15,13,74,5,5.7106976006271415,8
1534,89,17,49,7,5.707042261796682,10
1535,81,25,3,10,5.703142713570869,15
1536,64,22,43,9,5.70244252837627,13
1537,53,17,62,7,5.701449545318571,10
1538,70,10,32,5,5.692479372096221,5
1539,17,21,64,9,5.691159081713873,12
1540,41,23,37,9,5.690389002068545,14
1541,35,21,40,8,5.68914021357686,13
1542,102,10,95,4,5.685319962340827,6
1543,3,35,29,14,5.682644783240184,21
1544,94,10,25,5,5.671887186214522,5
1545,29,16,89,7,5.6680351483461315,9
1546,16,31,99,13,5.665818337043016,18
1547,87,67,37,28,5.665130303043652,39
1548,54,11,82,4,5.664278302313932,7
1549,16,37,84,15,5.660913981238355,22
1550,25,36,88,13,5.660869431868405,23
1551,64,34,41,13,5.656501014375914,21
1552,30,13,2,6,5.655225265692614,7
1553,46,31,75,13,5.65470539949331,18
1554,87,55,20,24,5.653229183536218,31
1555,4,10,97,4,5.649870700339142,6
1556,27,31,103,12,5.645724136290477,19
1557,62,18,104,6,5.643310295152116,12
1558,43,31,109,12,5.643070565279356,19
1559,109,16,46,7,5.636528034552761,9
1560,78,16,20,7,5.629467930549495,9
1561,100,69,87,31,5.627120457423631,38
1562,49,34,3,15,5.624837768695871,19
1563,19,10,5,4,5.623378775596124,6
1564,64,46,86,19,5.622172158098376,27
1565,68,26,91,12,5.619466372772095,14
1566,102,16,98,7,5.616900846312717,9
1567,76,41,68,14,5.614845988196357,27
1568,23,11,10,5,5.611414438981723,6
1569,16,103,8,41,5.60309570336736,62
1570,49,36,60,15,5.599554299427178,21
1571,80,17,64,8,5.593698551425533,9
1572,20,38,96,15,5.591064360306498,23
1573,76,44,87,17,5.586033284861314,27
1574,47,26,86,10,5.576865807225319,16
1575,20,22,44,9,5.576158683247873,13
1576,7,23,38,10,5.575438881033765,13
1577,72,11,9,5,5.567587328744071,6
1578,107,63,20,27,5.562332766197248,36
1579,37,14,108,6,5.561998311446509,8
1580,31,10,95,4,5.558189159340279,6
1581,13,30,95,13,5.5569838085167085,17
1582,46,11,4,5,5.5562218746456535,6
1583,48,42,107,18,5.555372120517399,24
1584,8,44,46,20,5.5530537260963095,24
1585,69,16,54,7,5.552096999235809,9
1586,8,41,25,16,5.550067480025429,25
1587,36,53,31,23,5.5485644604686595,30
1588,25,18,84,7,5.546687618128964,11
1589,18,42,75,18,5.546579166688547,24
1590,44,11,70,5,5.543204446478317,6
1591,8,11,85,4,5.538404103047142,7
1592,100,45,15,19,5.534351609281787,26
1593,16,22,14,9,5.533520092369791,13
1594,76,47,107,17,5.531771427114936,30
1595,104,11,103,5,5.528181230693725,6
1596,64,11,102,4,5.525256448935211,7
1597,16,137,107,53,5.524882674202724,84
1598,89,10,84,5,5.518590211576737,5
1599,103,27,57,11,5.512312504957701,16
1600,17,10,89,4,5.51177775189421,6
1601,45,23,65,11,5.510611418282089,12
1602,95,19,83,7,5.510188596504651,12
1603,39,32,38,13,5.50941856941641,19
1604,86,63,76,27,5.5086069868244785,36
1605,32,13,109,6,5.508051897308613,7
1606,2,13,40,5,5.504797437287725,8
1607,5,10,111,4,5.501968622126493,6
1608,67,10,102,4,5.497246561771851,6
1609,50,12,52,6,5.495642094131338,6
1610,111,27,55,11,5.492663797248297,16
1611,108,15,15,6,5.486650476336331,9
1612,13,46,54,19,5.47948770363916,27
1613,100,22,25,10,5.476003695191374,12
1614,28,31,17,13,5.468605078583842,18
1615,31,13,74,5,5.468299370651388,8
1616,57,13,50,5,5.46070428512311,8
1617,8,19,38,8,5.45571555055501,11
1618,62,31,51,13,5.449725797793226,18
1619,107,24,102,11,5.4429592421544415,13
1620,54,88,88,36,5.435654938222569,52
1621,71,29,68,11,5.435653336862239,18
1622,98,13,30,6,5.435516675342795,7
1623,42,13,69,6,5.432900919803655,7
1624,12,13,57,5,5.431087538668807,8
1625,34,23,55,10,5.426580515469939,13
1626,104,38,25,17,5.42238345531962,21
1627,23,10,58,4,5.417812881789321,6
1628,2,26,106,11,5.4140126266560475,15
1629,9,21,34,9,5.406001466575153,12
1630,4,11,58,4,5.405037105567138,7
1631,8,20,33,8,5.397787705463006,12
1632,34,20,74,7,5.390554150511845,13
1633,6,14,106,6,5.390411966564587,8
1634,16,54,3,21,5.389930683168935,33
1635,15,25,18,10,5.370261713586336,15
1636,84,36,39,16,5.369674486814979,20
1637,20,13,12,6,5.360426970680711,7
1638,65,76,88,29,5.358628618338232,47
1639,7,35,97,16,5.356987360153854,19
1640,15,12,96,5,5.353611172107388,7
1641,17,31,49,15,5.3513656262489135,16
1642,13,22,48,9,5.345621103460163,13
1643,78,18,50,7,5.342630350789609,11
1644,54,37,90,15,5.340914168653275,22
1645,39,106,51,45,5.340222309113602,61
1646,97,14,102,5,5.335160623731833,9
1647,5,33,51,12,5.328986421528186,21
1648,100,28,34,13,5.3281859196144525,15
1649,23,47,88,18,5.321999692699338,29
1650,7,40,3,16,5.315954351050264,24
1651,12,21,34,9,5.31592171902971,12
1652,86,15,61,6,5.314125600249345,9
1653,18,41,87,17,5.3123960321036074,24
1654,41,30,3,10,5.310066671174618,20
1655,34,38,86,16,5.308774927674142,22
1656,58,13,47,5,5.305481766967035,8
1657,73,19,87,6,5.303982369774461,13
1658,15,21,69,8,5.298709014062983,13
1659,100,28,76,13,5.295650284046963,15
1660,99,21,86,8,5.291638236148403,13
1661,19,34,3,15,5.285766753049808,19
1662,28,12,92,4,5.284547759707862,8
1663,13,23,62,10,5.279557581763115,13
1664,88,20,6,8,5.272285617199486,12
1665,11,26,102,12,5.269694308768165,14
1666,34,11,1,3,5.259854618241466,8
1667,107,29,35,11,5.259758635892075,18
1668,100,77,51,36,5.258194578933795,41
1669,35,11,31,5,5.255104723881268,6
1670,25,26,40,11,5.242222631716464,15
1671,91,21,25,9,5.236778929543698,12
1672,13,33,19,13,5.235854195465295,20
1673,75,60,107,21,5.231874163862643,39
1674,35,11,5,5,5.226534281744125,6
1675,92,23,39,11,5.223931097826436,12
1676,54,54,106,25,5.222938310920245,29
1677,7,101,88,43,5.220134457500585,58
1678,10,20,86,9,5.219152465496855,11
1679,33,12,91,6,5.213867650447784,6
1680,108,13,57,6,5.211749506174901,7
1681,23,45,87,18,5.210315940772414,27
1682,63,21,43,9,5.207688448634705,12
1683,46,25,39,13,5.196853389468726,12
1684,104,18,80,8,5.194103195079235,10
1685,40,13,113,5,5.1937263926866155,8
1686,6,10,71,4,5.19369227829273,6
1687,87,48,41,21,5.191270722125922,27
1688,75,17,97,7,5.1834390154874335,10
1689,91,12,48,6,5.179665478095687,6
1690,91,19,54,9,5.17957458706686,10
1691,11,19,32,9,5.1696009211826786,10
1692,39,59,60,26,5.168723942798304,33
1693,31,11,54,5,5.168002033532433,6
1694,65,29,96,13,5.165027076154164,16
1695,49,16,18,6,5.16428378341833,10
1696,6,16,86,6,5.1642614081075955,10
1697,67,12,5,5,5.159840528973079,7
1698,78,30,69,13,5.156427155096975,17
1699,35,16,28,8,5.153123660542294,8
1700,106,24,9,10,5.150083731218856,14
1701,11,13,97,6,5.149154391162877,7
1702,80,17,38,8,5.143241338130117,9
1703,13,17,70,7,5.142156998200086,10
1704,70,15,71,7,5.1409333575718525,8
1705,36,21,3,8,5.136055944816984,13
1706,95,13,49,5,5.135123793958872,8
1707,107,25,77,11,5.133888332698846,14
1708,13,46,78,19,5.1338640219114895,27
1709,40,30,58,14,5.133397385337806,16
1710,64,14,33,5,5.132334361355241,9
1711,78,17,103,5,5.128778719706272,12
1712,104,47,50,19,5.128387406892863,28
1713,54,16,103,6,5.12354803440049,10
1714,30,10,1,4,5.107240382060615,6
1715,11,55,88,22,5.106519046181128,33
1716,41,22,29,9,5.098991788467605,13
1717,49,14,33,5,5.095253781724572,9
1718,69,18,39,8,5.092034225030051,10
1719,34,15,5,5,5.091205514677904,10
1720,39,38,43,17,5.088621927934746,21
1721,104,87,65,38,5.083707839672142,49
1722,32,10,20,3,5.082163415292113,7
1723,62,29,19,11,5.080823904484956,18
1724,104,38,100,16,5.07592182790552,22
1725,7,16,10,7,5.0604070656519635,9
1726,100,27,55,13,5.057275002393836,14
1727,16,23,35,9,5.053981282073499,14
1728,87,52,49,24,5.053826345053364,28
1729,12,12,17,5,5.051854355123882,7
1730,95,20,75,8,5.05026015248493,12
1731,20,23,2,10,5.048117889239678,13
1732,30,18,108,7,5.041583987630236,11
1733,40,16,91,7,5.034652795604085,9
1734,100,24,74,10,5.032874442379239,14
1735,74,26,93,12,5.031462008142043,14
1736,112,12,34,5,5.029259987635679,7
1737,13,51,64,24,5.0212464995099415,27
1738,107,37,62,17,5.020380742712848,20
1739,107,55,23,24,5.0158405159135,31
1740,55,19,18,9,5.012210431301632,10
1741,93,12,63,5,5.011120266810436,7
1742,100,53,27,23,5.011003031983155,30
1743,112,17,94,6,5.010192110959227,11
1744,85,24,72,9,5.005644721261361,15
1745,102,13,83,5,5.00532757458449,8
1746,93,26,5,10,5.00446052682132,16
1747,7,41,106,20,5.003800212982274,21
1748,51,23,96,10,5.001175453325252,13
1749,3,26,77,12,4.9989738181650925,14
1750,16,114,65,49,4.992195859368229,65
1751,50,23,31,10,4.99199978599778,13
1752,70,16,29,8,4.990481050245631,8
1753,63,19,94,8,4.988953899876627,11
1754,37,73,86,32,4.980857284592114,41
1755,65,25,109,12,4.980801505978468,13
1756,34,26,30,11,4.978136756373611,15
1757,23,46,60,19,4.974553671649713,27
1758,70,30,65,11,4.973765781446556,19
1759,80,10,44,5,4.973541413806906,5
1760,12,41,13,14,4.9735076403528575,27
1761,106,13,3,5,4.972676967703688,8
1762,108,12,78,5,4.972281769350293,7
1763,98,11,23,5,4.9699651611390046,6
1764,19,24,12,12,4.968367076368186,12
1765,27,21,114,9,4.967571693509975,12
1766,96,23,90,9,4.963939687748074,14
1767,57,27,43,10,4.963514648901844,17
1768,85,10,64,4,4.96270118497494,6
1769,87,61,19,25,4.962256467401483,36
1770,62,16,64,8,4.958930096475882,8
1771,114,26,3,10,4.954476539328307,16
1772,56,19,68,9,4.948132166753329,10
1773,80,29,106,12,4.946009667025369,17
1774,40,15,78,5,4.942465399220725,10
1775,28,14,32,6,4.94214857785708,8
1776,49,11,71,5,4.940945789460408,6
1777,98,26,37,11,4.940519420053038,15
1778,63,17,85,8,4.93137224468223,9
1779,86,40,36,17,4.92743325124,23
1780,108,17,63,7,4.925158043652065,10
1781,74,56,106,24,4.924754963776783,32
1782,95,16,109,6,4.923183536193761,10
1783,18,11,29,4,4.907291190161112,7
1784,38,12,28,6,4.907164394244709,6
1785,76,23,29,11,4.897852184028293,12
1786,39,10,101,4,4.88974127810336,6
1787,94,12,18,5,4.884425557504234,7
1788,69,11,95,4,4.882909765417967,7
1789,103,15,94,7,4.882890570615912,8
1790,63,20,79,8,4.882182316485546,12
1791,88,26,57,12,4.870812248870149,14
1792,29,11,1,4,4.866934575588788,7
1793,95,10,64,5,4.863376640358334,5
1794,5,10,89,3,4.862465640901744,7
1795,100,31,112,14,4.858414274039207,17
1796,58,38,107,15,4.857008495705358,23
1797,64,23,23,10,4.856194819207912,13
1798,30,52,60,19,4.854739690613495,33
1799,97,12,32,5,4.8514593495768255,7
1800,78,34,60,15,4.85034428415885,19
1801,78,27,54,11,4.849046955755958,16
1802,30,31,94,14,4.848071493453302,17
1803,39,22,96,8,4.8469385601006945,14
1804,83,20,64,9,4.840996077098241,11
1805,43,39,65,18,4.833637569721974,21
1806,8,15,67,6,4.831909846155588,9
1807,86,47,78,21,4.826005797172057,26
1808,17,52,51,24,4.824551662950425,28
1809,31,19,25,9,4.8238393010997695,10
1810,14,15,54,5,4.820525855929134,10
1811,30,18,103,7,4.814590438877924,11
1812,38,13,72,6,4.812556724199987,7
1813,74,11,85,5,4.812388004493801,6
1814,13,23,79,9,4.81127521378253,14
1815,104,34,63,15,4.811269466320185,19
1816,89,14,68,6,4.806077051288233,8
1817,1,16,12,7,4.804302234326604,9
1818,15,23,78,11,4.8016966069529,12
1819,75,22,96,7,4.801381492311929,15
1820,41,22,97,10,4.799957538599524,12
1821,111,11,25,5,4.797175922879401,6
1822,52,13,20,5,4.795236183864799,8
1823,26,10,89,4,4.793448655016913,6
1824,5,12,10,6,4.788462999241516,6
1825,64,23,19,8,4.784510417159227,15
1826,9,12,5,5,4.777710715122406,7
1827,33,14,23,6,4.772846471482117,8
1828,90,13,70,6,4.771084444295363,7
1829,12,15,31,7,4.7706324645211815,8
1830,12,43,3,17,4.769009589089564,26
1831,18,15,98,8,4.768289045671959,7
1832,13,28,84,11,4.762106527456084,17
1833,106,14,62,6,4.759729251582843,8
1834,7,23,50,10,4.754905099968973,13
1835,94,42,87,19,4.751621223680597,23
1836,62,13,20,5,4.748945383379627,8
1837,25,16,77,7,4.745845616411634,9
1838,86,102,88,44,4.742535320864329,58
1839,78,11,64,5,4.7391034261565075,6
1840,25,13,108,5,4.7274242554223145,8
1841,41,34,104,16,4.726865305600903,18
1842,75,32,31,15,4.721982750346428,17
1843,3,28,57,12,4.718038788215104,16
1844,30,11,45,4,4.71768267651097,7
1845,57,25,37,11,4.7091885141379946,14
1846,20,23,46,8,4.7087130702664775,15
1847,4,18,81,7,4.707056678124466,11
1848,98,34,107,15,4.703806209041121,19
1849,111,13,106,4,4.703726078810505,9
1850,43,15,58,6,4.691878021799609,9
1851,40,51,39,21,4.685059105758992,30
1852,78,25,77,11,4.6796173736139535,14
1853,41,31,109,12,4.677585743432954,19
1854,75,10,92,4,4.670779177266828,6
1855,11,26,98,12,4.667493378770945,14
1856,25,15,47,7,4.65539023183265,8
1857,27,13,79,6,4.651583262533679,7
1858,78,48,51,23,4.650105463898389,25
1859,15,16,1,6,4.649350840919032,10
1860,63,39,96,15,4.649023449526141,24
1861,20,45,16,17,4.642619134249096,28
1862,80,11,69,5,4.638884395252672,6
1863,60,22,25,10,4.636282806493919,12
1864,76,28,39,10,4.634396383023453,18
1865,106,15,110,7,4.633960085739291,8
1866,102,16,91,7,4.632859199025978,9
1867,72,10,40,4,4.616108231770902,6
1868,85,20,68,7,4.615895850726344,13
1869,74,11,57,5,4.613445177041246,6
1870,11,31,3,13,4.6088042563161755,18
1871,75,40,37,15,4.608119905928104,25
1872,13,21,96,9,4.6080585972764805,12
1873,80,18,39,8,4.600479594629686,10
1874,27,12,58,6,4.599497662673681,6
1875,41,60,107,23,4.597389180870248,37
1876,50,32,96,14,4.592653394244439,18
1877,9,15,37,7,4.590013554185222,8
1878,99,16,65,7,4.579704538683154,9
1879,7,23,58,11,4.575034525669341,12
1880,99,14,95,6,4.572737764013049,8
1881,60,43,114,22,4.570942388181804,21
1882,99,16,104,8,4.5627492392393005,8
1883,74,23,109,9,4.56252527772352,14
1884,11,90,86,39,4.5595736659602295,51
1885,43,18,5,8,4.559277543830878,10
1886,70,15,23,7,4.554568026577774,8
1887,100,81,107,38,4.551908696632153,43
1888,83,15,46,7,4.551826612706294,8
1889,99,18,15,7,4.5514613106187225,11
1890,16,165,86,67,4.547584203453409,98
1891,16,56,50,23,4.542580234745905,33
1892,65,32,76,12,4.540926711234392,20
1893,93,29,28,11,4.540056078542574,18
1894,106,23,75,11,4.532198108241351,12
1895,55,44,28,18,4.526943972884062,26
1896,74,23,50,10,4.520207268757788,13
1897,49,18,112,8,4.517911222226071,10
1898,63,64,54,27,4.513765725874224,37
1899,13,68,46,28,4.497540419141798,40
1900,16,109,7,48,4.487436298549418,61
1901,75,44,71,17,4.485645835804012,27
1902,7,46,64,21,4.481240056988839,25
1903,78,41,19,16,4.47496173521471,25
1904,96,31,25,14,4.472832877552797,17
1905,108,11,94,5,4.472725388082187,6
1906,37,18,32,8,4.466542082918524,10
1907,79,15,54,6,4.462814449138745,9
1908,96,11,49,5,4.460220810874951,6
1909,19,14,85,6,4.456802611003388,8
1910,77,11,97,4,4.454901155383994,7
1911,16,42,29,19,4.448415099529327,23
1912,29,31,15,14,4.43867565265861,17
1913,78,16,96,6,4.433803384678502,10
1914,37,39,70,16,4.433263990915909,23
1915,17,10,58,6,4.43139506148379,4
1916,65,35,3,14,4.429509708162627,21
1917,23,14,20,6,4.427778675436007,8
1918,78,30,49,14,4.425046116990907,16
1919,99,30,13,13,4.4209668288342625,17
1920,29,17,23,8,4.418393467914161,9
1921,84,30,70,13,4.416286467774103,17
1922,7,64,53,28,4.4162137369106675,36
1923,50,24,64,11,4.415510499418937,13
1924,86,118,5,51,4.415256493878053,67
1925,47,21,15,10,4.413268254147364,11
1926,71,14,108,6,4.402422140240555,8
1927,20,53,28,23,4.401187083369335,30
1928,76,35,5,15,4.400670357773005,20
1929,90,26,65,13,4.399856936469097,13
1930,49,20,58,10,4.398762245647165,10
1931,97,39,16,18,4.395866715554318,21
1932,107,45,3,21,4.389536112539521,24
1933,63,19,66,8,4.3844048155289554,11
1934,54,20,29,8,4.381395329954479,12
1935,87,33,25,15,4.379098196808539,18
1936,50,17,72,7,4.375655689739112,10
1937,64,23,11,8,4.368456944239422,15
1938,40,23,23,10,4.3684233268033035,13
1939,74,15,9,6,4.367415226980933,9
1940,27,60,3,26,4.3667900702206,34
1941,89,12,20,5,4.365845085514368,7
1942,49,17,70,8,4.364791676107706,9
1943,81,30,16,13,4.363693611861319,17
1944,95,20,23,9,4.361896262769256,11
1945,64,31,71,12,4.3594731378011655,19
1946,19,11,83,5,4.359398192701059,6
1947,65,16,6,7,4.346168811124805,9
1948,74,14,43,7,4.345788236888657,7
1949,77,13,94,5,4.342999354868116,8
1950,95,41,87,19,4.338900803447299,22
1951,60,12,22,5,4.334241842742773,7
1952,95,19,41,8,4.332143979792181,11
1953,19,14,80,6,4.328848204649311,8
1954,76,26,60,10,4.326864655161205,16
1955,77,41,51,19,4.3191516811724595,22
1956,4,22,40,10,4.316643149060887,12
1957,8,61,65,27,4.314970047229393,34
1958,97,23,17,10,4.313428551304965,13
1959,106,27,53,13,4.3023196001359025,14
1960,37,45,55,21,4.3010010805888355,24
1961,46,24,63,12,4.29640388910373,12
1962,68,32,78,14,4.290052324917813,18
1963,114,20,15,9,4.283176268910454,11
1964,34,27,19,11,4.282313760040559,16
1965,37,55,106,26,4.262507559544696,29
1966,27,49,49,21,4.260220247442089,28
1967,54,71,51,31,4.2511027502562575,40
1968,11,41,57,20,4.247302150253308,21
1969,100,13,70,6,4.2466986166827585,7
1970,106,14,34,7,4.243674039664676,7
1971,16,44,71,18,4.24180487871631,26
1972,30,83,16,34,4.240361574964672,49
1973,71,31,87,14,4.240167636343153,17
1974,29,11,104,5,4.232469176091443,6
1975,17,13,62,6,4.230180767198623,7
1976,9,21,38,9,4.22415659668818,12
1977,60,56,86,24,4.223754390292323,32
1978,71,11,44,5,4.2235243488394545,6
1979,62,18,102,8,4.223468853406059,10
1980,28,29,100,12,4.22112967447295,17
1981,4,19,18,8,4.220670692754495,11
1982,17,20,63,9,4.21709530073227,11
1983,15,29,81,13,4.216798906101532,16
1984,43,19,84,9,4.214619850887415,10
1985,52,10,48,4,4.211289472665269,6
1986,3,23,18,9,4.209170722433549,14
1987,17,21,20,9,4.207666463256874,12
1988,27,20,48,8,4.2066865294128375,12
1989,86,38,81,14,4.2057639809901834,24
1990,65,56,36,24,4.205692860728478,32
1991,91,39,86,17,4.203939006903641,22
1992,112,12,103,5,4.192929666832575,7
1993,89,15,72,6,4.191983594873565,9
1994,72,34,27,16,4.188469861534649,18
1995,13,36,1,14,4.187998461115461,22
1996,93,11,43,5,4.184906166012258,6
1997,29,40,19,16,4.182814368502211,24
1998,23,27,25,12,4.182190113226041,15
1999,58,29,69,14,4.178369386929424,15
2000,65,18,103,7,4.176079711917938,11
2001,18,13,103,5,4.1752141807255745,8
2002,51,51,46,22,4.174462162624302,29
2003,60,24,96,8,4.164982345638217,16
2004,83,40,5,19,4.163709904424498,21
2005,34,17,22,7,4.1630551469091674,10
2006,30,16,90,7,4.160626997911916,9
2007,39,23,48,9,4.1604878803731165,14
2008,19,10,2,5,4.15617878328422,5
2009,27,24,84,11,4.15605922191636,13
2010,33,14,27,6,4.153827171884239,8
2011,99,12,17,5,4.148375833376951,7
2012,50,77,28,33,4.143924434349459,44
2013,53,47,71,20,4.141303557057989,27
2014,95,45,16,21,4.139884598584295,24
2015,30,28,64,12,4.139822872969585,16
2016,71,11,20,4,4.1364305573939655,7
2017,83,15,50,8,4.131296712002355,7
2018,18,57,53,26,4.124925801617175,31
2019,7,12,2,5,4.115660194227726,7
2020,108,17,55,7,4.110943675956946,10
2021,97,30,63,13,4.107378727934814,17
2022,75,48,51,22,4.10605342104463,26
2023,83,20,93,9,4.100880722204595,11
2024,20,24,35,10,4.098728722002916,14
2025,111,15,8,7,4.091375789332372,8
2026,86,27,93,12,4.090249999306011,15
2027,36,11,19,5,4.088590218421681,6
2028,69,28,57,11,4.084947289281296,17
2029,78,17,98,8,4.084899624702052,9
2030,91,21,75,13,4.084376386784757,8
2031,49,56,86,26,4.0763415758629264,30
2032,95,21,46,9,4.071848693893571,12
2033,69,15,37,7,4.071098728743587,8
2034,7,68,31,30,4.069172309295859,38
2035,65,19,73,8,4.067312461469672,11
2036,20,12,38,4,4.067291998076448,8
2037,76,40,49,17,4.064499741414121,23
2038,43,10,95,4,4.063398320607962,6
2039,100,67,13,30,4.061612096489254,37
2040,56,11,39,6,4.061429150921742,5
2041,68,28,49,12,4.0611103765436,16
2042,15,16,75,6,4.056062954518072,10
2043,69,28,43,12,4.053028562183643,16
2044,14,10,20,4,4.051966837258039,6
2045,32,10,40,5,4.050021677419865,5
2046,84,12,69,5,4.046782427990891,7
2047,1,10,43,5,4.0389767157587135,5
2048,63,41,114,15,4.037972989054357,26
2049,74,85,86,39,4.0311393576517425,46
2050,7,31,47,13,4.025431088719286,18
2051,28,25,19,10,4.019180575644085,15
2052,8,20,110,8,4.013172679497399,12
2053,5,18,77,8,4.010067732208506,10
2054,31,16,112,6,4.001730552260444,10
2055,9,18,100,7,3.9953268600169216,11
2056,104,16,112,7,3.9943402412730644,9
2057,112,12,14,6,3.993235963114864,6
2058,86,63,104,28,3.9917721515653795,35
2059,50,15,29,7,3.9901096227477506,8
2060,45,16,87,7,3.9869877249578156,9
2061,80,35,55,17,3.984081280103419,18
2062,60,18,97,9,3.9792005525226397,9
2063,83,10,76,4,3.9791717561004964,6
2064,89,29,87,12,3.9785226277053116,17
2065,96,58,54,28,3.976827697325717,30
2066,96,12,14,5,3.975747798085741,7
2067,13,44,77,19,3.9692169960806796,25
2068,84,11,94,5,3.968156665744439,6
2069,10,21,84,9,3.9602546020658425,12
2070,40,23,37,11,3.9558411724945226,12
2071,9,15,91,7,3.9508212932565088,8
2072,67,11,104,5,3.95056976239549,6
2073,16,23,2,10,3.948584482321736,13
2074,35,19,43,9,3.946831407739411,10
2075,6,11,40,5,3.9442678680230885,6
2076,9,31,54,14,3.942845641758712,17
2077,72,15,88,6,3.9426147097132165,9
2078,84,22,76,10,3.938973343504664,12
2079,18,15,20,6,3.930360704025332,9
2080,39,49,3,23,3.9292946918791984,26
2081,5,28,2,12,3.9232778253201652,16
2082,30,49,49,21,3.9202883912986963,28
2083,83,24,87,11,3.916710407315815,13
2084,75,29,64,13,3.9160007140392388,16
2085,87,44,57,19,3.9042090376504888,25
2086,55,30,63,14,3.9003771949656936,16
2087,62,12,47,5,3.8975081676650087,7
2088,1,25,54,11,3.8929886538978153,14
2089,40,17,5,8,3.8914877974226934,9
2090,76,31,109,12,3.887698579468372,19
2091,34,15,15,6,3.8844321396713317,9
2092,3,22,112,11,3.881829625852149,11
2093,102,11,49,4,3.8805789709331324,7
2094,72,28,3,13,3.8784962585900407,15
2095,90,16,80,6,3.867067615214411,10
2096,16,36,47,16,3.8605492687072616,20
2097,51,45,109,17,3.8576258938443266,28
2098,40,50,107,20,3.8570605527160113,30
2099,34,11,90,4,3.855080264142755,7
2100,85,17,17,7,3.8507511089593,10
2101,28,39,76,18,3.848512689408892,21
2102,100,33,63,16,3.8476705598955556,17
2103,41,22,50,9,3.845767300582984,13
2104,18,23,31,11,3.8430258307678673,12
2105,38,14,41,7,3.841623724218102,7
2106,65,22,34,9,3.8388096634466446,13
2107,38,13,46,5,3.8338597693432206,8
2108,11,45,54,20,3.830761670343523,25
2109,4,11,3,5,3.8250463920918434,6
2110,48,12,75,5,3.823943527087417,7
2111,57,18,48,8,3.8148207098368454,10
2112,5,28,91,11,3.8146250930665184,17
2113,110,16,5,7,3.8138584796050914,9
2114,28,27,71,11,3.8126316435493948,16
2115,6,11,39,5,3.7966207547038127,6
2116,90,25,50,11,3.7900343777578605,14
2117,25,29,54,13,3.788520356553666,16
2118,106,52,51,23,3.7850976424308236,29
2119,104,28,98,15,3.783243181516933,13
2120,16,38,80,15,3.781551960166923,23
2121,7,10,93,5,3.780231549016956,5
2122,114,47,13,24,3.775914918731173,23
2123,87,21,17,9,3.7733166042192914,12
2124,55,27,9,11,3.772633679119087,16
2125,18,29,30,13,3.771793322983948,16
2126,102,14,17,6,3.765627490194506,8
2127,52,13,107,5,3.753558475982526,8
2128,3,24,64,11,3.749223027086129,13
2129,53,42,40,19,3.7429391558119973,23
2130,28,58,54,25,3.7427833536169195,33
2131,51,55,84,24,3.742451182902999,31
2132,16,55,62,22,3.7368311113078096,33
2133,1,13,4,5,3.736039087851971,8
2134,60,59,40,26,3.735016412978284,33
2135,77,30,87,13,3.7336382297691175,17
2136,15,19,50,8,3.731886058645917,11
2137,90,31,5,13,3.729228130116929,18
2138,15,13,40,6,3.725578311667862,7
2139,20,26,41,13,3.722699653504378,13
2140,15,21,5,8,3.7147342263498166,13
2141,1,21,64,10,3.714096825641645,11
2142,12,16,58,7,3.709785868184641,9
2143,38,20,19,7,3.7070161860294797,13
2144,13,79,60,33,3.706459830738316,46
2145,112,10,35,5,3.7046440124812365,5
2146,89,15,55,7,3.7024183740582077,8
2147,16,62,5,25,3.7016615680953477,37
2148,17,12,108,5,3.6979659768897495,7
2149,23,19,28,9,3.6970356039584327,10
2150,38,21,84,10,3.669980206703245,11
2151,28,20,85,9,3.6675135147560156,11
2152,39,24,31,10,3.6610558433956144,14
2153,90,10,71,5,3.6561036030201173,5
2154,15,34,3,15,3.6552844678208354,19
2155,107,21,32,10,3.6546977761524615,11
2156,17,11,18,6,3.651905683853184,5
2157,74,50,65,23,3.6492230502429246,27
2158,64,20,108,9,3.648889859577028,11
2159,114,16,98,7,3.6481628146735163,9
2160,9,13,23,6,3.6475995665029006,7
2161,14,10,70,5,3.647042134114854,5
2162,104,38,109,17,3.6425601551139146,21
2163,87,123,107,55,3.63969353867213,68
2164,55,51,5,22,3.6280461911141377,29
2165,43,19,18,10,3.6267699505365094,9
2166,80,26,28,12,3.6230809501897743,14
2167,112,15,79,7,3.621796379179409,8
2168,1,36,88,17,3.612486249864132,19
2169,86,24,32,11,3.600337352350485,13
2170,65,88,41,36,3.5987797514188595,52
2171,34,23,79,9,3.5987779482770503,14
2172,75,57,16,26,3.5952902080350215,31
2173,106,14,57,7,3.593618983726931,7
2174,104,61,5,28,3.5931408944870395,33
2175,7,22,11,9,3.5909071733141316,13
2176,97,10,95,4,3.589432471334791,6
2177,14,18,11,7,3.5868100547047623,11
2178,88,62,5,29,3.583030843412137,33
2179,41,10,62,5,3.5810735995056335,5
2180,102,22,51,10,3.5799509862134142,12
2181,14,22,87,9,3.574657228905804,13
2182,57,56,15,26,3.5732839064143724,30
2183,25,19,43,7,3.573077352948072,12
2184,51,91,65,40,3.5689728987589167,51
2185,62,13,84,6,3.5672380956620375,7
2186,51,51,11,21,3.5670376215712123,30
2187,6,28,7,15,3.5631855242339134,13
2188,60,12,79,5,3.555370933230572,7
2189,28,19,36,9,3.554999615354129,10
2190,62,21,37,8,3.552668728814333,13
2191,34,17,104,7,3.5506468783547804,10
2192,63,94,86,39,3.5494783654033975,55
2193,40,16,19,6,3.5456118713031146,10
2194,33,11,70,5,3.5452850377562246,6
2195,47,29,27,13,3.543966431934925,16
2196,40,65,36,28,3.54008292473436,37
2197,28,32,30,15,3.539926425473853,17
2198,44,15,7,7,3.5352660207554565,8
2199,85,26,84,10,3.5349178606931724,16
2200,6,10,62,4,3.534555615892036,6
2201,62,24,8,10,3.532603268082999,14
2202,93,17,25,8,3.5300397889756283,9
2203,37,55,50,26,3.5287986061002155,29
2204,17,11,57,4,3.5231240907929307,7
2205,27,19,98,9,3.521955911173927,10
2206,55,23,77,10,3.5213277725739687,13
2207,28,17,15,8,3.521005718300717,9
2208,8,32,27,15,3.515211617722362,17
2209,88,88,51,43,3.507394549851372,45
2210,74,16,23,7,3.505315761927062,9
2211,25,27,109,12,3.5041369262347244,15
2212,73,17,98,8,3.503959852428817,9
2213,38,15,54,7,3.502268170966973,8
2214,114,39,51,19,3.4973322349486455,20
2215,97,36,114,16,3.494809729950692,20
2216,43,49,94,22,3.492939420408839,27
2217,20,26,109,10,3.4929177397438647,16
2218,6,10,54,5,3.4921987314309866,5
2219,14,16,5,6,3.490369625649153,10
2220,62,13,36,6,3.4895283270523723,7
2221,36,30,51,14,3.487460022502504,16
2222,41,16,45,6,3.485066668867455,10
2223,25,20,70,9,3.4845181159437417,11
2224,60,26,38,12,3.483318752745743,14
2225,34,41,27,19,3.4773981792874973,22
2226,72,24,65,11,3.4753261436969667,13
2227,74,60,5,28,3.4699961467083478,32
2228,50,21,49,10,3.4685004795882266,11
2229,8,59,51,27,3.458149591948333,32
2230,33,23,5,11,3.4543275091771948,12
2231,37,21,23,10,3.4530437057487378,11
2232,112,14,114,7,3.4529529803290564,7
2233,7,94,86,40,3.4487912180291196,54
2234,86,63,46,26,3.447367416883425,37
2235,81,17,65,7,3.4470499311553464,10
2236,49,25,63,12,3.435463908483024,13
2237,107,40,38,17,3.4320037029545793,23
2238,7,52,27,24,3.4308990471010516,28
2239,108,14,38,6,3.426654286706616,8
2240,4,12,37,5,3.4218717037755013,7
2241,28,18,78,9,3.417711658801108,9
2242,17,11,36,6,3.417273645156761,5
2243,79,22,11,9,3.411899322441769,13
2244,51,59,41,27,3.4065954956888578,32
2245,86,34,62,16,3.405786388187902,18
2246,109,24,3,11,3.400789764991663,13
2247,4,13,28,6,3.394082491248691,7
2248,73,10,104,4,3.3914910994647243,6
2249,36,28,55,13,3.3833365772573503,15
2250,70,20,75,10,3.379349863200628,10
2251,64,40,39,18,3.377216491809084,22
2252,103,19,3,10,3.376784851491644,9
2253,73,18,96,8,3.3726024221333364,10
2254,91,31,107,13,3.3692392206395296,18
2255,13,56,28,26,3.3671896375902834,30
2256,40,17,20,7,3.3649339637959685,10
2257,54,25,97,12,3.3648153427656786,13
2258,14,23,8,10,3.3634201583462153,13
2259,9,14,61,6,3.362078776884604,8
2260,14,17,106,7,3.360059412826618,10
2261,83,10,20,5,3.3478898251644154,5
2262,15,19,20,8,3.345564249700581,11
2263,68,13,5,6,3.3380294056441113,7
2264,80,17,48,7,3.3356230533911297,10
2265,50,12,81,6,3.335453957922903,6
2266,27,73,107,32,3.325862615924091,41
2267,13,85,55,38,3.325656298998864,47
2268,39,44,19,17,3.3191116244453105,27
2269,98,14,97,7,3.3185319117606134,7
2270,97,16,84,6,3.3164282058099306,10
2271,86,66,25,31,3.3097455853588773,35
2272,41,14,96,5,3.3088942892360294,9
2273,107,43,64,20,3.307651233136555,23
2274,19,41,107,17,3.307359072836679,24
2275,114,21,64,9,3.3046667254482807,12
2276,47,13,61,6,3.3043540506366393,7
2277,12,11,90,4,3.304244091296132,7
2278,12,26,23,12,3.2981731860922108,14
2279,34,11,98,6,3.2977526881218022,5
2280,76,17,79,7,3.2930359935936755,10
2281,55,15,35,7,3.2899027901624844,8
2282,30,64,65,28,3.2783732903393568,36
2283,64,16,81,7,3.2776177159777995,9
2284,8,25,3,13,3.2773896333319046,12
2285,39,50,53,22,3.2771617260881887,28
2286,114,13,67,6,3.2746706512348394,7
2287,7,24,74,9,3.2574931437928867,15
2288,114,47,25,20,3.2540864225169726,27
2289,64,10,96,4,3.2470341038418864,6
2290,23,12,81,5,3.2407035870769985,7
2291,99,25,60,11,3.238194459102711,14
2292,107,49,36,23,3.2348387046482587,26
2293,3,14,97,7,3.230803945654674,7
2294,23,50,65,24,3.229242004811313,26
2295,54,16,12,8,3.22546532700851,8
2296,100,10,80,4,3.221630002984554,6
2297,55,18,94,8,3.2183549150249444,10
2298,17,16,74,7,3.211770551027834,9
2299,64,29,8,12,3.2116280139221263,17
2300,50,19,97,8,3.210625734622635,11
2301,60,47,31,24,3.209470727487928,23
2302,56,12,97,6,3.2085312435870676,6
2303,106,28,17,11,3.2039846830051175,17
2304,47,15,30,8,3.2029196549329773,7
2305,36,41,39,18,3.1998605067578247,23
2306,69,15,8,7,3.191300471105285,8
2307,17,22,90,9,3.1908484224220683,13
2308,11,10,58,4,3.1884299720547125,6
2309,13,96,107,44,3.185798241416165,52
2310,54,31,114,15,3.18479213160143,16
2311,100,21,50,9,3.182484639829969,12
2312,103,16,69,8,3.178595710406121,8
2313,106,25,60,10,3.1712615038081853,15
2314,55,26,20,12,3.1691541193918384,14
2315,41,30,69,12,3.1671568486745967,18
2316,107,55,9,27,3.1653943190937825,28
2317,46,10,103,4,3.160337255650391,6
2318,75,19,4,8,3.1591429263358246,11
2319,86,21,82,9,3.158656091984634,12
2320,104,51,7,23,3.158219418007501,28
2321,16,57,23,26,3.1514636721785743,31
2322,3,18,76,8,3.150422222688238,10
2323,49,35,51,16,3.1498846000583622,19
2324,75,23,23,12,3.1487336010920157,11
2325,112,12,45,6,3.146093665017745,6
2326,76,16,90,6,3.1407978580688165,10
2327,114,23,9,8,3.1400252375404265,15
2328,48,46,87,19,3.1394697049236946,27
2329,47,24,41,12,3.137759511909013,12
2330,76,15,2,6,3.135016863493124,9
2331,6,11,28,5,3.131247568187587,6
2332,47,30,88,14,3.128005162623052,16
2333,43,44,60,20,3.125644522728473,24
2334,23,36,8,16,3.1207627844807817,20
2335,28,36,48,16,3.118969087107223,20
2336,36,11,80,5,3.1158574211756562,6
2337,25,25,17,11,3.1106502600539123,14
2338,50,24,4,12,3.1105592371369686,12
2339,111,21,86,9,3.1037611827633476,12
2340,29,42,87,18,3.1029451961982564,24
2341,98,24,100,10,3.102517713271864,14
2342,92,15,60,6,3.101629065738577,9
2343,99,14,68,6,3.1001036150844774,8
2344,88,16,74,6,3.1000151762465453,10
2345,64,10,91,4,3.099347902087069,6
2346,104,34,54,16,3.0987784259955395,18
2347,6,20,87,9,3.097245674861366,11
2348,85,10,109,3,3.0954068823106935,7
2349,6,17,27,8,3.0947871865212933,9
2350,100,39,88,17,3.0942500000327047,22
2351,72,18,8,9,3.09366440457023,9
2352,93,17,50,7,3.089216846430406,10
2353,57,15,98,7,3.0891543354152864,8
2354,107,59,37,27,3.087858660035621,32
2355,66,12,28,6,3.0826665795427424,6
2356,12,13,76,7,3.082319725605148,6
2357,55,16,62,7,3.0797392954165557,9
2358,97,23,104,11,3.078979141926911,12
2359,19,29,60,14,3.0741844930514635,15
2360,43,37,7,15,3.0706324410883696,22
2361,75,30,25,13,3.0695517335408993,17
2362,71,18,25,8,3.0644100067848137,10
2363,6,11,57,5,3.0567504666964656,6
2364,7,45,55,19,3.054761469393279,26
2365,16,150,51,71,3.0496056575372967,79
2366,38,13,96,6,3.0422152322461717,7
2367,68,30,12,14,3.041358769608477,16
2368,30,22,79,9,3.0387025691085756,13
2369,25,39,65,16,3.0368934823131166,23
2370,39,13,98,5,3.0332323169773585,8
2371,40,17,33,6,3.0217035797006977,11
2372,54,82,16,38,3.0141713149503384,44
2373,38,16,18,8,3.0138242905199553,8
2374,74,42,63,20,3.0096162132471513,22
2375,50,20,108,10,3.0061866874624097,10
2376,16,58,37,27,3.0025107191283236,31
2377,96,14,34,6,3.001763014782561,8
2378,4,11,69,5,2.99948417666171,6
2379,64,22,49,9,2.9990922137386633,13
2380,86,47,90,20,2.997206734082276,27
2381,19,26,77,12,2.9962784532127222,14
2382,85,23,13,9,2.985985548040522,14
2383,12,27,11,13,2.977572857847816,14
2384,46,13,1,7,2.9771068452784517,6
2385,84,36,106,18,2.975473960825013,18
2386,43,28,41,13,2.9751067750185944,15
2387,36,32,4,13,2.9739066740354216,19
2388,2,21,37,10,2.96975801126945,11
2389,73,16,63,8,2.966556049159884,8
2390,25,18,57,8,2.9649349505538733,10
2391,114,23,46,10,2.963143531607224,13
2392,114,23,57,10,2.9591464136641084,13
2393,88,83,107,36,2.947180644187362,47
2394,71,18,46,9,2.9448527741935377,9
2395,9,18,1,10,2.9438107743951836,8
2396,16,45,48,22,2.938744960882415,23
2397,83,27,65,13,2.938404758323202,14
2398,36,20,87,8,2.93557325089767,12
2399,66,16,86,7,2.9349279516020905,9
2400,78,20,94,9,2.934032764236852,11
2401,33,21,28,11,2.934003356051797,10
2402,12,18,40,9,2.93028970370934,9
2403,3,10,33,4,2.927658221464771,6
2404,1,14,62,7,2.921521583990398,7
2405,88,21,61,8,2.9209863910476948,13
2406,102,19,106,10,2.9207255392565106,9
2407,29,10,47,4,2.9199833749969137,6
2408,109,17,9,9,2.91854195196147,8
2409,55,11,31,5,2.9183781753906346,6
2410,37,10,33,4,2.9157377490462264,6
2411,104,12,10,6,2.9113530030237116,6
2412,62,19,9,9,2.9069158954391607,10
2413,16,33,79,14,2.9049583801159358,19
2414,94,34,107,13,2.9026287383973433,21
2415,30,34,71,16,2.8915964337712703,18
2416,60,69,88,30,2.8828629648708888,39
2417,17,25,46,11,2.875672610475698,14
2418,106,14,77,7,2.875589368126161,7
2419,75,21,30,10,2.874328227945732,11
2420,108,10,2,4,2.873465048153021,6
2421,107,37,112,18,2.8731744126175918,19
2422,112,14,1,5,2.872325056767921,9
2423,88,69,68,31,2.8695211003313754,38
2424,88,10,17,6,2.869337502995369,4
2425,28,70,84,31,2.8670003890442093,39
2426,55,50,11,21,2.8656348858368936,29
2427,69,25,28,12,2.861912956405139,13
2428,88,15,94,8,2.8588031686479485,7
2429,74,13,112,6,2.8550316834984484,7
2430,16,96,28,43,2.854985092700266,53
2431,97,13,33,6,2.848649622206162,7
2432,4,25,16,13,2.8411046840521457,12
2433,107,51,106,24,2.8408623146416336,27
2434,86,104,28,46,2.8374089851944673,58
2435,39,11,35,5,2.8361547619317555,6
2436,57,43,51,20,2.835117973513962,23
2437,51,65,60,26,2.8343023051229057,39
2438,75,21,112,9,2.8242194050340816,12
2439,18,13,71,6,2.821320109059585,7
2440,68,14,48,7,2.8206443314688054,7
2441,97,26,76,12,2.8180456861896697,14
2442,9,48,40,21,2.81743847104381,27
2443,1,32,36,16,2.809530345293069,16
2444,99,15,41,7,2.8081672918617295,8
2445,65,42,71,18,2.8056942435602363,24
2446,106,14,112,7,2.805082024542774,7
2447,12,42,27,18,2.8046964318602283,24
2448,20,66,54,33,2.798936654496461,33
2449,83,32,8,16,2.795775595052069,16
2450,68,14,44,7,2.7953277213928227,7
2451,7,26,1,12,2.793205495238505,14
2452,100,13,36,6,2.7923934619121074,7
2453,18,10,57,4,2.7910504415885566,6
2454,70,12,102,7,2.7906887378625385,5
2455,85,14,112,6,2.788857070839814,8
2456,68,62,107,30,2.7882893865544056,32
2457,17,36,107,17,2.78728948647837,19
2458,18,30,40,12,2.780722164544755,18
2459,10,17,87,8,2.7770692343126595,9
2460,52,13,13,6,2.77648690159436,7
2461,15,42,107,16,2.7648112171344787,26
2462,103,10,53,3,2.7626913899775767,7
2463,1,17,94,9,2.7623810098011936,8
2464,3,33,43,14,2.7604696824141355,19
2465,88,23,35,11,2.7598010038488723,12
2466,97,34,96,17,2.7556888339056833,17
2467,70,14,43,6,2.753352748891413,8
2468,3,16,46,8,2.752172231930853,8
2469,49,35,77,15,2.7512791911364767,20
2470,30,31,104,15,2.7504108450647493,16
2471,71,26,51,12,2.748484052918404,14
2472,69,31,68,14,2.743936079051882,17
2473,99,12,63,6,2.737725340993938,6
2474,15,25,54,13,2.735147263925594,12
2475,60,26,46,12,2.733085524905183,14
2476,72,20,12,8,2.7323736468374116,12
2477,49,35,65,16,2.7315177206640917,19
2478,87,58,50,28,2.727728886996148,30
2479,49,11,5,5,2.7256599500520577,6
2480,44,16,88,8,2.7255415222047095,8
2481,37,30,84,14,2.7240272709777176,16
2482,58,17,51,8,2.7220403540386506,9
2483,34,16,88,7,2.7175195012540176,9
2484,63,20,4,9,2.7170319642618375,11
2485,86,89,84,44,2.7122592129849856,45
2486,2,46,50,21,2.7076882491876733,25
2487,38,10,76,6,2.705125102558668,4
2488,39,11,79,4,2.703936570933463,7
2489,20,27,7,13,2.7023319306021247,14
2490,87,63,106,30,2.6977525519324614,33
2491,88,25,90,10,2.6919812849334654,15
2492,10,11,65,5,2.691616036034299,6
2493,87,23,31,11,2.6915087275033063,12
2494,13,20,102,8,2.68911865765018,12
2495,39,25,5,12,2.6791322172692817,13
2496,48,10,12,4,2.675775448389384,6
2497,89,35,16,16,2.6742119046529864,19
2498,25,17,44,8,2.67353547628176,9
2499,13,118,7,55,2.6708973171944725,63
2500,37,67,104,30,2.6697156594454787,37
2501,71,17,5,8,2.668348512437488,9
2502,40,24,27,13,2.6563176029466624,11
2503,20,14,73,6,2.6543798385197754,8
2504,57,13,36,5,2.6531160901053727,8
2505,19,20,20,10,2.646933293157403,10
2506,41,49,27,21,2.643129519975746,28
2507,110,13,54,6,2.635884902993451,7
2508,51,12,22,5,2.6349206585516356,7
2509,95,34,39,16,2.633907594970311,18
2510,54,21,98,10,2.6338814908595602,11
2511,95,34,107,16,2.633836762476072,18
2512,72,31,78,16,2.6245092303705015,15
2513,39,51,54,24,2.6240157360627983,27
2514,39,42,28,20,2.6233394077803616,22
2515,104,41,95,18,2.6172247089757974,23
2516,40,29,1,13,2.6081027273161883,16
2517,36,23,91,10,2.600483205457642,13
2518,11,38,60,17,2.600434490474114,21
2519,20,48,37,23,2.5936827651590773,25
2520,94,21,65,11,2.593266998560741,10
2521,102,27,37,12,2.5931875377695404,15
2522,1,10,109,5,2.5929606771402334,5
2523,19,35,94,17,2.5924300471605743,18
2524,28,71,65,31,2.5907378992374,40
2525,29,18,43,8,2.5831657515049904,10
2526,33,15,88,6,2.581178022844097,9
2527,50,22,112,9,2.578275791966451,13
2528,81,14,108,7,2.5758573743146345,7
2529,1,29,51,14,2.574119304918465,15
2530,48,14,25,7,2.5710538086168517,7
2531,72,38,87,19,2.5706518859324805,19
2532,33,26,13,12,2.569937378676217,14
2533,17,38,34,19,2.5632876737239445,19
2534,86,14,14,7,2.5565201304900285,7
2535,73,19,1,8,2.5534291003907317,11
2536,9,44,39,22,2.551362349935293,22
2537,71,14,47,7,2.5504632262813383,7
2538,44,14,76,6,2.5504141931433417,8
2539,7,74,36,34,2.54935875079736,40
2540,39,79,107,37,2.5475084532052303,42
2541,97,35,65,16,2.539739428020559,19
2542,70,22,9,9,2.5390649499197586,13
2543,54,34,102,16,2.5372297090094844,18
2544,16,48,72,22,2.5355821722607965,26
2545,15,40,11,18,2.5337337406822127,22
2546,40,60,88,27,2.532837544735202,33
2547,7,29,17,13,2.532089441361393,16
2548,44,15,107,7,2.530544567099409,8
2549,99,19,30,8,2.530388293684778,11
2550,36,33,9,15,2.527924078037464,18
2551,72,27,100,12,2.523162608558943,15
2552,68,27,46,12,2.520930145642669,15
2553,114,65,88,31,2.5199543036131304,34
2554,97,18,29,8,2.5164381029243006,10
2555,12,15,36,7,2.516319942513756,8
2556,29,35,27,15,2.5139766493292597,20
2557,88,63,49,28,2.5106158226248643,35
2558,50,54,107,26,2.5099686972292012,28
2559,72,23,103,11,2.5080159380202254,12
2560,87,15,92,7,2.5078466479835897,8
2561,65,42,17,17,2.5046287773470137,25
2562,84,13,67,7,2.500709874534178,6
2563,65,38,111,16,2.4964278491140734,22
2564,65,14,89,7,2.492842217794452,7
2565,71,27,9,12,2.485839871550415,15
2566,28,25,79,12,2.485405030035431,13
2567,88,45,109,19,2.4817016474099605,26
2568,34,48,107,21,2.480482591834545,27
2569,87,58,28,28,2.477822962643624,30
2570,65,52,106,24,2.474183582331677,28
2571,74,17,69,9,2.466497282082459,8
2572,86,141,87,69,2.466012218865024,72
2573,17,17,1,8,2.462761073509875,9
2574,102,32,25,15,2.460889696925051,17
2575,110,17,86,8,2.459712460283758,9
2576,40,10,84,5,2.4542210673969374,5
2577,58,16,50,8,2.4508398898046,8
2578,63,15,61,6,2.445410080263457,9
2579,32,10,50,6,2.4440541907162885,4
2580,64,15,47,6,2.441201731533324,9
2581,23,56,7,26,2.4411917402729504,30
2582,109,24,102,11,2.4374588964673856,13
2583,23,34,51,16,2.437137346483703,18
2584,14,19,51,7,2.433844123091522,12
2585,3,17,96,8,2.432078371197565,9
2586,93,17,37,7,2.4227477033995664,10
2587,109,11,99,5,2.4195174025010506,6
2588,13,111,51,55,2.415078266410302,56
2589,28,19,94,8,2.4149604753175544,11
2590,107,24,81,11,2.4141594134658915,13
2591,15,32,7,17,2.4130666365885896,15
2592,34,23,50,11,2.4065274329929407,12
2593,88,57,104,25,2.406185933878753,32
2594,86,21,33,9,2.4046138870938174,12
2595,20,26,80,12,2.4033351571638515,14
2596,74,14,33,7,2.401214003272284,7
2597,100,27,94,10,2.400243221659601,17
2598,46,38,28,16,2.3990178798165616,22
2599,97,21,109,10,2.398141101921517,11
2600,53,50,65,24,2.397002822057666,26
2601,23,13,48,6,2.3894452247322233,7
2602,49,25,62,10,2.387564007510179,15
2603,4,21,71,8,2.387175011736595,13
2604,96,25,104,11,2.386641983915838,14
2605,104,66,13,30,2.3854784890372405,36
2606,75,13,56,5,2.3840139649043484,8
2607,8,14,112,6,2.3798297239108375,8
2608,71,40,107,17,2.376060967609246,23
2609,39,44,104,20,2.3751154073426797,24
2610,90,19,84,9,2.374748457023267,10
2611,53,31,55,14,2.3720895326624136,17
2612,108,38,107,18,2.3689458833056394,20
2613,25,32,63,16,2.3688265373602633,16
2614,40,24,50,10,2.367144047455048,14
2615,99,23,5,11,2.36162190226428,12
2616,70,34,76,16,2.358420872168424,18
2617,100,14,97,6,2.358325970901081,8
2618,91,28,13,14,2.3583001351127675,14
2619,53,44,64,20,2.3578163734178164,24
2620,96,14,109,6,2.3566759619593634,8
2621,8,27,17,13,2.354578898260205,14
2622,99,12,33,5,2.354570382478152,7
2623,4,36,31,15,2.353535596679466,21
2624,90,34,87,17,2.3522944235108745,17
2625,79,10,96,5,2.351992111457352,5
2626,34,19,43,9,2.3492292633209946,10
2627,60,74,77,35,2.348893876129878,39
2628,11,63,46,29,2.3482517586733156,34
2629,104,74,16,34,2.3470763532737213,40
2630,76,27,19,12,2.345198110632383,15
2631,78,10,45,5,2.343791897433706,5
2632,30,16,52,7,2.3410140593607367,9
2633,27,59,88,29,2.3376395265847867,30
2634,87,97,65,45,2.337016500592272,52
2635,58,20,3,8,2.3347740768672467,12
2636,12,38,87,17,2.3328038559243405,21
2637,80,37,86,17,2.3309612757843783,20
2638,25,28,53,14,2.3301510854690863,14
2639,109,51,5,25,2.3285813949081624,26
2640,16,24,45,10,2.3276683277091768,14
2641,84,35,50,17,2.3257021134383256,18
2642,104,21,102,11,2.3206272974702777,10
2643,3,23,61,8,2.318754532374438,15
2644,111,18,87,8,2.316389144833365,10
2645,88,32,91,15,2.315767764685106,17
2646,8,58,96,27,2.313991189820113,31
2647,71,31,63,14,2.311262987331468,17
2648,63,28,70,13,2.309911464577443,15
2649,76,13,69,5,2.308555624427584,8
2650,114,62,86,30,2.308131566565992,32
2651,35,13,70,7,2.3047047876076423,6
2652,38,11,98,5,2.303289795541877,6
2653,60,26,95,12,2.300035058084818,14
2654,80,20,7,9,2.2986689861273377,11
2655,63,42,50,19,2.2950983829965117,23
2656,100,24,5,11,2.293242743404467,13
2657,106,13,4,7,2.287883468044358,6
2658,8,76,28,35,2.28759259007733,41
2659,73,16,16,8,2.286947763730408,8
2660,81,26,88,12,2.2857834835265316,14
2661,38,10,81,5,2.2819621266449914,5
2662,77,12,69,6,2.2797993708458937,6
2663,64,15,12,7,2.277673466703216,8
2664,65,14,92,7,2.2769844774151653,7
2665,50,47,11,22,2.276023953743783,25
2666,40,14,74,6,2.2751378053719047,8
2667,13,46,11,21,2.2748850063723403,25
2668,7,108,68,50,2.2702884441480418,58
2669,61,10,31,5,2.2696136748473625,5
2670,28,66,96,31,2.2674069446039304,35
2671,85,12,7,5,2.267272935114745,7
2672,49,31,12,18,2.2670465912319986,13
2673,98,16,17,8,2.2572460925395315,8
2674,74,13,41,7,2.2545650248033358,6
2675,95,30,25,14,2.253973143655666,16
2676,63,11,83,4,2.2518527555221,7
2677,86,16,113,7,2.2517990720455145,9
2678,8,17,19,8,2.250211187456416,9
2679,70,10,27,5,2.2432632584575636,5
2680,77,13,103,6,2.2366700053173294,7
2681,108,11,65,6,2.2352573569912666,5
2682,4,26,114,13,2.2345648368573663,13
2683,46,18,65,7,2.232998478058108,11
2684,62,29,71,14,2.2274966883750613,15
2685,90,16,25,7,2.2261576936837093,9
2686,98,13,99,7,2.2212581677933705,6
2687,75,23,84,11,2.2186834285684545,12
2688,64,16,77,6,2.214408025263786,10
2689,5,50,96,22,2.21142719225076,28
2690,33,20,11,11,2.2044275894414653,9
2691,75,27,27,12,2.2036511265370837,15
2692,91,12,56,6,2.199268647174773,6
2693,7,75,40,33,2.195752128306479,42
2694,60,32,75,15,2.194819750320694,17
2695,68,35,106,16,2.193685806982791,19
2696,29,44,107,17,2.1888148481240295,27
2697,8,64,11,30,2.1781854274768375,34
2698,107,24,72,11,2.175952644196574,13
2699,42,13,87,6,2.173897877700351,7
2700,23,13,53,6,2.1639220781507693,7
2701,16,54,43,24,2.1573041788047216,30
2702,62,29,3,13,2.1563027850016536,16
2703,10,21,8,9,2.147315002146761,12
2704,55,11,69,5,2.141856565606561,6
2705,71,39,39,18,2.1402119009407667,21
2706,102,22,74,10,2.1384304011801003,12
2707,66,13,31,6,2.1367157981218847,7
2708,8,26,102,13,2.1358165667375633,13
2709,2,12,61,5,2.133108515807604,7
2710,54,77,8,33,2.1325516335637458,44
2711,60,37,41,19,2.130524858613588,18
2712,98,10,43,4,2.1302778964437667,6
2713,41,61,88,27,2.1276735354556675,34
2714,102,32,114,14,2.1240842876015136,18
2715,7,62,9,31,2.12190310948229,31
2716,53,11,70,5,2.1174802085363624,6
2717,60,30,109,14,2.1142512208373354,16
2718,8,96,107,48,2.112907125605012,48
2719,69,11,25,5,2.112059751085251,6
2720,68,28,94,13,2.106511062546953,15
2721,64,18,46,8,2.104735477830411,10
2722,112,19,23,8,2.101852765262114,11
2723,76,30,55,13,2.1010477361103184,17
2724,64,17,57,7,2.0964467583954445,10
2725,97,22,8,11,2.094799206270942,11
2726,40,18,11,9,2.0894421004610075,9
2727,64,43,68,18,2.0864244028015833,25
2728,66,14,72,6,2.0852128177023035,8
2729,44,14,51,5,2.0848742289559725,9
2730,87,48,109,21,2.084750624652315,27
2731,60,19,83,9,2.080593849514111,10
2732,54,43,19,18,2.0750475945700195,25
2733,16,76,68,34,2.07245965020275,42
2734,27,20,23,10,2.0722628371370155,10
2735,19,33,68,15,2.0719542875343326,18
2736,94,12,50,5,2.067325915186851,7
2737,84,30,34,14,2.067010635537676,16
2738,13,35,72,18,2.065930416185403,17
2739,16,36,12,17,2.061670014106225,19
2740,9,19,57,9,2.058380213538902,10
2741,20,10,108,5,2.0580290800777243,5
2742,48,25,65,13,2.057937129130549,12
2743,94,25,29,12,2.054430963734077,13
2744,12,14,7,7,2.0405365521973633,7
2745,11,18,93,10,2.0391902780828315,8
2746,60,40,8,20,2.033286998314092,20
2747,47,28,68,13,2.031806001260121,15
2748,91,14,114,7,2.031242634143403,7
2749,49,49,19,23,2.030710371605426,26
2750,87,36,75,17,2.0264664637740792,19
2751,32,11,13,5,2.0261815070275424,6
2752,28,52,51,26,2.025017303726126,26
2753,51,18,38,8,2.0249354756330757,10
2754,114,27,17,11,2.021159075364864,16
2755,72,18,60,8,2.0200765666659533,10
2756,8,37,90,16,2.0194647820717773,21
2757,111,10,10,4,2.0194606727691027,6
2758,19,31,57,15,2.0192058747337907,16
2759,93,11,60,4,2.018629631632228,7
2760,80,37,54,19,2.0181573041232794,18
2761,68,29,70,14,2.015118158104632,15
2762,83,22,97,12,2.0076368732075736,10
2763,43,47,19,22,2.0058094200599297,25
2764,48,29,11,13,2.003568336649414,16
2765,8,39,50,17,1.9997739229036222,22
2766,114,26,74,13,1.9975972531686852,13
2767,34,18,67,10,1.9956714706950711,8
2768,53,19,4,9,1.9876947928926743,10
2769,100,12,79,5,1.9822381822120898,7
2770,68,30,38,13,1.98112771845421,17
2771,86,34,72,16,1.9778439253119044,18
2772,23,11,103,5,1.9773995409345133,6
2773,95,28,53,11,1.9769373995573165,17
2774,88,32,70,15,1.9762934359596307,17
2775,55,31,84,15,1.9725581442910776,16
2776,54,10,35,4,1.970607603878345,6
2777,23,22,3,10,1.9704853033748797,12
2778,60,88,16,42,1.9670183534099746,46
2779,68,37,77,16,1.9669287486446911,21
2780,28,33,91,15,1.9649527402335243,18
2781,41,24,112,11,1.9642201479007209,13
2782,80,11,97,5,1.9631828964682283,6
2783,39,14,33,7,1.960095595226131,7
2784,41,21,78,9,1.9597162558523102,12
2785,50,11,35,5,1.9581460146246819,6
2786,19,30,86,15,1.9572349198961296,15
2787,36,34,64,17,1.9485056781764578,17
2788,13,22,61,9,1.9474617025071013,13
2789,25,20,55,9,1.9429576796619987,11
2790,86,43,12,20,1.9416596289391819,23
2791,23,14,31,6,1.9392936999416412,8
2792,110,13,104,5,1.938847445081051,8
2793,71,49,7,25,1.9387153694352726,24
2794,32,10,98,5,1.938005226383161,5
2795,23,14,97,7,1.9330528734436583,7
2796,41,26,76,14,1.9323052199492383,12
2797,65,30,84,14,1.928864673268391,16
2798,70,19,40,8,1.9276789997691242,11
2799,39,39,12,18,1.926598339482077,21
2800,17,28,54,14,1.925973647351252,14
2801,114,21,18,10,1.9235772497574426,11
2802,99,11,76,6,1.9173589523208294,5
2803,97,32,106,16,1.9159665785715103,16
2804,110,11,17,5,1.9155371371930712,6
2805,16,72,49,33,1.9140393573450762,39
2806,8,65,74,29,1.9128656065638743,36
2807,100,52,19,24,1.9102550492287156,28
2808,68,38,1,18,1.9099752765436635,20
2809,37,20,109,9,1.908398750070837,11
2810,46,35,87,15,1.9081637543359307,20
2811,30,67,107,30,1.9062931290712226,37
2812,12,19,43,8,1.9058294823250954,11
2813,72,31,11,15,1.9015944139862477,16
2814,50,35,76,19,1.9009793811042361,16
2815,55,27,99,12,1.895072402151854,15
2816,52,12,100,5,1.8946165490949367,7
2817,85,12,98,5,1.892963761582925,7
2818,71,44,86,22,1.8883807510456327,22
2819,27,14,18,7,1.8878641320648082,7
2820,25,23,64,11,1.8857238852847764,12
2821,96,16,30,7,1.8850748786904798,9
2822,68,108,13,51,1.8849483625328212,57
2823,2,41,8,20,1.8848654476169666,21
2824,39,12,61,5,1.883201918418666,7
2825,100,13,95,7,1.8766563875169038,6
2826,50,36,51,18,1.875743168136873,18
2827,104,15,92,8,1.8690561053420138,7
2828,53,13,47,6,1.867452050486345,7
2829,60,13,33,5,1.8644268792007332,8
2830,74,58,16,28,1.8629205337686625,30
2831,93,21,97,10,1.8583722279909525,11
2832,53,22,97,10,1.8492466822191047,12
2833,43,18,72,9,1.8485755809265223,9
2834,50,13,73,5,1.8439270323254195,8
2835,12,18,85,9,1.8411131730635333,9
2836,11,34,20,15,1.8399043392082135,19
2837,92,30,88,14,1.8365360092779848,16
2838,84,38,96,19,1.8356486827006806,19
2839,95,22,20,11,1.8350043196326213,11
2840,43,34,88,15,1.8316916077113314,19
2841,74,29,13,14,1.8278354237299024,15
2842,44,13,114,6,1.8263733365516688,7
2843,13,44,75,20,1.82625422828726,24
2844,86,37,79,17,1.8233812794868036,20
2845,102,13,99,6,1.821289341303691,7
2846,55,18,29,9,1.8130539080836594,9
2847,13,51,15,25,1.810733306439124,26
2848,40,18,111,9,1.8104998545748747,9
2849,68,50,3,25,1.8099160591942,25
2850,36,22,25,11,1.807144013826855,11
2851,70,57,86,26,1.80463722039498,31
2852,51,34,31,14,1.8036645224364263,20
2853,29,18,9,9,1.8021042570677095,9
2854,66,11,15,5,1.795076326934553,6
2855,114,35,39,18,1.7909993968165154,17
2856,20,19,48,8,1.7888857426975104,11
2857,97,27,46,13,1.7888516310767923,14
2858,89,18,13,9,1.786869504777188,9
2859,37,25,90,12,1.7816453937181727,13
2860,50,21,69,11,1.7758250016074677,10
2861,9,19,30,8,1.7725720850396782,11
2862,64,47,88,21,1.7611807290570651,26
2863,37,98,5,47,1.7580752219846099,51
2864,88,37,18,18,1.7539193639392456,19
2865,104,21,43,9,1.750605109142025,12
2866,79,23,107,10,1.7474071801332398,13
2867,60,33,36,16,1.7416473627060738,17
2868,18,11,6,5,1.7414584600944842,6
2869,8,33,76,15,1.7404518951430854,18
2870,36,37,88,16,1.7392851936744356,21
2871,51,14,66,7,1.7380363030144774,7
2872,9,23,112,10,1.7370284161007252,13
2873,111,16,9,7,1.7347101097492736,9
2874,16,27,44,12,1.7334648777380284,15
2875,16,130,13,59,1.7334448954282495,71
2876,106,38,96,17,1.7318320126651967,21
2877,32,13,68,5,1.7311662598089266,8
2878,60,24,1,11,1.730552170717301,13
2879,109,20,77,10,1.727976391358886,10
2880,27,38,43,18,1.7274963713159432,20
2881,77,10,28,5,1.7274479044716262,5
2882,30,37,11,17,1.7251722887206,20
2883,88,25,77,11,1.7210000447837095,14
2884,77,19,11,9,1.7198753848877157,10
2885,104,24,83,10,1.7171480590838881,14
2886,5,51,54,23,1.7127518345022985,28
2887,88,62,28,29,1.7102908597256317,33
2888,85,15,57,7,1.703449553409084,8
2889,89,22,86,12,1.7008452244905106,10
2890,20,16,102,8,1.6989391239814888,8
2891,36,15,23,9,1.697287527418564,6
2892,63,17,95,8,1.6923751834394967,9
2893,39,58,27,26,1.6874941663309937,32
2894,73,20,28,10,1.687006788072292,10
2895,23,17,109,8,1.6845705647628204,9
2896,55,40,106,18,1.6835382667235024,22
2897,76,28,27,12,1.6830295275036273,16
2898,8,83,88,40,1.6811669912632214,43
2899,65,31,50,15,1.6801621867417356,16
2900,16,41,90,20,1.6799312140304254,21
2901,23,14,50,5,1.673947609647618,9
2902,63,45,7,18,1.673573876629926,27
2903,48,14,104,6,1.673511883025235,8
2904,87,45,84,20,1.6712785926609632,25
2905,45,28,31,13,1.6710870406691025,15
2906,17,17,112,8,1.670998049379022,9
2907,54,19,33,8,1.6683853925492595,11
2908,114,13,34,7,1.6642874528280043,6
2909,37,47,74,23,1.66281633297112,24
2910,63,24,47,10,1.6623324282821739,14
2911,41,30,1,13,1.6558361653082903,17
2912,36,23,68,11,1.651168634820273,12
2913,30,41,68,20,1.6397998764136308,21
2914,77,14,58,7,1.6395332656016735,7
2915,12,22,8,10,1.6380907548377517,12
2916,51,89,107,38,1.636329019844688,51
2917,104,26,18,11,1.6361581237581893,15
2918,6,18,68,10,1.6346986227731617,8
2919,35,28,86,12,1.630292710908606,16
2920,64,12,84,7,1.6272082249846804,5
2921,7,22,30,12,1.6270647619511827,10
2922,106,46,88,20,1.6248459493396556,26
2923,44,17,87,8,1.6239279411647956,9
2924,17,14,80,6,1.6140041509212482,8
2925,30,29,69,14,1.6139022710932394,15
2926,76,17,18,8,1.601109520179619,9
2927,91,12,38,6,1.5959128745414664,6
2928,14,11,75,5,1.594721022285634,6
2929,51,24,98,11,1.5914965104039462,13
2930,2,15,25,8,1.5845186001024,7
2931,39,77,13,36,1.5839174058100343,41
2932,2,34,97,16,1.581483466739766,18
2933,53,24,81,11,1.5814051894912782,13
2934,55,22,90,12,1.578656952498875,10
2935,76,20,95,10,1.5773440780858254,10
2936,96,34,88,17,1.5755489762598094,17
2937,4,61,13,28,1.56876063127331,33
2938,86,88,8,45,1.5679670065587505,43
2939,30,61,19,28,1.5625167280187038,33
2940,65,28,78,12,1.5618772572285997,16
2941,100,25,69,12,1.5539300788324983,13
2942,80,20,11,10,1.5532652275466894,10
2943,72,13,62,6,1.549607426644448,7
2944,63,30,27,13,1.5482939869847638,17
2945,107,126,86,60,1.5463436947065825,66
2946,60,53,65,28,1.5454344822227837,25
2947,87,23,52,12,1.5429958243645543,11
2948,60,32,9,14,1.541763907829675,18
2949,68,19,81,9,1.5385400494517059,10
2950,22,10,86,5,1.5381482899799122,5
2951,33,20,87,9,1.5351737898473505,11
2952,98,13,79,6,1.5335435073226167,7
2953,29,13,53,5,1.53176700286447,8
2954,60,24,58,12,1.5296571105675618,12
2955,114,20,84,9,1.5282826629009736,11
2956,13,66,27,32,1.5277775268373557,34
2957,23,49,86,23,1.5258006277824925,26
2958,35,14,37,7,1.523131742310598,7
2959,20,13,72,6,1.5230317223183363,7
2960,63,53,87,24,1.522887484865592,29
2961,78,48,107,22,1.5217674199254123,26
2962,107,45,70,23,1.5183987584852088,22
2963,16,53,70,24,1.5177519456578035,29
2964,63,24,15,11,1.5176137303326573,13
2965,39,15,102,7,1.5161474318556913,8
2966,46,12,55,5,1.514859018089967,7
2967,64,30,27,14,1.506656484827703,16
2968,68,53,63,25,1.50575560658607,28
2969,60,21,57,10,1.5054649360999508,11
2970,30,28,57,12,1.504576891086322,16
2971,27,25,50,10,1.5040884605682736,15
2972,54,10,89,4,1.503765809030216,6
2973,19,15,102,6,1.4975662366291813,9
2974,46,52,5,24,1.4974094901037533,28
2975,107,47,25,23,1.4967278623744338,24
2976,112,16,11,8,1.4950492246382474,8
2977,87,26,112,13,1.492086660519308,13
2978,2,23,74,10,1.4920197761473226,13
2979,47,15,109,7,1.4902136420221868,8
2980,27,10,95,4,1.4847422192138044,6
2981,60,74,71,35,1.4843115108657066,39
2982,37,38,17,16,1.479924510472103,22
2983,68,10,84,4,1.4788993773509214,6
2984,103,17,79,8,1.4762996181953671,9
2985,106,50,11,21,1.4751786277994416,29
2986,35,24,7,12,1.4676220715119486,12
2987,6,13,69,7,1.4672562795661197,6
2988,71,24,3,11,1.4668209780059522,13
2989,57,41,13,21,1.465800440747489,20
2990,40,64,51,31,1.4624658901194083,33
2991,41,76,13,37,1.461831535710458,39
2992,31,21,47,10,1.4606130980712677,11
2993,25,23,83,10,1.459720188055504,13
2994,34,29,11,13,1.4582216435249533,16
2995,91,14,90,7,1.453639559044283,7
2996,15,56,86,26,1.4519819824759257,30
2997,65,33,80,16,1.4513664238423436,17
2998,62,28,65,14,1.4496341901836953,14
2999,106,55,63,27,1.448556681809942,28
3000,75,44,39,23,1.4473715172929777,21
3001,27,20,81,10,1.446682198592998,10
3002,99,14,27,6,1.4451774655149798,8
3003,65,33,69,16,1.4425642416495112,17
3004,19,22,112,11,1.4419647960353517,11
3005,20,21,97,11,1.4395279608818752,10
3006,50,28,25,14,1.4391705454909005,14
3007,89,21,60,11,1.4364501610048446,10
3008,78,58,16,28,1.4297925446631998,30
3009,34,21,39,10,1.4278801146393896,11
3010,100,53,39,26,1.4236708916244591,27
3011,36,35,45,19,1.423273124508118,16
3012,1,11,53,5,1.4196819324858239,6
3013,30,23,106,11,1.4150001393849174,12
3014,100,29,62,15,1.4095954922785325,14
3015,13,32,34,16,1.4073902567508703,16
3016,12,20,71,10,1.4059148964814137,10
3017,62,41,87,20,1.4054421613224393,21
3018,46,25,9,13,1.4052752923291445,12
3019,70,17,95,9,1.4011695857654891,8
3020,43,19,37,10,1.398788606998224,9
3021,87,13,26,6,1.3975266884763953,7
3022,3,69,51,35,1.3954813590927426,34
3023,74,12,98,6,1.394136813126094,6
3024,63,44,41,21,1.393059609593735,23
3025,78,28,43,13,1.3913461608834174,15
3026,95,12,80,6,1.3888115326852126,6
3027,36,11,29,6,1.3837445576600509,5
3028,102,18,3,8,1.3811952404449805,10
3029,106,30,41,15,1.3806292559177726,15
3030,52,11,55,5,1.3787566985994324,6
3031,20,36,106,17,1.371361503792123,19
3032,25,26,30,14,1.363384718034573,12
3033,41,35,40,18,1.358626645359705,17
3034,104,33,70,16,1.3582302540990812,17
3035,86,38,18,17,1.3540592939037148,21
3036,49,25,109,12,1.3528006901987695,13
3037,30,14,81,7,1.3508923221630391,7
3038,52,16,16,8,1.349505098633644,8
3039,97,37,88,18,1.3490743629309014,19
3040,108,17,40,9,1.3479697301696891,8
3041,65,93,107,45,1.3477169574880525,48
3042,15,18,41,9,1.3413989104987405,9
3043,8,44,104,21,1.3410693202324964,23
3044,6,10,23,5,1.3385415186806267,5
3045,30,29,78,14,1.337073491942564,15
3046,16,74,57,34,1.3317936510642745,40
3047,8,56,39,29,1.3280814413768331,27
3048,30,21,48,9,1.3239953886043165,12
3049,84,36,54,17,1.3202943615638323,19
3050,74,18,80,9,1.319966132866856,9
3051,65,111,63,53,1.3193232513653719,58
3052,55,57,88,25,1.3163784693707288,32
3053,54,21,23,10,1.3133138976413523,11
3054,94,11,40,5,1.3131730085845268,6
3055,112,32,65,16,1.3122977163439495,16
3056,68,52,9,25,1.3104638696206712,27
3057,9,28,58,13,1.310268135821897,15
3058,32,14,51,7,1.3093866254236395,7
3059,8,94,55,48,1.3083160570042143,46
3060,41,28,114,14,1.307338108043566,14
3061,39,59,15,30,1.3073376010360638,29
3062,60,79,7,38,1.304264843873566,41
3063,5,44,13,21,1.3023509853743034,23
3064,57,65,86,32,1.2994398885251193,33
3065,41,47,68,23,1.2976062488793099,24
3066,109,29,34,14,1.2955360121997939,15
3067,7,22,8,10,1.2952715014492373,12
3068,88,39,4,19,1.294921220761057,20
3069,39,31,62,14,1.2943420529811251,17
3070,108,23,60,11,1.29428465385161,12
3071,27,49,11,23,1.289997821755581,26
3072,51,19,99,10,1.2892082407104484,9
3073,76,24,88,12,1.2876347721936485,12
3074,96,59,107,27,1.2779661064945878,32
3075,46,57,54,28,1.2778066019254952,29
3076,34,10,91,5,1.2767116469837227,5
3077,41,20,103,9,1.2736208996736864,11
3078,71,11,1,6,1.2732152302328021,5
3079,17,35,39,16,1.2724401696667658,19
3080,60,29,28,16,1.272111001147211,13
3081,52,15,65,8,1.262826215370322,7
3082,92,12,107,5,1.2625916923530776,7
3083,81,20,18,10,1.2612198373935404,10
3084,93,10,79,5,1.2606355667564615,5
3085,114,18,49,10,1.2604600332250735,8
3086,86,39,112,18,1.2594712193458382,21
3087,9,37,63,18,1.2589023707877973,19
3088,51,55,37,24,1.2588032537436011,31
3089,17,42,13,21,1.2570532505054286,21
3090,13,61,9,28,1.2504419702657084,33
3091,11,31,74,15,1.2464065422784565,16
3092,91,20,37,10,1.2413018923540677,10
3093,71,25,31,12,1.2380158081615484,13
3094,16,58,41,27,1.234085574365883,31
3095,28,39,25,17,1.2338977751460145,22
3096,86,68,55,32,1.2323957842223827,36
3097,95,14,57,8,1.2217973315472734,6
3098,55,17,41,8,1.220974525083998,9
3099,112,51,16,25,1.2207004808764241,26
3100,63,12,103,5,1.2193256477782357,7
3101,71,37,88,16,1.218508421155273,21
3102,47,15,19,7,1.2137153571077086,8
3103,58,16,63,9,1.2116740819179406,7
3104,25,33,97,16,1.2112097532933517,17
3105,47,12,76,8,1.2091645579998245,4
3106,8,33,48,16,1.2090868114966704,17
3107,28,65,5,32,1.2040234196998174,33
3108,90,15,33,7,1.2020135668608967,8
3109,20,20,76,11,1.195513412586339,9
3110,47,19,72,7,1.1938313976595722,12
3111,68,72,86,36,1.1937648271472945,36
3112,25,67,16,32,1.1932865297100734,35
3113,68,18,74,7,1.1930607364890244,11
3114,98,15,60,7,1.188577253485572,8
3115,87,16,110,7,1.1878037867151132,9
3116,49,28,9,15,1.1870965912725642,13
3117,76,31,96,14,1.1853039288193863,17
3118,91,10,72,5,1.1803412713045751,5
3119,89,16,104,8,1.1768798083300285,8
3120,33,12,77,6,1.1756675735500741,6
3121,83,35,55,18,1.174944809247691,17
3122,58,14,100,7,1.174738305934054,7
3123,63,51,11,22,1.1727104947557743,29
3124,103,38,87,17,1.171065582004438,21
3125,44,13,75,7,1.169380882277211,6
3126,77,30,18,13,1.157226861340675,17
3127,111,32,16,16,1.1556733242940576,16
3128,70,24,41,13,1.154537329956712,11
3129,17,33,50,17,1.1518911540029002,16
3130,79,17,7,8,1.150116600366683,9
3131,107,42,97,20,1.1486858251368084,22
3132,30,22,72,10,1.1468117043313355,12
3133,17,10,33,5,1.1464162819529016,5
3134,64,20,45,9,1.1431500338693177,11
3135,8,14,56,7,1.138262181129431,7
3136,87,68,3,32,1.1375680174921503,36
3137,107,43,18,23,1.1371611267925203,20
3138,8,11,89,5,1.131548934159431,6
3139,36,26,106,13,1.1307287364062795,13
3140,3,26,31,14,1.1304098830558913,12
3141,62,30,27,13,1.128972858047672,17
3142,79,17,88,8,1.1249704502892566,9
3143,69,28,19,13,1.12274464710603,15
3144,28,25,57,12,1.1208866402447313,13
3145,50,69,54,34,1.1176760529666152,35
3146,29,19,7,7,1.117067463392933,12
3147,100,14,61,7,1.1138239851805005,7
3148,40,16,109,7,1.112646763896167,9
3149,38,33,13,18,1.1108156926864952,15
3150,73,13,55,6,1.1082443575059628,7
3151,4,32,107,15,1.1053879522342496,17
3152,40,19,45,9,1.104353122593122,10
3153,114,41,7,19,1.1043500168291769,22
3154,96,18,2,9,1.1039761816908875,9
3155,70,39,106,20,1.1024614638047314,19
3156,18,35,41,18,1.098384167284529,17
3157,43,19,8,10,1.0911231586466432,9
3158,100,54,30,25,1.090294997061434,29
3159,77,26,29,12,1.0897747657987866,14
3160,69,33,3,14,1.0888853625585373,19
3161,72,32,15,17,1.0884598549075202,15
3162,15,15,17,8,1.0855800690980384,7
3163,75,27,74,12,1.0761366724331511,15
3164,64,19,97,9,1.0748997556853976,10
3165,28,61,109,28,1.0738097371372834,33
3166,9,16,97,9,1.0715415510849877,7
3167,67,20,37,9,1.070770052763525,11
3168,103,21,76,12,1.0703262069804265,9
3169,87,56,60,29,1.0686983420451615,27
3170,58,14,71,7,1.0679524363994424,7
3171,3,44,60,21,1.0597090467748502,23
3172,100,14,44,7,1.0590413147864144,7
3173,17,17,38,8,1.0578802372139975,9
3174,27,35,57,18,1.0526760400051114,17
3175,16,39,108,18,1.0503971255032083,21
3176,71,18,45,10,1.0500246166344471,8
3177,107,73,63,39,1.0499479505653528,34
3178,104,16,33,7,1.0375486456158094,9
3179,80,17,60,9,1.0365050448794264,8
3180,39,66,65,34,1.0335708222911977,32
3181,104,38,74,17,1.0321539192468763,21
3182,63,20,44,9,1.0233184771026445,11
3183,64,12,90,6,1.0226762518657313,6
3184,79,13,9,7,1.0203716742776936,6
3185,8,31,49,16,1.0163230526739684,15
3186,20,17,85,8,1.0120202947249686,9
3187,91,20,18,9,1.0069076377111847,11
3188,45,12,88,5,1.005819520359159,7
3189,114,11,93,6,1.0049906589581667,5
3190,57,51,78,25,1.004269503873147,26
3191,103,45,16,23,0.9989402564863515,22
3192,8,41,30,21,0.9972122086773991,20
3193,43,13,48,7,0.9891423928749106,6
3194,37,42,65,19,0.988736357368918,23
3195,20,13,27,6,0.9871413726704082,7
3196,69,32,107,15,0.9867318989974718,17
3197,54,19,112,9,0.9843355592348286,10
3198,7,81,41,40,0.9794700083084562,41
3199,11,30,43,15,0.9783180281739885,15
3200,93,19,84,8,0.9776365381665071,11
3201,68,15,102,7,0.9774478191416416,8
3202,107,65,5,32,0.9748363761521168,33
3203,70,10,62,5,0.9747108971050832,5
3204,78,12,9,6,0.9745877106891233,6
3205,114,31,20,15,0.9686487519699057,16
3206,41,21,94,9,0.9669375303013759,12
3207,7,91,65,47,0.9659125099226098,44
3208,71,34,8,17,0.9628252268322728,17
3209,104,38,106,19,0.9604760273979267,19
3210,47,10,94,5,0.9596390773110727,5
3211,90,27,60,12,0.9548038662340522,15
3212,65,59,12,30,0.9541157229536749,29
3213,63,23,53,11,0.9461903574639025,12
3214,46,22,41,10,0.9370339102063082,12
3215,18,34,60,17,0.9344074833355396,17
3216,11,87,16,38,0.9326747403849421,49
3217,3,30,9,15,0.9265694640511716,15
3218,55,24,4,12,0.9256101911535765,12
3219,95,32,7,15,0.9236786450564196,17
3220,75,27,114,13,0.9181862737012535,14
3221,39,14,1,5,0.9120351629887123,9
3222,51,43,30,21,0.9090982963103155,22
3223,36,35,75,19,0.9076169876586814,16
3224,76,28,102,13,0.9068567870201522,15
3225,29,12,12,6,0.9066091071417807,6
3226,6,14,50,7,0.9048960894988062,7
3227,77,16,95,8,0.9045800015217476,8
3228,60,12,111,7,0.901998030050083,5
3229,62,14,50,6,0.9017457082495477,8
3230,78,17,55,9,0.9002458878614119,8
3231,51,73,87,35,0.8994934317851462,38
3232,107,91,28,43,0.8970764795683025,48
3233,86,57,9,29,0.8962993918202342,28
3234,39,24,70,11,0.8958543413772162,13
3235,106,71,28,34,0.8945808420172994,37
3236,55,27,3,13,0.889351927209094,14
3237,27,63,51,30,0.888138361606474,33
3238,9,19,69,9,0.8879210172039291,10
3239,16,67,15,32,0.8866959275238554,35
3240,103,29,51,15,0.8851279246560108,14
3241,93,13,3,5,0.8808947328421434,8
3242,83,21,88,11,0.8798897555023121,10
3243,41,15,48,7,0.8735829617761527,8
3244,66,12,27,6,0.8729397609022103,6
3245,27,15,1,6,0.8721383199452204,9
3246,68,87,51,40,0.8717843607335442,47
3247,60,17,84,10,0.8716143564890761,7
3248,54,111,65,54,0.8660420311677451,57
3249,10,10,114,4,0.8617397018011357,6
3250,68,21,43,11,0.8594031558801354,10
3251,16,10,22,5,0.856518199490958,5
3252,33,15,95,7,0.8491128905949068,8
3253,63,17,45,8,0.8485113101880837,9
3254,77,29,65,15,0.8469999765931033,14
3255,79,23,84,11,0.8428978656974995,12
3256,37,24,100,11,0.8361893314053773,13
3257,15,40,68,18,0.8301294650347959,22
3258,2,16,46,8,0.8285194662826778,8
3259,29,12,106,6,0.8264692442725412,6
3260,13,82,86,38,0.8237879966149357,44
3261,84,15,95,7,0.8218033746912392,8
3262,39,53,41,28,0.8210630021649841,25
3263,114,19,45,9,0.820568913201756,10
3264,51,55,9,26,0.820560510477526,29
3265,16,67,19,30,0.8181189974136727,37
3266,57,18,20,9,0.8178941572060074,9
3267,23,11,19,5,0.8175991137149171,6
3268,29,30,78,14,0.8173395463571667,16
3269,11,70,39,35,0.8085511252223524,35
3270,56,14,40,7,0.8062835825274118,7
3271,30,26,40,13,0.8045580871786273,13
3272,86,85,20,41,0.8016884889387337,44
3273,98,11,62,5,0.7995773049352709,6
3274,2,22,88,11,0.7956469041111253,11
3275,1,36,107,18,0.792741418555241,18
3276,28,16,89,7,0.7901986413516666,9
3277,75,14,33,6,0.7900898585820573,8
3278,4,18,104,10,0.7872554057904755,8
3279,30,37,15,18,0.7813631771647569,19
3280,112,17,77,7,0.7784158076958794,10
3281,87,22,99,10,0.7762165713325079,12
3282,88,32,69,15,0.7753807063240763,17
3283,23,24,15,12,0.7675683844637372,12
3284,68,64,60,33,0.7655380923161711,31
3285,47,27,65,13,0.7649117411143579,14
3286,98,30,16,14,0.7648701561615461,16
3287,95,55,86,25,0.7570140635444287,30
3288,57,14,91,6,0.7523919124216624,8
3289,8,68,37,34,0.7513899671656665,34
3290,14,15,13,6,0.751185424264851,9
3291,78,12,81,7,0.751126821320363,5
3292,30,39,54,19,0.7474955803229568,20
3293,46,24,84,11,0.7446057703540031,13
3294,36,13,74,5,0.7437175733038418,8
3295,109,27,106,14,0.7430675694349274,13
3296,38,22,64,11,0.7416758999099181,11
3297,7,12,108,5,0.7404080910313966,7
3298,25,24,15,13,0.7394428200536313,11
3299,40,77,86,36,0.735275767181436,41
3300,28,57,11,27,0.733863128330741,30
3301,34,22,3,10,0.733728273284704,12
3302,19,34,65,17,0.7329370882543191,17
3303,103,12,106,5,0.7328239321562169,7
3304,95,41,5,21,0.7316066534315495,20
3305,71,10,96,5,0.7278695572627853,5
3306,57,10,4,4,0.7276499847388465,6
3307,3,34,88,17,0.7248549621567527,17
3308,15,22,64,10,0.7194942356138029,12
3309,37,51,28,24,0.7168710662114339,27
3310,61,18,40,9,0.715489570683085,9
3311,51,19,48,8,0.7142524379704616,11
3312,8,72,106,37,0.7133251026811394,35
3313,43,18,71,10,0.7122285277146779,8
3314,106,18,27,7,0.7074485049679642,11
3315,87,72,11,34,0.7061005854454605,38
3316,41,20,54,10,0.7052079558025968,10
3317,91,10,49,5,0.7029955830398265,5
3318,45,16,3,8,0.6997435754221073,8
3319,50,29,9,14,0.6932669196756267,15
3320,100,19,85,9,0.692145009111035,10
3321,69,27,11,14,0.6919460086860773,13
3322,88,17,48,7,0.6890250559346728,10
3323,68,75,27,36,0.6873238062883651,39
3324,78,29,84,15,0.6870815538251351,14
3325,18,19,25,10,0.6816652439852796,9
3326,29,24,8,10,0.6801150064661755,14
3327,79,16,3,9,0.6788187325928862,7
3328,66,15,9,7,0.6778609704226946,8
3329,100,28,64,15,0.6758226153913833,13
3330,29,13,79,5,0.6757838864896741,8
3331,50,10,38,4,0.6752935140977933,6
3332,76,30,30,16,0.6722190243179292,14
3333,81,33,60,16,0.6720214795360957,17
3334,48,21,60,10,0.6714503253808508,11
3335,71,24,55,13,0.6670673084821276,11
3336,23,16,30,8,0.6629370475303453,8
3337,72,11,42,5,0.6594494220784329,6
3338,68,76,65,38,0.6569278898882531,38
3339,74,16,90,9,0.65421251535055,7
3340,49,34,7,16,0.6498930091293172,18
3341,75,50,88,24,0.6490595256191717,26
3342,2,10,109,5,0.6444253237530845,5
3343,85,15,69,7,0.6408165415497196,8
3344,25,25,41,14,0.6394054706376694,11
3345,6,18,51,10,0.6381605805799537,8
3346,111,17,36,8,0.6365354853619519,9
3347,108,31,86,14,0.6341080201843424,17
3348,33,29,16,16,0.6325119131101442,13
3349,13,34,20,16,0.6324978295967632,18
3350,19,26,88,14,0.6316908145440602,12
3351,4,28,64,13,0.6316212138641669,15
3352,18,30,12,15,0.6298488591277334,15
3353,87,11,22,4,0.6297643541071193,7
3354,38,20,29,10,0.6286324723530292,10
3355,109,30,84,14,0.6283430275726476,16
3356,36,33,71,17,0.6241330409639588,16
3357,47,34,87,16,0.6236835390952602,18
3358,65,41,11,21,0.6229974870071123,20
3359,30,80,87,39,0.6215654887475701,41
3360,9,17,81,8,0.6212818094890723,9
3361,40,12,38,5,0.617907919478443,7
3362,31,22,58,11,0.616855370373501,11
3363,91,16,70,7,0.6063303701253766,9
3364,69,17,20,8,0.6014949312373209,9
3365,63,15,34,7,0.6010869874219991,8
3366,71,32,106,15,0.6009609652453838,17
3367,111,10,12,6,0.6003907747378712,4
3368,71,10,23,4,0.6000287508458293,6
3369,79,22,8,10,0.596047638444006,12
3370,78,27,88,14,0.5921971540070259,13
3371,76,13,36,4,0.5885035889042637,9
3372,30,90,86,42,0.5834368974547067,48
3373,63,28,112,14,0.5834223269951258,14
3374,47,30,51,16,0.5820326521668331,14
3375,28,26,98,11,0.5775231479620817,15
3376,70,33,51,17,0.5766573461400448,16
3377,88,60,9,29,0.5756732724314684,31
3378,41,32,75,17,0.57538170131953,15
3379,30,55,27,28,0.575055309082408,27
3380,69,15,71,8,0.5724150990318982,7
3381,71,13,78,6,0.56619632387446,7
3382,83,10,2,5,0.5594397265150789,5
3383,74,44,54,21,0.5510628960849681,23
3384,92,17,7,7,0.5480230211986085,10
3385,64,29,54,15,0.5456745481805175,14
3386,13,47,109,24,0.5440660296724144,23
3387,35,14,13,7,0.5410242166059803,7
3388,106,10,1,5,0.5396528610114324,5
3389,74,46,87,23,0.5390692997145561,23
3390,6,22,107,11,0.5355439544398269,11
3391,87,68,54,32,0.5341050371199489,36
3392,4,24,77,12,0.5234491201479384,12
3393,15,45,87,23,0.5233520642211552,22
3394,74,14,27,8,0.5219215520059601,6
3395,112,10,66,4,0.5146742754382652,6
3396,112,20,51,10,0.5141422831615046,10
3397,23,20,77,10,0.5137236048278281,10
3398,4,18,9,9,0.5118055197130298,9
3399,49,33,15,18,0.510146584914854,15
3400,72,26,77,13,0.508804908669884,13
3401,54,41,7,20,0.5072416292031929,21
3402,111,51,68,26,0.5032623987049997,25
3403,88,35,31,18,0.4999807976090581,17
3404,52,16,12,8,0.49652125976744266,8
3405,74,22,18,12,0.4929022250899433,10
3406,38,13,114,6,0.49067913419821746,7
3407,62,12,97,6,0.490051403125013,6
3408,19,16,58,8,0.4895753929310045,8
3409,84,80,107,39,0.48662393295564865,41
3410,68,23,57,12,0.48364984402513833,11
3411,88,40,20,21,0.4827222531499379,19
3412,7,19,48,10,0.48075396413828586,9
3413,54,20,62,10,0.48075198509246564,10
3414,107,72,114,36,0.4790116249707105,36
3415,95,28,74,13,0.4784255086028103,15
3416,25,51,39,26,0.47594650511842773,25
3417,7,60,18,31,0.4748651156903118,29
3418,63,42,5,18,0.4718441296207792,24
3419,65,54,31,26,0.4691388746969232,28
3420,7,10,22,5,0.46832977832412503,5
3421,5,10,78,6,0.46671252280804226,4
3422,12,18,50,7,0.46586470667488683,11
3423,106,101,86,50,0.4658315283344795,51
3424,103,22,15,10,0.46537154320129465,12
3425,104,38,76,20,0.4636043507636282,18
3426,65,11,21,6,0.46273082007848293,5
3427,107,36,46,19,0.458246310756249,17
3428,65,45,15,23,0.4534998462596044,22
3429,106,45,50,21,0.450853387486715,24
3430,16,47,114,22,0.4504343015160457,25
3431,13,33,112,17,0.44654566712440297,16
3432,88,66,46,31,0.44611243096233677,35
3433,7,78,39,40,0.44566273518626937,38
3434,80,11,9,7,0.4439834453330443,4
3435,90,15,11,7,0.4409004522210786,8
3436,107,67,60,34,0.4399094716611669,33
3437,40,49,63,25,0.43519783962840436,24
3438,40,43,31,22,0.4296271974626762,21
3439,107,32,85,16,0.42684494255397554,16
3440,27,15,61,8,0.4250644477983035,7
3441,78,33,63,17,0.42116765392414307,16
3442,112,18,69,10,0.4198013383725023,8
3443,18,39,51,21,0.4173518656057371,18
3444,78,16,38,8,0.4172293933616711,8
3445,5,14,38,7,0.41683785462955975,7
3446,31,33,86,17,0.41076921803924654,16
3447,96,39,55,20,0.40999901205957556,19
3448,50,18,79,9,0.40910464935228613,9
3449,17,11,26,5,0.4065653808604262,6
3450,86,96,65,50,0.40368789145134226,46
3451,39,48,47,23,0.40299253872980456,25
3452,35,16,30,8,0.40164153194297303,8
3453,7,18,72,9,0.3988238585283883,9
3454,104,15,20,8,0.39743988488785525,7
3455,61,16,65,9,0.3950505274193439,7
3456,102,14,84,7,0.3912018744364834,7
3457,8,13,44,6,0.3904420875790021,7
3458,50,19,89,9,0.3889433495588358,10
3459,69,30,36,15,0.38598798110098687,15
3460,79,12,78,6,0.38583207842589995,6
3461,87,78,88,40,0.3833417588154577,38
3462,114,28,71,14,0.3795577437704564,14
3463,37,13,48,6,0.3793970201456422,7
3464,70,22,97,12,0.3783758219642569,10
3465,14,18,84,8,0.3778390349649412,10
3466,63,27,60,13,0.37326617266532824,14
3467,40,21,75,10,0.3686371386700514,11
3468,95,26,28,12,0.36814720179538235,14
3469,54,83,107,42,0.3655524627632432,41
3470,92,18,13,7,0.36521745881562023,11
3471,43,11,90,5,0.3643101985935386,6
3472,19,50,15,25,0.3633161844303153,25
3473,28,14,44,8,0.3571298728778931,6
3474,13,93,49,42,0.3562166703271627,51
3475,34,13,75,6,0.35287672494659683,7
3476,108,11,69,7,0.3504283321129652,4
3477,63,11,82,5,0.34593533956848593,6
3478,13,58,53,27,0.34576714497433353,31
3479,53,41,51,21,0.34398118429468505,20
3480,94,16,33,8,0.34380946136701285,8
3481,111,12,18,6,0.34349474631160665,6
3482,106,14,66,6,0.34287379392296863,8
3483,48,15,19,8,0.3426076067275109,7
3484,17,12,69,6,0.3399205773020941,6
3485,84,19,91,9,0.338597737579075,10
3486,109,13,4,6,0.33809070228925237,7
3487,8,43,100,21,0.3376906572505313,22
3488,5,61,87,30,0.3370261398348081,31
3489,39,40,50,20,0.3358837847035394,20
3490,55,65,51,32,0.3317862409811213,33
3491,83,20,106,11,0.3316445649094074,9
3492,39,55,55,26,0.327344669064615,29
3493,8,57,70,28,0.32660941887077904,29
3494,87,26,2,13,0.32619162405938884,13
3495,57,17,49,8,0.3248828719413707,9
3496,80,17,71,9,0.3237123360021252,8
3497,57,26,102,13,0.3234085467610229,13
3498,18,46,28,22,0.32313224084926334,24
3499,83,25,28,14,0.31931308670237557,11
3500,50,46,13,23,0.3183740832997801,23
3501,114,22,69,10,0.3170624988990175,12
3502,27,25,108,13,0.3163478963551657,12
3503,11,16,114,9,0.31453322621159063,7
3504,107,39,90,20,0.3131139201836661,19
3505,16,41,40,20,0.3129456302783174,21
3506,60,48,53,25,0.3118269913878406,23
3507,96,51,87,26,0.31095451157976556,25
3508,64,12,28,6,0.3078927557568371,6
3509,23,19,111,11,0.30722018824926817,8
3510,85,34,86,16,0.30043079848706666,18
3511,88,16,85,8,0.29964355304249035,8
3512,87,45,104,24,0.2989430528005182,21
3513,46,28,76,14,0.2977453961949545,14
3514,98,16,19,7,0.29311592538168885,9
3515,54,26,18,13,0.2929951334431298,13
3516,47,13,91,6,0.2919938008476733,7
3517,27,17,25,9,0.2912949474117434,8
3518,90,10,98,5,0.2818861887378333,5
3519,67,12,25,6,0.2816428039469052,6
3520,109,77,86,39,0.28147528023716856,38
3521,96,12,67,7,0.2799650125910983,5
3522,7,20,70,8,0.27895885562123496,12
3523,53,18,5,8,0.2778213329671466,10
3524,97,14,49,8,0.276775832531503,6
3525,86,26,94,13,0.26809799594018935,13
3526,36,11,38,4,0.2667921507986764,7
3527,22,16,109,8,0.26617483465115477,8
3528,17,15,91,7,0.26423233992702466,8
3529,43,22,114,12,0.26405625020379975,10
3530,37,22,76,12,0.2606095394442805,10
3531,39,19,4,9,0.2603628586605467,10
3532,104,22,17,11,0.2597220823510658,11
3533,16,20,85,11,0.25737423659678205,9
3534,4,32,68,16,0.2573095525279982,16
3535,86,75,3,38,0.25622198133773755,37
3536,4,16,30,8,0.2549680926160687,8
3537,40,25,47,14,0.24655985846699083,11
3538,39,11,93,6,0.24650819188031292,5
3539,69,43,51,22,0.24445202829272475,21
3540,65,10,110,6,0.23968670854518379,4
3541,51,16,61,6,0.23498173360609398,10
3542,88,25,93,14,0.2346836303137904,11
3543,93,13,51,7,0.23291171077771639,6
3544,65,10,101,5,0.22906131925900258,5
3545,79,31,48,16,0.22311337916674606,15
3546,82,15,28,8,0.2205286984952181,7
3547,77,13,57,6,0.22002839346063752,7
3548,37,38,88,19,0.21837047991817124,19
3549,17,21,84,10,0.21599839278237065,11
3550,53,21,44,9,0.21221133134211373,12
3551,2,37,86,17,0.21062883056177345,20
3552,6,11,100,6,0.20965402679156367,5
3553,43,21,50,9,0.20889556585366265,12
3554,106,20,48,10,0.20449983406695527,10
3555,109,21,48,11,0.19855252892549052,10
3556,112,18,72,9,0.19365171750841212,9
3557,16,49,34,26,0.19308550000796068,23
3558,104,17,23,10,0.18692044107224143,7
3559,44,15,65,6,0.18351226600641293,9
3560,51,40,20,18,0.18130039081952756,22
3561,50,25,114,12,0.18060110833647136,13
3562,78,33,11,15,0.17686665327079393,18
3563,57,42,39,22,0.17644374339142066,20
3564,43,23,106,11,0.17255495280345076,12
3565,20,48,8,24,0.17245365752257427,24
3566,15,20,62,10,0.1715539886765498,10
3567,106,28,100,13,0.1677556244233467,15
3568,75,57,65,29,0.16394853878537058,28
3569,17,29,68,15,0.16206629975870687,14
3570,74,20,108,11,0.16204972626611253,9
3571,7,51,4,26,0.16136746029798288,25
3572,69,21,109,10,0.15767877720671006,11
3573,7,16,83,7,0.15765677447455673,9
3574,89,19,88,10,0.15725298404759064,9
3575,107,21,89,11,0.1551010266387392,10
3576,39,82,86,39,0.1549289459609469,43
3577,79,14,55,7,0.15414527044248416,7
3578,68,41,104,21,0.14920589858094652,20
3579,51,17,85,8,0.1485089203425515,9
3580,37,41,114,19,0.14487606275647452,22
3581,73,10,25,5,0.13287312364388484,5
3582,86,41,77,20,0.13260203717608737,21
3583,33,16,114,9,0.1306594611288726,7
3584,69,25,7,13,0.12779683769017072,12
3585,80,23,84,12,0.11286096846693006,11
3586,38,36,86,18,0.11234861801277478,18
3587,68,10,79,4,0.11002938828097016,6
3588,103,22,29,12,0.10854405086209162,10
3589,97,10,94,6,0.10576953599255426,4
3590,11,10,73,5,0.1054273387277771,5
3591,2,18,84,9,0.10504403066305122,9
3592,87,59,55,30,0.10393392000771386,29
3593,15,26,104,13,0.10344391765702249,13
3594,100,19,17,8,0.1033034771886362,11
3595,13,24,45,12,0.09910833731151314,12
3596,76,20,62,10,0.09904787381514986,10
3597,86,30,53,13,0.09593092236921533,17
3598,74,39,25,20,0.09563368284675952,19
3599,86,82,54,42,0.09248324960772653,40
3600,114,29,36,13,0.0921312858778607,16
3601,69,39,87,21,0.09088060537985033,18
3602,60,21,62,10,0.09015235921891117,11
3603,12,38,51,19,0.09012274607537195,19
3604,78,17,109,9,0.08773786963571444,8
3605,114,48,104,25,0.08363522002227851,23
3606,84,37,88,17,0.08333477514829642,20
3607,62,10,95,5,0.0814782186148065,5
3608,97,36,74,17,0.07931920932357457,19
3609,94,22,11,12,0.07680289964805066,10
3610,106,21,40,10,0.0680825308022658,11
3611,29,26,11,13,0.06414652404707756,13
3612,57,15,104,6,0.0631456146283403,9
3613,39,52,63,30,0.0630675230274347,22
3614,43,39,51,18,0.06074079611161601,21
3615,75,46,55,21,0.06023477871620806,25
3616,98,21,50,11,0.04841640747209045,10
3617,73,16,106,8,0.047003862193632395,8
3618,83,17,51,10,0.04607341431682118,7
3619,31,11,97,5,0.04256244744109594,6
3620,9,10,73,5,0.04170228259349536,5
3621,112,12,12,7,0.037452763165636206,5
3622,88,12,110,7,0.03270549440561658,5
3623,50,62,86,33,0.030498116430368122,29
3624,31,11,8,5,0.02937900525924807,6
3625,57,40,41,21,0.026842663093561852,19
3626,87,79,39,39,0.02256596629678138,40
3627,64,49,87,23,0.02181474168390749,26
3628,13,111,65,54,0.01458893693313318,57
3629,80,18,8,10,0.01264063172158774,8
3630,109,17,83,7,0.009729329647016893,10
3631,85,15,11,7,0.009683215318296827,8
3632,103,11,37,7,0.007502098361167048,4
3633,57,25,55,14,0.005686766813275881,11
3634,7,100,107,55,0.0045269968653226115,45
3635,107,100,7,45,-0.004526996865322238,55
3636,55,25,57,11,-0.005686766813278013,14
3637,37,11,103,4,-0.007502098361167694,7
3638,106,47,76,26,-0.009505075346388465,21
3639,11,15,85,8,-0.009683215318296353,7
3640,83,17,109,10,-0.009729329647015561,7
3641,8,18,80,8,-0.012640631721588136,10
3642,65,111,13,57,-0.014588936933132663,54
3643,87,49,64,26,-0.02181474168390756,23
3644,39,79,87,40,-0.02256596629677974,39
3645,41,40,57,19,-0.026842663093562764,21
3646,8,11,31,6,-0.02937900525924678,5
3647,86,62,50,29,-0.03049811643036875,33
3648,110,12,88,5,-0.032705494405616285,7
3649,12,12,112,5,-0.037452763165636206,7
3650,73,10,9,5,-0.04170228259349358,5
3651,97,11,31,6,-0.04256244744109594,5
3652,51,17,83,7,-0.04607341431682181,10
3653,106,16,73,8,-0.04700386219363217,8
3654,50,21,98,10,-0.048416407472091784,11
3655,55,46,75,25,-0.060234778716207416,21
3656,51,39,43,21,-0.060740796111617104,18
3657,63,52,39,22,-0.06306752302743374,30
3658,104,15,57,9,-0.06314561462833927,6
3659,11,26,29,13,-0.06414652404707812,13
3660,40,21,106,11,-0.06808253080226648,10
3661,11,22,94,10,-0.07680289964805179,12
3662,74,36,97,19,-0.07931920932357497,17
3663,11,66,107,32,-0.08031185219657075,34
3664,95,10,62,5,-0.08147821861480545,5
3665,88,37,84,20,-0.08333477514829642,17
3666,104,48,114,23,-0.08363522002227874,25
3667,109,17,78,8,-0.08773786963571381,9
3668,51,38,12,19,-0.09012274607537289,19
3669,62,21,60,11,-0.09015235921891082,10
3670,87,39,69,18,-0.09088060537984924,21
3671,36,29,114,16,-0.09213128587785951,13
3672,54,82,86,40,-0.09248324960772665,42
3673,25,39,74,19,-0.09563368284675924,20
3674,53,30,86,17,-0.09593092236921522,13
3675,62,20,76,10,-0.0990478738151502,10
3676,45,24,13,12,-0.09910833731151285,12
3677,17,19,100,11,-0.10330347718863582,8
3678,104,26,15,13,-0.1034439176570201,13
3679,55,59,87,29,-0.10393392000771247,30
3680,84,18,2,9,-0.10504403066305122,9
3681,73,10,11,5,-0.10542733872777674,5
3682,94,10,97,4,-0.10576953599255319,6
3683,29,22,103,10,-0.10854405086209194,12
3684,79,10,68,6,-0.11002938828097086,4
3685,86,36,38,18,-0.11234861801277586,18
3686,84,23,80,11,-0.11286096846693021,12
3687,7,25,69,12,-0.12779683769017072,13
3688,114,16,33,7,-0.13065946112887206,9
3689,77,41,86,21,-0.13260203717608685,20
3690,25,10,73,5,-0.13287312364388448,5
3691,114,41,37,22,-0.14487606275647522,19
3692,85,17,51,9,-0.14850892034255025,8
3693,104,41,68,20,-0.14920589858094577,21
3694,55,14,79,7,-0.1541452704424852,7
3695,86,82,39,43,-0.15492894596094742,39
3696,89,21,107,10,-0.1551010266387392,11
3697,88,19,89,9,-0.15725298404758914,10
3698,83,16,7,9,-0.15765677447455717,7
3699,109,21,69,11,-0.15767877720670972,10
3700,4,51,7,25,-0.16136746029798252,26
3701,108,20,74,9,-0.16204972626611233,11
3702,68,29,17,14,-0.16206629975870612,15
3703,65,57,75,28,-0.16394853878537097,29
3704,100,28,106,15,-0.1677556244233485,13
3705,62,20,15,10,-0.17155398867655056,10
3706,8,48,20,24,-0.17245365752257383,24
3707,106,23,43,12,-0.17255495280344985,11
3708,39,42,57,20,-0.17644374339142135,22
3709,11,33,78,18,-0.17686665327079298,15
3710,114,25,50,13,-0.18060110833647136,12
3711,20,40,51,22,-0.18130039081952506,18
3712,65,15,44,9,-0.18351226600641318,6
3713,23,17,104,7,-0.186920441072241,10
3714,34,49,16,23,-0.19308550000795907,26
3715,72,18,112,9,-0.1936517175084127,9
3716,48,21,109,10,-0.19855252892548947,11
3717,50,21,43,12,-0.20889556585365976,9
3718,100,11,6,5,-0.20965402679156336,6
3719,86,37,2,20,-0.21062883056177364,17
3720,44,21,53,12,-0.2122113313421144,9
3721,84,21,17,11,-0.21599839278237148,10
3722,88,38,37,19,-0.21837047991817116,19
3723,57,13,77,7,-0.2200283934606397,6
3724,28,15,82,7,-0.2205286984952181,8
3725,48,31,79,15,-0.22311337916674676,16
3726,101,10,65,5,-0.22906131925900355,5
3727,51,13,93,6,-0.2329117107777153,7
3728,93,25,88,11,-0.23468363031378975,14
3729,61,16,51,10,-0.23498173360609353,6
3730,110,10,65,4,-0.2396867085451845,6
3731,51,43,69,21,-0.24445202829272533,22
3732,93,11,39,5,-0.24650819188031328,6
3733,47,25,40,11,-0.2465598584669911,14
3734,30,16,4,8,-0.25496809261606845,8
3735,3,75,86,37,-0.25622198133773744,38
3736,68,32,4,16,-0.25730955252800053,16
3737,85,20,16,9,-0.25737423659678205,11
3738,17,22,104,11,-0.2597220823510663,11
3739,4,19,39,10,-0.26036285866054654,9
3740,76,22,37,10,-0.2606095394442805,12
3741,114,22,43,10,-0.2640562502037996,12
3742,91,15,17,8,-0.2642323399270249,7
3743,109,16,22,8,-0.2661748346511539,8
3744,38,11,36,7,-0.26679215079867674,4
3745,94,26,86,13,-0.26809799594019,13
3746,49,14,97,6,-0.27677583253150245,8
3747,5,18,53,10,-0.27782133296714684,8
3748,70,20,7,12,-0.2789588556212364,8
3749,67,12,96,5,-0.2799650125910977,7
3750,86,77,109,38,-0.28147528023716845,39
3751,25,12,67,6,-0.2816428039469052,6
3752,98,10,90,5,-0.2818861887378329,5
3753,11,43,76,22,-0.28742435081533274,21
3754,25,17,27,8,-0.29129494741174317,9
3755,91,13,47,7,-0.2919938008476733,6
3756,18,26,54,13,-0.2929951334431304,13
3757,19,16,98,9,-0.29311592538168973,7
3758,76,28,46,14,-0.297745396194955,14
3759,104,45,87,21,-0.2989430528005174,24
3760,85,16,88,8,-0.2996435530424907,8
3761,86,34,85,18,-0.30043079848706633,16
3762,111,19,23,8,-0.3072201882492683,11
3763,28,12,64,6,-0.3078927557568362,6
3764,87,51,96,25,-0.3109545115797648,26
3765,53,48,60,23,-0.3118269913878415,25
3766,40,41,16,21,-0.3129456302783173,20
3767,114,16,11,7,-0.3145332262115904,9
3768,108,25,27,12,-0.31634789635516514,13
3769,69,22,114,12,-0.3170624988990179,10
3770,13,46,50,23,-0.31837408329978034,23
3771,28,25,83,11,-0.31931308670237585,14
3772,28,46,18,24,-0.3231322408492643,22
3773,102,26,57,13,-0.3234085467610242,13
3774,71,17,80,8,-0.32371233600212634,9
3775,49,17,57,9,-0.3248828719413732,8
3776,2,26,87,13,-0.326191624059389,13
3777,70,57,8,29,-0.32660941887077916,28
3778,55,55,39,29,-0.32734466906461546,26
3779,106,20,83,9,-0.33164456490940797,11
3780,51,65,55,33,-0.3317862409811193,32
3781,50,40,39,20,-0.3358837847035414,20
3782,87,61,5,31,-0.3370261398348085,30
3783,100,43,8,22,-0.3376906572505304,21
3784,4,13,109,7,-0.33809070228925137,6
3785,91,19,84,10,-0.33859773757907446,9
3786,69,12,17,6,-0.3399205773020955,6
3787,19,15,48,7,-0.3426076067275114,8
3788,66,14,106,8,-0.34287379392296813,6
3789,18,12,111,6,-0.3434947463116063,6
3790,33,16,94,8,-0.3438094613670113,8
3791,51,41,53,20,-0.34398118429468527,21
3792,53,58,13,31,-0.34576714497433364,27
3793,82,11,63,6,-0.3459353395684866,5
3794,69,11,108,4,-0.3504283321129657,7
3795,75,13,34,7,-0.35287672494659683,6
3796,49,93,13,51,-0.35621667032716214,42
3797,44,14,28,6,-0.35712987287789527,8
3798,15,50,19,25,-0.36331618443031627,25
3799,90,11,43,6,-0.3643101985935379,5
3800,13,18,92,11,-0.3652174588156216,7
3801,107,83,54,41,-0.36555246276324344,42
3802,28,26,95,14,-0.3681472017953835,12
3803,75,21,40,11,-0.36863713867005155,10
3804,60,27,63,14,-0.3732661726653274,13
3805,84,18,14,10,-0.37783903496494214,8
3806,16,29,102,15,-0.37795834144692964,14
3807,97,22,70,10,-0.37837582196425723,12
3808,48,13,37,7,-0.3793970201456411,6
3809,71,28,114,14,-0.3795577437704577,14
3810,88,78,87,38,-0.38334175881545873,40
3811,78,12,79,6,-0.3858320784259002,6
3812,36,30,69,15,-0.38598798110098714,15
3813,89,19,50,10,-0.3889433495588358,9
3814,44,13,8,7,-0.39044208757900134,6
3815,84,14,102,7,-0.39120187443648163,7
3816,107,62,74,30,-0.39404353085897736,32
3817,65,16,61,7,-0.3950505274193441,9
3818,20,15,104,7,-0.3974398848878548,8
3819,72,18,7,9,-0.39882385852838764,9
3820,30,16,35,8,-0.401641531942974,8
3821,47,48,39,25,-0.40299253872980395,23
3822,65,96,86,46,-0.4036878914513449,50
3823,26,11,17,6,-0.4065653808604267,5
3824,79,18,50,9,-0.40910464935228674,9
3825,55,39,96,19,-0.4099990120595754,20
3826,86,33,31,16,-0.4107692180392456,17
3827,38,14,5,7,-0.41683785462955825,7
3828,38,16,78,8,-0.4172293933616711,8
3829,51,39,18,18,-0.4173518656057375,21
3830,69,18,112,8,-0.4198013383725037,10
3831,63,33,78,16,-0.42116765392414357,17
3832,61,15,27,7,-0.42506444779830493,8
3833,85,32,107,16,-0.4268449425539753,16
3834,31,43,40,21,-0.4296271974626759,22
3835,63,49,40,24,-0.4351978396284048,25
3836,60,67,107,33,-0.4399094716611665,34
3837,11,15,90,8,-0.4409004522210788,7
3838,9,11,80,4,-0.4439834453330441,7
3839,39,78,7,38,-0.44566273518626787,40
3840,46,66,88,35,-0.4461124309623362,31
3841,112,33,13,16,-0.44654566712440186,17
3842,114,47,16,25,-0.45043430151604597,22
3843,50,45,106,24,-0.45085338748671533,21
3844,15,45,65,22,-0.45349984625960515,23
3845,46,36,107,17,-0.4582463107562494,19
3846,21,11,65,5,-0.4627308200784832,6
3847,76,38,104,18,-0.46360435076362777,20
3848,15,22,103,12,-0.46537154320129465,10
3849,50,18,12,11,-0.46586470667488794,7
3850,78,10,5,4,-0.466712522808043,6
3851,22,10,7,5,-0.4683297783241262,5
3852,31,54,65,28,-0.46913887469692556,26
3853,5,42,63,24,-0.4718441296207794,18
3854,18,60,7,29,-0.47486511569031375,31
3855,39,51,25,25,-0.47594650511842646,26
3856,74,28,95,15,-0.47842550860281247,13
3857,114,72,107,36,-0.4790116249707105,36
3858,62,20,54,10,-0.48075198509246597,10
3859,48,19,7,9,-0.48075396413828564,10
3860,57,23,68,11,-0.48364984402513833,12
3861,107,80,84,41,-0.4866239329556469,39
3862,58,16,19,8,-0.4895753929310065,8
3863,97,12,62,6,-0.490051403125013,6
3864,114,13,38,7,-0.4906791341982179,6
3865,18,22,74,10,-0.4929022250899433,12
3866,12,16,52,8,-0.49652125976744266,8
3867,31,35,88,17,-0.49998079760905945,18
3868,68,51,111,25,-0.5032623987049999,26
3869,7,41,54,21,-0.507241629203192,20
3870,77,26,72,13,-0.508804908669883,13
3871,15,33,49,15,-0.510146584914853,18
3872,9,18,4,9,-0.5118055197130301,9
3873,77,20,23,10,-0.5137236048278273,10
3874,51,20,112,10,-0.5141422831615037,10
3875,66,10,112,6,-0.514674275438265,4
3876,27,14,74,6,-0.5219215520059618,8
3877,87,45,15,22,-0.5233520642211545,23
3878,77,24,4,12,-0.5234491201479363,12
3879,54,68,87,36,-0.5341050371199476,32
3880,107,22,6,11,-0.5355439544398289,11
3881,87,46,74,23,-0.5390692997145571,23
3882,1,10,106,5,-0.5396528610114331,5
3883,13,14,35,7,-0.5410242166059793,7
3884,109,47,13,23,-0.5440660296724149,24
3885,54,29,64,14,-0.545674548180516,15
3886,7,17,92,10,-0.5480230211986078,7
3887,30,20,102,11,-0.548721890008086,9
3888,54,44,74,23,-0.551062896084969,21
3889,2,10,83,5,-0.5594397265150782,5
3890,78,13,71,7,-0.5661963238744604,6
3891,71,15,69,7,-0.5724150990318982,8
3892,27,55,30,27,-0.5750553090824081,28
3893,75,32,41,15,-0.57538170131953,17
3894,9,60,88,31,-0.575673272431468,29
3895,51,33,70,16,-0.5766573461400448,17
3896,98,26,28,15,-0.5775231479620817,11
3897,51,30,47,14,-0.5820326521668323,16
3898,112,28,63,14,-0.5834223269951251,14
3899,86,90,30,48,-0.5834368974547051,42
3900,20,29,74,14,-0.5870486229107592,15
3901,36,13,76,9,-0.5885035889042627,4
3902,88,27,78,13,-0.5921971540070258,14
3903,8,22,79,12,-0.5960476384440053,10
3904,23,10,71,6,-0.6000287508458285,4
3905,12,10,111,4,-0.6003907747378694,6
3906,106,32,71,17,-0.6009609652453864,15
3907,34,15,63,8,-0.6010869874220004,7
3908,20,17,69,9,-0.6014949312373202,8
3909,70,16,91,9,-0.6063303701253768,7
3910,58,22,31,11,-0.6168553703734997,11
3911,38,12,40,7,-0.6179079194784425,5
3912,81,17,9,9,-0.6212818094890713,8
3913,87,80,30,41,-0.6215654887475703,39
3914,11,41,65,20,-0.6229974870071124,21
3915,87,34,47,18,-0.6236835390952605,16
3916,71,33,36,16,-0.6241330409639583,17
3917,84,30,109,16,-0.6283430275726473,14
3918,29,20,38,10,-0.6286324723530287,10
3919,22,11,87,7,-0.62976435410712,4
3920,12,30,18,15,-0.6298488591277334,15
3921,64,28,4,15,-0.6316212138641667,13
3922,88,26,19,12,-0.6316908145440592,14
3923,20,34,13,18,-0.6324978295967627,16
3924,16,29,33,13,-0.6325119131101443,16
3925,20,16,93,9,-0.6327174645108355,7
3926,86,31,108,17,-0.6341080201843436,14
3927,36,17,111,9,-0.6365354853619519,8
3928,51,18,6,8,-0.6381605805799541,10
3929,41,25,25,11,-0.6394054706376703,14
3930,69,15,85,8,-0.6408165415497192,7
3931,109,10,2,5,-0.6444253237530845,5
3932,88,50,75,26,-0.6490595256191716,24
3933,7,34,49,18,-0.6498930091293155,16
3934,90,16,74,7,-0.6542125153505499,9
3935,65,76,68,38,-0.6569278898882535,38
3936,42,11,72,6,-0.6594494220784332,5
3937,30,16,23,8,-0.6629370475303458,8
3938,55,24,71,11,-0.6670673084821287,13
3939,60,21,48,11,-0.6714503253808504,10
3940,60,33,81,17,-0.6720214795360956,16
3941,30,30,76,14,-0.6722190243179277,16
3942,38,10,50,6,-0.6752935140977925,4
3943,79,13,29,8,-0.6757838864896738,5
3944,64,28,100,13,-0.675822615391383,15
3945,9,15,66,8,-0.6778609704226952,7
3946,3,16,79,7,-0.6788187325928865,9
3947,8,24,29,14,-0.6801150064661755,10
3948,25,19,18,9,-0.6816652439852798,10
3949,84,29,78,14,-0.6870815538251354,15
3950,27,75,68,39,-0.6873238062883658,36
3951,48,17,88,10,-0.6890250559346737,7
3952,11,27,69,13,-0.6919460086860769,14
3953,85,19,100,10,-0.6921450091110348,9
3954,9,29,50,15,-0.6932669196756251,14
3955,3,16,45,8,-0.6997435754221075,8
3956,49,10,91,5,-0.7029955830398261,5
3957,54,20,41,10,-0.7052079558025973,10
3958,11,72,87,38,-0.7061005854454633,34
3959,27,18,106,11,-0.7074485049679631,7
3960,71,18,43,8,-0.7122285277146747,10
3961,106,72,8,35,-0.7133251026811389,37
3962,48,19,51,11,-0.7142524379704612,8
3963,40,18,61,9,-0.7154895706830842,9
3964,28,51,37,27,-0.7168710662114356,24
3965,64,22,15,12,-0.7194942356138038,10
3966,88,34,3,17,-0.7248549621567533,17
3967,4,10,57,6,-0.7276499847388429,4
3968,96,10,71,5,-0.7278695572627853,5
3969,5,41,95,20,-0.7316066534315485,21
3970,106,12,103,7,-0.7328239321562183,5
3971,65,34,19,17,-0.7329370882543196,17
3972,3,22,34,12,-0.7337282732847011,10
3973,11,57,28,30,-0.7338631283307411,27
3974,86,77,40,41,-0.7352757671814358,36
3975,15,24,25,11,-0.7394428200536325,13
3976,108,12,7,7,-0.7404080910313966,5
3977,64,22,38,11,-0.7416758999099166,11
3978,106,27,109,13,-0.7430675694349284,14
3979,74,13,36,8,-0.743717573303843,5
3980,84,24,46,13,-0.7446057703540044,11
3981,54,39,30,20,-0.7474955803229577,19
3982,81,12,78,5,-0.7511268213203618,7
3983,13,15,14,9,-0.7511854242648529,6
3984,37,68,8,34,-0.7513899671656677,34
3985,91,14,57,8,-0.7523919124216641,6
3986,86,55,95,30,-0.7570140635444291,25
3987,16,30,98,16,-0.7648701561615456,14
3988,65,27,47,14,-0.7649117411143566,13
3989,60,64,68,31,-0.7655380923161712,33
3990,15,24,23,12,-0.7675683844637368,12
3991,69,32,88,17,-0.7753807063240763,15
3992,99,22,87,12,-0.7762165713325068,10
3993,77,17,112,10,-0.7784158076958797,7
3994,15,37,30,19,-0.7813631771647584,18
3995,104,18,4,8,-0.7872554057904768,10
3996,33,14,75,8,-0.7900898585820583,6
3997,89,16,28,9,-0.790198641351668,7
3998,107,36,1,18,-0.7927414185552435,18
3999,88,22,2,11,-0.7956469041111253,11
4000,62,11,98,6,-0.7995773049352699,5
4001,20,85,86,44,-0.801688488938734,41
4002,40,26,30,13,-0.804558087178627,13
4003,40,14,56,7,-0.8062835825274137,7
4004,39,70,11,35,-0.8085511252223504,35
4005,78,30,29,16,-0.8173395463571673,14
4006,19,11,23,6,-0.8175991137149161,5
4007,20,18,57,9,-0.8178941572060072,9
4008,19,67,16,37,-0.8181189974136728,30
4009,9,55,51,29,-0.8205605104775258,26
4010,45,19,114,10,-0.8205689132017555,9
4011,41,53,39,25,-0.8210630021649834,28
4012,95,15,84,8,-0.8218033746912397,7
4013,86,82,13,44,-0.8237879966149364,38
4014,106,12,29,6,-0.8264692442725412,6
4015,46,16,2,8,-0.8285194662826783,8
4016,68,40,15,22,-0.8301294650347947,18
4017,100,24,37,13,-0.8361893314053764,11
4018,84,23,79,12,-0.8428978656974985,11
4019,65,29,77,14,-0.8469999765931033,15
4020,45,17,63,9,-0.8485113101880841,8
4021,95,15,33,8,-0.8491128905949085,7
4022,22,10,16,5,-0.8565181994909576,5
4023,43,21,68,10,-0.8594031558801357,11
4024,114,10,10,6,-0.8617397018011352,4
4025,65,111,54,57,-0.8660420311677455,54
4026,84,17,60,7,-0.8716143564890748,10
4027,51,87,68,47,-0.8717843607335438,40
4028,1,15,27,9,-0.87213831994522,6
4029,27,12,66,6,-0.8729397609022106,6
4030,48,15,41,8,-0.8735829617761531,7
4031,88,21,83,10,-0.8798897555023121,11
4032,3,13,93,8,-0.8808947328421445,5
4033,51,29,103,14,-0.8851279246560111,15
4034,15,67,16,35,-0.8866959275238552,32
4035,69,19,9,10,-0.887921017203931,9
4036,51,63,27,33,-0.8881383616064742,30
4037,3,27,55,14,-0.8893519272090935,13
4038,28,71,106,37,-0.8945808420172991,34
4039,70,24,39,13,-0.8958543413772138,11
4040,9,57,86,28,-0.8962993918202332,29
4041,28,91,107,48,-0.897076479568304,43
4042,87,73,51,38,-0.899493431785146,35
4043,55,17,78,8,-0.9002458878614126,9
4044,50,14,62,8,-0.9017457082495483,6
4045,111,12,60,5,-0.9019980300500823,7
4046,95,16,77,8,-0.9045800015217469,8
4047,50,14,6,7,-0.9048960894988056,7
4048,12,12,29,6,-0.9066091071417803,6
4049,75,35,36,16,-0.9076169876586808,19
4050,30,43,51,22,-0.909098296310316,21
4051,1,14,39,9,-0.9120351629887133,5
4052,107,66,11,35,-0.9126492849094918,31
4053,114,27,75,14,-0.9181862737012525,13
4054,7,32,95,17,-0.9236786450564201,15
4055,4,24,55,12,-0.9256101911535772,12
4056,9,30,3,15,-0.9265694640511721,15
4057,60,34,18,17,-0.934407483335539,17
4058,74,62,107,33,-0.9344905666009985,29
4059,41,22,46,12,-0.9370339102063082,10
4060,53,23,63,12,-0.9461903574639031,11
4061,12,59,65,29,-0.9541157229536751,30
4062,60,27,90,15,-0.9548038662340523,12
4063,94,10,47,5,-0.959639077311073,5
4064,106,38,104,19,-0.960476027397927,19
4065,8,34,71,17,-0.9628252268322751,17
4066,65,91,7,44,-0.9659125099226101,47
4067,94,21,41,12,-0.9669375303013764,9
4068,20,31,114,16,-0.9686487519699076,15
4069,9,12,78,6,-0.9745877106891233,6
4070,62,10,70,5,-0.9747108971050835,5
4071,5,65,107,33,-0.9748363761521173,32
4072,102,15,68,8,-0.9774478191416431,7
4073,84,19,93,11,-0.9776365381665065,8
4074,43,30,11,15,-0.978318028173988,15
4075,41,81,7,41,-0.9794700083084553,40
4076,112,19,54,10,-0.9843355592348288,9
4077,107,32,69,17,-0.9867318989974727,15
4078,27,13,20,7,-0.9871413726704095,6
4079,65,42,37,23,-0.9887363573689177,19
4080,48,13,43,6,-0.9891423928749106,7
4081,30,41,8,20,-0.9972122086773997,21
4082,16,45,103,22,-0.9989402564863503,23
4083,78,51,57,26,-1.0042695038731466,25
4084,93,11,114,5,-1.0049906589581687,6
4085,88,12,45,7,-1.0058195203591593,5
4086,18,20,91,11,-1.0069076377111847,9
4087,85,17,20,9,-1.0120202947249695,8
4088,49,31,8,15,-1.0163230526739686,16
4089,9,13,79,6,-1.0203716742776934,7
4090,90,12,64,6,-1.0226762518657317,6
4091,44,20,63,11,-1.023318477102645,9
4092,74,38,104,21,-1.0321539192468763,17
4093,88,23,12,12,-1.0330786207666873,11
4094,65,66,39,32,-1.033570822291199,34
4095,60,17,80,8,-1.0365050448794266,9
4096,33,16,104,9,-1.0375486456158098,7
4097,63,73,107,34,-1.0499479505653528,39
4098,45,18,71,8,-1.050024616634447,10
4099,108,39,16,21,-1.0503971255032092,18
4100,57,35,27,17,-1.0526760400051105,18
4101,38,17,17,9,-1.0578802372139975,8
4102,44,14,100,7,-1.0590413147864146,7
4103,60,44,3,23,-1.0597090467748498,21
4104,71,14,58,7,-1.0679524363994422,7
4105,60,56,87,27,-1.0686983420451608,29
4106,76,21,103,9,-1.0703262069804247,12
4107,37,20,67,11,-1.0707700527635227,9
4108,97,16,9,7,-1.0715415510849884,9
4109,109,61,28,33,-1.0738097371372815,28
4110,97,19,64,10,-1.0748997556853979,9
4111,74,27,75,15,-1.0761366724331527,12
4112,17,15,15,7,-1.085580069098038,8
4113,15,32,72,15,-1.0884598549075202,17
4114,3,33,69,19,-1.088885362558538,14
4115,29,26,77,14,-1.0897747657987868,12
4116,30,54,100,29,-1.090294997061434,25
4117,8,19,43,9,-1.091123158646643,10
4118,41,35,18,17,-1.0983841672845305,18
4119,106,39,70,19,-1.1024614638047314,20
4120,2,18,96,9,-1.1039761816908868,9
4121,7,41,114,22,-1.1043500168291773,19
4122,45,19,40,10,-1.1043531225931211,9
4123,107,32,4,17,-1.1053879522342505,15
4124,55,13,73,7,-1.1082443575059626,6
4125,13,33,38,15,-1.1108156926864943,18
4126,86,101,106,52,-1.11125626745342,49
4127,109,16,40,9,-1.1126467638961661,7
4128,61,14,100,7,-1.113823985180499,7
4129,7,19,29,12,-1.1170674633929336,7
4130,54,69,50,35,-1.117676052966614,34
4131,57,25,28,13,-1.1208866402447324,12
4132,19,28,69,15,-1.1227446471060296,13
4133,88,17,79,9,-1.1249704502892561,8
4134,27,30,62,17,-1.1289728580476714,13
4135,31,26,3,12,-1.130409883055891,14
4136,106,26,36,13,-1.1307287364062797,13
4137,89,11,8,6,-1.131548934159431,5
4138,18,43,107,20,-1.13716112679252,23
4139,3,68,87,36,-1.1375680174921503,32
4140,56,14,8,7,-1.138262181129433,7
4141,45,20,64,11,-1.143150033869317,9
4142,33,10,17,5,-1.1464162819529,5
4143,72,22,30,12,-1.1468117043313346,10
4144,97,42,107,22,-1.1486858251368084,20
4145,7,17,79,9,-1.1501166003666843,8
4146,50,33,17,16,-1.1518911540029013,17
4147,41,24,70,11,-1.1545373299567132,13
4148,16,32,111,16,-1.1556733242940573,16
4149,20,24,30,13,-1.1568240129361167,11
4150,18,30,77,17,-1.157226861340676,13
4151,75,13,44,6,-1.169380882277211,7
4152,87,38,103,21,-1.171065582004438,17
4153,11,51,63,29,-1.1727104947557743,22
4154,100,14,58,7,-1.174738305934055,7
4155,55,35,83,17,-1.1749448092476902,18
4156,77,12,33,6,-1.1756675735500741,6
4157,104,16,89,8,-1.1768798083300274,8
4158,72,10,91,5,-1.180341271304578,5
4159,96,31,76,17,-1.185303928819388,14
4160,9,28,49,13,-1.1870965912725648,15
4161,110,16,87,9,-1.1878037867151126,7
4162,60,15,98,8,-1.1885772534855719,7
4163,74,18,68,11,-1.1930607364890227,7
4164,16,67,25,35,-1.1932865297100739,32
4165,86,72,68,36,-1.193764827147294,36
4166,72,19,47,12,-1.1938313976595722,7
4167,76,20,20,9,-1.195513412586338,11
4168,33,15,90,8,-1.202013566860897,7
4169,5,65,28,33,-1.204023419699817,32
4170,48,33,8,17,-1.2090868114966702,16
4171,76,12,47,4,-1.209164557999826,8
4172,97,33,25,17,-1.2112097532933537,16
4173,63,16,58,7,-1.2116740819179412,9
4174,76,43,11,22,-1.213563414577552,21
4175,19,15,47,8,-1.213715357107708,7
4176,88,37,71,21,-1.2185084211552721,16
4177,103,12,63,7,-1.2193256477782357,5
4178,16,51,112,26,-1.2207004808764241,25
4179,41,17,55,9,-1.2209745250839978,8
4180,57,14,95,6,-1.221797331547275,8
4181,55,68,86,36,-1.232395784222383,32
4182,25,39,28,22,-1.2338977751460154,17
4183,41,58,16,31,-1.2340855743658825,27
4184,93,21,107,10,-1.2375139728583175,11
4185,31,25,71,13,-1.2380158081615487,12
4186,37,20,91,10,-1.2413018923540673,10
4187,74,31,11,16,-1.2464065422784565,15
4188,9,61,13,33,-1.2504419702657081,28
4189,13,42,17,21,-1.2570532505054302,21
4190,37,55,51,31,-1.258803253743601,24
4191,63,37,9,19,-1.258902370787797,18
4192,112,39,86,21,-1.2594712193458395,18
4193,49,18,114,8,-1.2604600332250737,10
4194,79,10,93,5,-1.2606355667564606,5
4195,18,20,81,10,-1.2612198373935393,10
4196,14,15,107,7,-1.2621804963006722,8
4197,107,12,92,7,-1.2625916923530782,5
4198,65,15,52,7,-1.2628262153703227,8
4199,28,29,60,13,-1.2721110011472117,16
4200,39,35,17,19,-1.2724401696667662,16
4201,1,11,71,5,-1.2732152302328026,6
4202,103,20,41,11,-1.2736208996736864,9
4203,91,10,34,5,-1.2767116469837234,5
4204,54,57,46,29,-1.2778066019254957,28
4205,107,59,96,32,-1.2779661064945875,27
4206,88,24,76,12,-1.287634772193649,12
4207,99,19,51,9,-1.289208240710447,10
4208,11,49,27,26,-1.2899978217555812,23
4209,60,23,108,12,-1.2942846538516084,11
4210,62,31,39,17,-1.2943420529811256,14
4211,4,39,88,20,-1.2949212207610556,19
4212,8,22,7,12,-1.2952715014492375,10
4213,34,29,109,15,-1.295536012199795,14
4214,68,47,41,24,-1.2976062488793096,23
4215,86,65,57,33,-1.2994398885251215,32
4216,13,44,5,23,-1.3023509853743045,21
4217,7,79,60,41,-1.3042648438735662,38
4218,15,59,39,29,-1.3073376010360627,30
4219,114,28,41,14,-1.3073381080435666,14
4220,55,94,8,46,-1.3083160570042145,48
4221,51,14,32,7,-1.3093866254236384,7
4222,58,28,9,15,-1.3102681358218982,13
4223,9,52,68,27,-1.3104638696206719,25
4224,65,32,112,16,-1.312297716343949,16
4225,40,11,94,6,-1.3131730085845275,5
4226,23,21,54,11,-1.3133138976413512,10
4227,88,57,55,32,-1.3163784693707288,25
4228,63,111,65,58,-1.3193232513653719,53
4229,80,18,74,9,-1.3199661328668553,9
4230,54,36,84,19,-1.3202943615638323,17
4231,48,21,30,12,-1.323995388604317,9
4232,39,56,8,27,-1.3280814413768331,29
4233,57,74,16,40,-1.3317936510642732,34
4234,78,29,30,15,-1.337073491942564,14
4235,23,10,6,5,-1.3385415186806273,5
4236,104,44,8,23,-1.3410693202324977,21
4237,41,18,15,9,-1.3413989104987394,9
4238,107,93,65,48,-1.3477169574880534,45
4239,40,17,108,8,-1.3479697301696891,9
4240,88,37,97,19,-1.3490743629309023,18
4241,16,16,52,8,-1.3495050986336439,8
4242,81,14,30,7,-1.3508923221630396,7
4243,109,25,49,13,-1.3528006901987695,12
4244,18,38,86,21,-1.354059293903715,17
4245,70,33,104,17,-1.3582302540990816,16
4246,40,35,41,17,-1.3586266453597045,18
4247,30,26,25,12,-1.3633847180345748,14
4248,76,47,106,22,-1.3637390504385927,25
4249,106,36,20,19,-1.371361503792123,17
4250,55,11,52,6,-1.3787566985994324,5
4251,41,30,106,15,-1.3806292559177735,15
4252,3,18,102,10,-1.3811952404449805,8
4253,29,11,36,5,-1.3837445576600507,6
4254,80,12,95,6,-1.3888115326852122,6
4255,43,28,78,15,-1.3913461608834166,13
4256,41,44,63,23,-1.393059609593735,21
4257,98,12,74,6,-1.3941368131260956,6
4258,51,69,3,34,-1.3954813590927428,35
4259,26,13,87,7,-1.3975266884763964,6
4260,37,19,43,9,-1.3987886069982232,10
4261,95,17,70,8,-1.4011695857654893,9
4262,9,25,46,12,-1.4052752923291463,13
4263,87,41,62,21,-1.4054421613224388,20
4264,71,20,12,10,-1.4059148964814134,10
4265,34,32,13,16,-1.4073902567508705,16
4266,62,29,100,14,-1.409595492278533,15
4267,106,23,30,12,-1.4150001393849163,11
4268,53,11,1,6,-1.4196819324858234,5
4269,45,35,36,16,-1.423273124508117,19
4270,39,53,100,27,-1.4236708916244587,26
4271,39,21,34,11,-1.4278801146393896,10
4272,16,58,78,30,-1.429792544663202,28
4273,60,21,89,10,-1.4364501610048455,11
4274,25,28,50,14,-1.4391705454909005,14
4275,97,21,20,10,-1.439527960881876,11
4276,112,22,19,11,-1.441964796035352,11
4277,69,33,65,17,-1.4425642416495132,16
4278,27,14,99,8,-1.4451774655149787,6
4279,81,20,27,10,-1.4466821985929976,10
4280,39,44,75,21,-1.4473715172929773,23
4281,63,55,106,28,-1.448556681809941,27
4282,65,28,62,14,-1.4496341901836953,14
4283,80,33,65,17,-1.4513664238423445,16
4284,86,56,15,30,-1.4519819824759257,26
4285,90,14,91,7,-1.4536395590442823,7
4286,11,29,34,16,-1.4582216435249546,13
4287,83,23,25,13,-1.459720188055503,10
4288,47,21,31,11,-1.460613098071267,10
4289,13,76,41,39,-1.4618315357104585,37
4290,51,64,40,33,-1.462465890119408,31
4291,13,41,57,20,-1.4658004407474883,21
4292,3,24,71,13,-1.466820978005952,11
4293,69,13,6,6,-1.467256279566122,7
4294,7,24,35,12,-1.4676220715119488,12
4295,11,50,106,29,-1.475178627799442,21
4296,79,17,103,9,-1.476299618195366,8
4297,84,10,68,6,-1.4788993773509216,4
4298,17,38,37,22,-1.4799245104721017,16
4299,71,74,60,39,-1.4843115108657063,35
4300,95,10,27,6,-1.484742219213803,4
4301,109,15,47,8,-1.4902136420221872,7
4302,74,23,2,13,-1.4920197761473217,10
4303,112,26,87,13,-1.4920866605193068,13
4304,11,16,112,8,-1.4950492246382474,8
4305,25,47,107,24,-1.4967278623744342,23
4306,5,52,46,28,-1.4974094901037531,24
4307,102,15,19,9,-1.4975662366291813,6
4308,89,10,54,6,-1.5037658090302162,4
4309,50,25,27,15,-1.504088460568275,10
4310,57,28,30,16,-1.5045768910863215,12
4311,57,21,60,11,-1.5054649360999517,10
4312,63,53,68,28,-1.50575560658607,25
4313,27,30,64,16,-1.506656484827703,14
4314,55,12,46,7,-1.5148590180899666,5
4315,102,15,39,8,-1.5161474318556918,7
4316,15,24,63,13,-1.5176137303326567,11
4317,70,53,16,29,-1.5177519456578035,24
4318,70,45,107,22,-1.5183987584852079,23
4319,107,48,78,26,-1.521767419925412,22
4320,87,53,63,29,-1.5228874848655918,24
4321,72,13,20,7,-1.5230317223183365,6
4322,37,14,35,7,-1.5231317423105963,7
4323,86,49,23,26,-1.525800627782492,23
4324,27,66,13,34,-1.5277775268373563,32
4325,84,20,114,11,-1.5282826629009745,9
4326,58,24,60,12,-1.5296571105675618,12
4327,53,13,29,8,-1.5317670028644699,5
4328,79,13,98,7,-1.5335435073226167,6
4329,87,20,33,11,-1.535173789847351,9
4330,86,10,22,5,-1.5381482899799122,5
4331,81,19,68,10,-1.5385400494517059,9
4332,9,32,60,18,-1.5417639078296765,14
4333,52,23,87,11,-1.5429958243645543,12
4334,65,53,60,25,-1.545434482222783,28
4335,86,126,107,66,-1.5463436947065834,60
4336,27,30,63,17,-1.548293986984764,13
4337,62,13,72,7,-1.549607426644448,6
4338,11,20,80,10,-1.5532652275466878,10
4339,69,25,100,13,-1.5539300788324981,12
4340,78,28,65,16,-1.5618772572286002,12
4341,19,61,30,33,-1.5625167280187042,28
4342,8,88,86,43,-1.5679670065587519,45
4343,13,61,4,33,-1.5687606312733104,28
4344,88,34,96,17,-1.5755489762598094,17
4345,95,20,76,10,-1.5773440780858252,10
4346,90,22,55,10,-1.5786569524988743,12
4347,81,24,53,13,-1.581405189491278,11
4348,97,34,2,18,-1.581483466739766,16
4349,13,77,39,41,-1.5839174058100352,36
4350,25,15,2,7,-1.5845186001024003,8
4351,98,24,51,13,-1.5914965104039467,11
4352,75,11,14,6,-1.594721022285634,5
4353,38,12,91,6,-1.5959128745414664,6
4354,18,17,76,9,-1.6011095201796195,8
4355,69,29,30,15,-1.6139022710932387,14
4356,80,14,17,8,-1.614004150921247,6
4357,87,17,44,9,-1.623927941164795,8
4358,88,46,106,26,-1.6248459493396543,20
4359,30,22,7,10,-1.627064761951183,12
4360,84,12,64,5,-1.627208224984681,7
4361,86,28,35,16,-1.6302927109086052,12
4362,68,18,6,8,-1.6346986227731621,10
4363,18,26,104,15,-1.6361581237581888,11
4364,107,89,51,51,-1.6363290198446874,38
4365,8,22,12,12,-1.6380907548377523,10
4366,58,14,77,7,-1.639533265601674,7
4367,68,41,30,21,-1.6397998764136303,20
4368,68,23,36,12,-1.6511686348202723,11
4369,1,30,41,17,-1.6558361653082898,13
4370,47,24,63,14,-1.6623324282821748,10
4371,74,47,37,24,-1.6628163329711194,23
4372,34,13,114,6,-1.6642874528280043,7
4373,33,19,54,11,-1.6683853925492602,8
4374,112,17,17,9,-1.6709980493790215,8
4375,31,28,45,15,-1.671087040669103,13
4376,84,45,87,25,-1.6712785926609635,20
4377,104,14,48,8,-1.6735118830252353,6
4378,7,45,63,27,-1.6735738766299257,18
4379,50,14,23,9,-1.6739476096476191,5
4380,90,41,16,21,-1.6799312140304263,20
4381,50,31,65,16,-1.6801621867417365,15
4382,88,83,8,43,-1.6811669912632214,40
4383,27,28,76,16,-1.6830295275036276,12
4384,106,40,55,22,-1.6835382667235006,18
4385,109,17,23,9,-1.6845705647628202,8
4386,28,20,73,10,-1.687006788072292,10
4387,27,58,39,32,-1.6874941663309941,26
4388,16,87,11,50,-1.691997962877813,37
4389,95,17,63,9,-1.6923751834394962,8
4390,23,15,36,6,-1.697287527418564,9
4391,102,16,20,8,-1.698939123981487,8
4392,86,22,89,10,-1.7008452244905106,12
4393,57,15,85,8,-1.7034495534090837,7
4394,28,62,88,33,-1.710290859725632,29
4395,54,51,5,28,-1.712751834502299,23
4396,83,24,104,14,-1.7171480590838877,10
4397,11,19,77,10,-1.7198753848877157,9
4398,77,25,88,14,-1.7210000447837082,11
4399,11,37,30,20,-1.7251722887205982,17
4400,28,10,77,5,-1.7274479044716256,5
4401,43,38,27,20,-1.7274963713159421,18
4402,77,20,109,10,-1.7279763913588855,10
4403,1,24,60,13,-1.730552170717303,11
4404,68,13,32,8,-1.7311662598089272,5
4405,96,38,106,21,-1.7318320126651956,17
4406,13,130,16,71,-1.7334448954282495,59
4407,44,27,16,15,-1.7334648777380282,12
4408,9,16,111,9,-1.7347101097492725,7
4409,112,23,9,13,-1.7370284161007248,10
4410,66,14,51,7,-1.7380363030144785,7
4411,88,37,36,21,-1.7392851936744365,16
4412,76,33,8,18,-1.7404518951430852,15
4413,6,11,18,6,-1.741458460094483,5
4414,36,33,60,17,-1.7416473627060736,16
4415,107,23,79,13,-1.7474071801332414,10
4416,43,21,104,12,-1.7506051091420238,9
4417,18,37,88,19,-1.753919363939246,18
4418,5,98,37,51,-1.758075221984611,47
4419,88,47,64,26,-1.7611807290570662,21
4420,30,19,9,11,-1.7725720850396791,8
4421,69,21,50,10,-1.7758250016074677,11
4422,90,25,37,13,-1.7816453937181718,12
4423,13,18,89,9,-1.786869504777189,9
4424,46,27,97,14,-1.7888516310767928,13
4425,48,19,20,11,-1.788885742697511,8
4426,39,35,114,17,-1.7909993968165168,18
4427,15,11,66,6,-1.795076326934553,5
4428,9,18,29,9,-1.8021042570677102,9
4429,31,34,51,20,-1.8036645224364254,14
4430,86,57,70,31,-1.8046372203949796,26
4431,25,22,36,11,-1.807144013826857,11
4432,3,50,68,25,-1.8099160591942003,25
4433,111,18,40,9,-1.8104998545748772,9
4434,15,51,13,26,-1.8107333064391236,25
4435,29,18,55,9,-1.8130539080836594,9
4436,99,13,102,7,-1.8212893413036917,6
4437,79,37,86,20,-1.8233812794868027,17
4438,75,44,13,24,-1.82625422828726,20
4439,114,13,44,7,-1.8263733365516681,6
4440,13,29,74,15,-1.8278354237299026,14
4441,88,34,43,19,-1.8316916077113303,15
4442,20,22,95,11,-1.8350043196326247,11
4443,96,38,84,19,-1.8356486827006808,19
4444,88,30,92,16,-1.8365360092779854,14
4445,20,34,11,19,-1.8399043392082135,15
4446,85,18,12,9,-1.8411131730635322,9
4447,73,13,50,8,-1.8439270323254189,5
4448,72,18,43,9,-1.8485755809265223,9
4449,97,22,53,12,-1.8492466822191038,10
4450,97,21,93,11,-1.8583722279909514,10
4451,16,58,74,30,-1.862920533768661,28
4452,33,13,60,8,-1.8644268792007352,5
4453,47,13,53,7,-1.867452050486345,6
4454,92,15,104,7,-1.8690561053420156,8
4455,51,36,50,18,-1.875743168136872,18
4456,95,13,100,6,-1.8766563875169042,7
4457,61,12,39,7,-1.8832019184186646,5
4458,8,41,2,21,-1.884865447616968,20
4459,13,108,68,57,-1.8849483625328207,51
4460,30,16,96,9,-1.885074878690478,7
4461,64,23,25,12,-1.885723885284777,11
4462,18,14,27,7,-1.887864132064807,7
4463,86,44,71,22,-1.8883807510456327,22
4464,98,12,85,7,-1.8929637615829242,5
4465,100,12,52,7,-1.8946165490949367,5
4466,99,27,55,15,-1.895072402151854,12
4467,76,35,50,16,-1.9009793811042346,19
4468,11,31,72,16,-1.9015944139862486,15
4469,43,19,12,11,-1.9058294823250939,8
4470,87,35,46,20,-1.9081637543359307,15
4471,109,20,37,11,-1.9083987500708364,9
4472,1,38,68,20,-1.9099752765436626,18
4473,19,52,100,28,-1.910255049228717,24
4474,74,65,8,36,-1.912865606563874,29
4475,49,72,16,39,-1.9140393573450776,33
4476,17,11,110,6,-1.9155371371930692,5
4477,106,32,97,16,-1.9159665785715099,16
4478,76,11,99,5,-1.9173589523208294,6
4479,18,21,114,11,-1.9235772497574435,10
4480,54,28,17,14,-1.9259736473512512,14
4481,12,39,39,21,-1.9265983394820774,18
4482,40,19,70,11,-1.9276789997691235,8
4483,84,30,65,16,-1.9288646732683914,14
4484,76,26,41,12,-1.9323052199492383,14
4485,97,14,23,7,-1.933052873443659,7
4486,98,10,32,5,-1.938005226383161,5
4487,7,49,71,24,-1.9387153694352721,25
4488,104,13,110,8,-1.938847445081051,5
4489,31,14,23,8,-1.9392936999416412,6
4490,12,43,86,23,-1.9416596289391819,20
4491,55,20,25,11,-1.9429576796619983,9
4492,61,22,13,13,-1.9474617025071013,9
4493,64,34,36,17,-1.9485056781764574,17
4494,86,30,19,15,-1.9572349198961299,15
4495,35,11,50,6,-1.9581460146246799,5
4496,78,21,41,12,-1.9597162558523098,9
4497,33,14,39,7,-1.9600955952261323,7
4498,97,11,80,6,-1.9631828964682283,5
4499,112,24,41,13,-1.9642201479007202,11
4500,91,33,28,18,-1.9649527402335243,15
4501,77,37,68,21,-1.966928748644692,16
4502,16,88,60,46,-1.9670183534099743,42
4503,3,22,23,12,-1.9704853033748797,10
4504,35,10,54,6,-1.970607603878344,4
4505,84,31,55,16,-1.972558144291078,15
4506,70,32,88,17,-1.97629343595963,15
4507,53,28,95,17,-1.9769373995573174,11
4508,103,11,23,6,-1.9773995409345126,5
4509,72,34,86,18,-1.977843925311904,16
4510,38,30,68,17,-1.98112771845421,13
4511,79,12,100,7,-1.9822381822120907,5
4512,4,19,53,10,-1.9876947928926731,9
4513,67,18,34,8,-1.9956714706950724,10
4514,74,26,114,13,-1.9975972531686852,13
4515,50,39,8,22,-1.9997739229036215,17
4516,19,47,43,25,-2.0058094200599297,22
4517,97,22,83,10,-2.0076368732075736,12
4518,102,29,16,15,-2.01250365528989,14
4519,70,29,68,15,-2.0151181581046322,14
4520,54,37,80,18,-2.018157304123278,19
4521,60,11,93,7,-2.0186296316322276,4
4522,57,31,19,16,-2.0192058747337907,15
4523,10,10,111,6,-2.019460672769103,4
4524,90,37,8,21,-2.019464782071777,16
4525,60,18,72,10,-2.0200765666659533,8
4526,17,27,114,16,-2.0211590753648663,11
4527,38,18,51,10,-2.0249354756330757,8
4528,51,52,28,26,-2.0250173037261257,26
4529,13,11,32,6,-2.0261815070275415,5
4530,75,36,87,19,-2.026466463774077,17
4531,19,49,49,26,-2.030710371605426,23
4532,114,14,91,7,-2.031242634143404,7
4533,68,28,47,15,-2.031806001260119,13
4534,8,40,60,20,-2.033286998314092,20
4535,93,18,11,8,-2.03919027808283,10
4536,7,14,12,7,-2.0405365521973633,7
4537,29,25,94,13,-2.054430963734077,12
4538,65,25,48,12,-2.0579371291305484,13
4539,108,10,20,5,-2.0580290800777243,5
4540,57,19,9,10,-2.058380213538902,9
4541,12,36,16,19,-2.0616700141062254,17
4542,72,35,13,17,-2.065930416185402,18
4543,34,30,84,16,-2.067010635537675,14
4544,50,12,94,7,-2.0673259151868515,5
4545,68,33,19,18,-2.071954287534332,15
4546,23,20,27,10,-2.072262837137015,10
4547,68,76,16,42,-2.07245965020275,34
4548,19,43,54,25,-2.0750475945700195,18
4549,83,19,60,10,-2.080593849514112,9
4550,109,48,87,27,-2.0847506246523135,21
4551,51,14,44,9,-2.084874228955974,5
4552,72,14,66,8,-2.0852128177023075,6
4553,68,43,64,25,-2.086424402801581,18
4554,11,18,40,9,-2.0894421004610075,9
4555,8,22,97,11,-2.094799206270942,11
4556,57,17,64,10,-2.0964467583954454,7
4557,55,30,76,17,-2.101047736110318,13
4558,23,19,112,11,-2.1018527652621146,8
4559,46,18,64,10,-2.1047354778304097,8
4560,94,28,68,15,-2.106511062546954,13
4561,25,11,69,6,-2.1120597510852503,5
4562,107,96,8,48,-2.1129071256050134,48
4563,109,30,60,16,-2.114251220837337,14
4564,70,11,53,6,-2.117480208536361,5
4565,9,62,7,31,-2.12190310948229,31
4566,114,32,102,18,-2.1240842876015145,14
4567,88,61,41,34,-2.127673535455668,27
4568,43,10,98,6,-2.130277896443765,4
4569,41,37,60,18,-2.130524858613588,19
4570,8,77,54,44,-2.1325516335637458,33
4571,61,12,2,7,-2.1331085158076037,5
4572,102,26,8,13,-2.1358165667375646,13
4573,31,13,66,7,-2.1367157981218847,6
4574,39,39,71,21,-2.1402119009407663,18
4575,69,11,55,6,-2.141856565606561,5
4576,8,21,10,12,-2.1473150021467613,9
4577,3,29,62,16,-2.1563027850016536,13
4578,43,54,16,30,-2.1573041788047225,24
4579,53,13,23,7,-2.1639220781507684,6
4580,87,13,42,7,-2.173897877700351,6
4581,72,24,107,13,-2.1759526441965735,11
4582,11,64,8,34,-2.1781854274768366,30
4583,107,44,29,27,-2.188814848124029,17
4584,106,35,68,19,-2.1936858069827916,16
4585,75,32,60,17,-2.194819750320694,15
4586,40,75,7,42,-2.1957521283064794,33
4587,56,12,91,6,-2.1992686471747738,6
4588,27,27,75,15,-2.203651126537083,12
4589,11,20,33,9,-2.2044275894414644,11
4590,96,50,5,28,-2.21142719225076,22
4591,77,16,64,10,-2.2144080252637885,6
4592,84,23,75,12,-2.2186834285684554,11
4593,99,13,98,6,-2.221258167793369,7
4594,25,16,90,9,-2.2261576936837106,7
4595,71,29,62,15,-2.2274966883750613,14
4596,65,18,46,11,-2.2329984780581085,7
4597,114,26,4,13,-2.2345648368573663,13
4598,65,11,108,5,-2.235257356991268,6
4599,103,13,77,7,-2.236670005317329,6
4600,27,10,70,5,-2.2432632584575636,5
4601,19,17,8,9,-2.2502111874564155,8
4602,113,16,86,9,-2.251799072045514,7
4603,83,11,63,7,-2.2518527555220995,4
4604,74,29,20,16,-2.2532656544174667,13
4605,25,30,95,16,-2.253973143655665,14
4606,41,13,74,6,-2.2545650248033335,7
4607,17,16,98,8,-2.257246092539532,8
4608,12,31,49,13,-2.2670465912319986,18
4609,7,12,85,7,-2.267272935114745,5
4610,96,66,28,35,-2.2674069446039304,31
4611,31,10,61,5,-2.2696136748473643,5
4612,68,108,7,58,-2.2702884441480418,50
4613,11,46,13,25,-2.2748850063723407,21
4614,74,14,40,8,-2.2751378053719047,6
4615,30,24,20,12,-2.2752224055021553,12
4616,11,47,50,25,-2.276023953743783,22
4617,92,14,65,7,-2.2769844774151675,7
4618,12,15,64,8,-2.2776734667032157,7
4619,69,12,77,6,-2.279799370845894,6
4620,81,10,38,5,-2.281962126644993,5
4621,88,26,81,14,-2.2857834835265307,12
4622,16,16,73,8,-2.2869477637304083,8
4623,28,76,8,41,-2.287592590077328,35
4624,4,13,106,6,-2.2878834680443574,7
4625,5,24,100,13,-2.293242743404464,11
4626,50,42,63,23,-2.295098382996511,19
4627,7,20,80,11,-2.2986689861273364,9
4628,95,26,60,14,-2.300035058084819,12
4629,98,11,38,6,-2.303289795541878,5
4630,70,13,35,6,-2.304704787607643,7
4631,86,62,114,32,-2.30813156656599,30
4632,69,13,76,8,-2.308555624427584,5
4633,70,28,63,15,-2.309911464577443,13
4634,63,31,71,17,-2.3112629873314674,14
4635,96,58,8,31,-2.313991189820115,27
4636,91,32,88,17,-2.315767764685104,15
4637,87,18,111,10,-2.3163891448333644,8
4638,61,23,3,15,-2.318754532374438,8
4639,102,21,104,10,-2.3206272974702777,11
4640,50,35,84,18,-2.3257021134383264,17
4641,45,24,16,14,-2.3276683277091768,10
4642,5,51,109,26,-2.3285813949081633,25
4643,53,28,25,14,-2.330151085469087,14
4644,86,37,80,20,-2.3309612757843783,17
4645,87,38,12,21,-2.3328038559243405,17
4646,3,20,58,12,-2.334774076867246,8
4647,65,97,87,52,-2.3370165005922705,45
4648,88,59,27,30,-2.3376395265847867,29
4649,52,16,30,9,-2.3410140593607354,7
4650,45,10,78,5,-2.343791897433706,5
4651,19,27,76,15,-2.345198110632383,12
4652,16,74,104,40,-2.347076353273721,34
4653,46,63,11,34,-2.3482517586733156,29
4654,77,74,60,39,-2.3488938761298788,35
4655,43,19,34,10,-2.349229263320993,9
4656,96,10,79,5,-2.3519921114573528,5
4657,87,34,90,17,-2.3522944235108754,17
4658,31,36,4,21,-2.353535596679466,15
4659,33,12,99,7,-2.354570382478151,5
4660,17,27,8,14,-2.3545788982602027,13
4661,109,14,96,8,-2.3566759619593642,6
4662,64,44,53,24,-2.357816373417817,20
4663,13,28,91,14,-2.3583001351127675,14
4664,97,14,100,8,-2.358325970901079,6
4665,76,34,70,18,-2.358420872168422,16
4666,5,23,99,12,-2.361621902264283,11
4667,50,24,40,14,-2.3671440474550494,10
4668,63,32,25,16,-2.3688265373602633,16
4669,107,38,108,20,-2.368945883305639,18
4670,55,31,53,17,-2.372089532662414,14
4671,84,19,90,10,-2.374748457023267,9
4672,104,44,39,24,-2.3751154073426806,20
4673,107,40,71,23,-2.3760609676092463,17
4674,112,14,8,8,-2.379829723910838,6
4675,56,13,75,8,-2.3840139649043497,5
4676,13,66,104,36,-2.385478489037241,30
4677,104,25,96,14,-2.3866419839158373,11
4678,71,21,4,13,-2.387175011736595,8
4679,62,25,49,15,-2.3875640075101785,10
4680,48,13,23,7,-2.389445224732223,6
4681,65,50,53,26,-2.3970028220576673,24
4682,109,21,97,11,-2.3981411019215164,10
4683,28,38,46,22,-2.399017879816561,16
4684,94,27,100,17,-2.4002432216595997,10
4685,33,14,74,7,-2.401214003272286,7
4686,80,26,20,14,-2.403335157163852,12
4687,33,21,86,12,-2.404613887093818,9
4688,104,57,88,32,-2.406185933878752,25
4689,50,23,34,12,-2.4065274329929416,11
4690,7,32,15,15,-2.41306663658859,17
4691,81,24,107,13,-2.414159413465892,11
4692,94,19,28,11,-2.4149604753175535,8
4693,51,111,13,56,-2.415078266410302,55
4694,99,11,109,6,-2.419517402501051,5
4695,37,17,93,10,-2.422747703399567,7
4696,90,39,107,20,-2.4251424853764503,19
4697,96,17,3,9,-2.4320783711975644,8
4698,51,19,14,12,-2.433844123091522,7
4699,51,34,23,18,-2.4371373464837025,16
4700,102,24,109,13,-2.437458896467386,11
4701,7,56,23,30,-2.44119174027295,26
4702,47,15,64,9,-2.441201731533323,6
4703,50,10,32,4,-2.4440541907162885,6
4704,61,15,63,9,-2.445410080263457,6
4705,50,16,58,8,-2.4508398898046004,8
4706,84,10,40,5,-2.454221067396937,5
4707,86,17,110,9,-2.4597124602837575,8
4708,25,32,102,17,-2.460889696925049,15
4709,1,17,17,9,-2.462761073509874,8
4710,69,17,74,8,-2.466497282082459,9
4711,106,52,65,28,-2.4741835823316767,24
4712,28,58,87,30,-2.4778229626436263,28
4713,107,48,34,27,-2.4804825918345452,21
4714,79,25,28,13,-2.4854050300354316,12
4715,9,27,71,15,-2.485839871550414,12
4716,89,14,65,7,-2.4928422177944514,7
4717,111,38,65,22,-2.4964278491140734,16
4718,67,13,84,6,-2.500709874534178,7
4719,17,42,65,25,-2.5046287773470137,17
4720,92,15,87,8,-2.5078466479835875,7
4721,103,23,72,12,-2.5080159380202245,11
4722,107,54,50,28,-2.5099686972292012,26
4723,49,63,88,35,-2.5106158226248643,28
4724,27,35,29,20,-2.5139766493292606,15
4725,36,15,12,8,-2.516319942513754,7
4726,29,18,97,10,-2.5164381029242997,8
4727,88,65,114,34,-2.5199543036131318,31
4728,46,27,68,15,-2.520930145642669,12
4729,100,27,72,15,-2.5231626085589434,12
4730,9,33,36,18,-2.527924078037464,15
4731,30,19,99,11,-2.530388293684777,8
4732,107,15,44,8,-2.5305445670994096,7
4733,17,29,7,16,-2.532089441361392,13
4734,88,60,40,33,-2.532837544735202,27
4735,11,40,15,22,-2.533733740682213,18
4736,72,48,16,26,-2.535582172260796,22
4737,102,34,54,18,-2.537229709009487,16
4738,9,22,70,13,-2.539064949919759,9
4739,65,35,97,19,-2.5397394280205594,16
4740,20,40,88,20,-2.541950104212901,20
4741,107,79,39,42,-2.54750845320523,37
4742,12,23,88,12,-2.5481872071689016,11
4743,36,74,7,40,-2.5493587507973596,34
4744,76,14,44,8,-2.5504141931433426,6
4745,47,14,71,7,-2.550463226281338,7
4746,39,44,9,22,-2.551362349935292,22
4747,1,19,73,11,-2.5534291003907312,8
4748,34,38,17,19,-2.5632876737239463,19
4749,13,26,33,14,-2.5699373786762183,12
4750,87,38,72,19,-2.5706518859324796,19
4751,25,14,48,7,-2.5710538086168517,7
4752,51,29,1,15,-2.5741193049184647,14
4753,108,14,81,7,-2.575857374314636,7
4754,112,22,50,13,-2.578275791966451,9
4755,88,15,33,9,-2.581178022844097,6
4756,43,18,29,10,-2.5831657515049917,8
4757,65,71,28,40,-2.5907378992374013,31
4758,94,35,19,18,-2.592430047160573,17
4759,109,10,1,5,-2.5929606771402347,5
4760,37,27,102,15,-2.5931875377695413,12
4761,65,21,94,10,-2.5932669985607406,11
4762,37,48,20,25,-2.593682765159078,23
4763,60,38,11,21,-2.600434490474114,17
4764,91,23,36,13,-2.6004832054576417,10
4765,1,29,40,16,-2.6081027273161874,13
4766,95,41,104,23,-2.6172247089757983,18
4767,28,42,39,22,-2.6233394077803625,20
4768,54,51,39,27,-2.6240157360627983,24
4769,78,31,72,15,-2.624509230370502,16
4770,107,34,95,18,-2.633836762476073,16
4771,98,21,54,11,-2.633881490859558,10
4772,39,34,95,18,-2.633907594970312,16
4773,22,12,51,7,-2.634920658551637,5
4774,54,13,110,7,-2.6358849029934506,6
4775,27,49,41,28,-2.643129519975746,21
4776,20,20,19,10,-2.646933293157403,10
4777,36,13,57,8,-2.65311609010537,5
4778,73,14,20,8,-2.6543798385197737,6
4779,27,24,40,11,-2.6563176029466633,13
4780,5,17,71,9,-2.668348512437487,8
4781,104,67,37,37,-2.6697156594454787,30
4782,7,118,13,63,-2.670897317194471,55
4783,44,17,25,9,-2.67353547628176,8
4784,16,35,89,19,-2.6742119046529877,16
4785,12,10,48,6,-2.6757754483893836,4
4786,5,25,39,13,-2.679132217269281,12
4787,107,21,93,12,-2.6848247910711347,9
4788,102,20,13,12,-2.6891186576501824,8
4789,31,23,87,12,-2.691508727503307,11
4790,65,11,10,6,-2.6916160360342993,5
4791,90,25,88,15,-2.6919812849334623,10
4792,106,63,87,33,-2.697752551932461,30
4793,7,27,20,14,-2.7023319306021247,13
4794,79,11,39,7,-2.7039365709334606,4
4795,76,10,38,4,-2.7051251025586684,6
4796,50,46,2,25,-2.7076882491876737,21
4797,84,89,86,45,-2.7122592129849847,44
4798,4,20,63,11,-2.717031964261838,9
4799,88,16,34,9,-2.717519501254015,7
4800,51,17,58,9,-2.7220403540386506,8
4801,84,30,37,16,-2.724027270977717,14
4802,88,16,44,8,-2.725541522204711,8
4803,5,11,49,6,-2.7256599500520573,5
4804,50,58,87,30,-2.727728886996148,28
4805,65,35,49,19,-2.731517720664094,16
4806,12,20,72,12,-2.7323736468374107,8
4807,46,26,60,14,-2.733085524905184,12
4808,54,25,15,12,-2.735147263925594,13
4809,63,12,99,6,-2.7377253409939395,6
4810,68,31,69,17,-2.743936079051881,14
4811,51,26,71,14,-2.7484840529184043,12
4812,104,31,30,16,-2.7504108450647484,15
4813,77,35,49,20,-2.7512791911364762,15
4814,46,16,3,8,-2.7521722319308535,8
4815,43,14,70,8,-2.753352748891412,6
4816,96,34,97,17,-2.7556888339056824,17
4817,35,23,88,12,-2.7598010038488736,11
4818,43,33,3,19,-2.760469682414136,14
4819,94,17,1,8,-2.7623810098011927,9
4820,53,10,103,7,-2.7626913899775767,3
4821,107,42,15,26,-2.76481121713448,16
4822,13,13,52,7,-2.77648690159436,6
4823,87,17,10,9,-2.7770692343126613,8
4824,40,30,18,18,-2.780722164544755,12
4825,107,36,17,19,-2.7872894864783673,17
4826,107,62,68,32,-2.788289386554405,30
4827,112,14,85,8,-2.7888570708398155,6
4828,102,12,70,5,-2.7906887378625385,7
4829,57,10,18,6,-2.791050441588557,4
4830,36,13,100,7,-2.7923934619121082,6
4831,1,26,7,14,-2.7932054952385057,12
4832,44,14,68,7,-2.795327721392822,7
4833,8,32,83,16,-2.795775595052068,16
4834,54,66,20,33,-2.7989366544964605,33
4835,27,42,12,24,-2.8046964318602283,18
4836,112,14,106,7,-2.805082024542775,7
4837,71,42,65,24,-2.8056942435602354,18
4838,41,15,99,8,-2.808167291861728,7
4839,36,32,1,16,-2.8095303452930676,16
4840,40,48,9,27,-2.81743847104381,21
4841,76,26,97,14,-2.8180456861896683,12
4842,48,14,68,7,-2.8206443314688054,7
4843,71,13,18,7,-2.821320109059585,6
4844,112,21,75,12,-2.824219405034082,9
4845,60,65,51,39,-2.834302305122906,26
4846,51,43,57,23,-2.835117973513963,20
4847,35,11,39,6,-2.836154761931755,5
4848,28,104,86,58,-2.8374089851944664,46
4849,16,25,4,12,-2.8411046840521466,13
4850,33,13,97,7,-2.8486496222061612,6
4851,28,96,16,53,-2.854985092700266,43
4852,112,13,74,7,-2.8550316834984466,6
4853,94,15,88,7,-2.858803168647949,8
4854,28,25,69,13,-2.8619129564051375,12
4855,11,50,55,29,-2.865634885836894,21
4856,84,70,28,39,-2.8670003890442084,31
4857,17,10,88,4,-2.869337502995369,6
4858,68,69,88,38,-2.8695211003313763,31
4859,1,14,112,9,-2.8723250567679224,5
4860,112,37,107,19,-2.873174412617592,18
4861,2,10,108,6,-2.87346504815302,4
4862,30,21,75,11,-2.8743282279457314,10
4863,77,14,106,7,-2.8755893681261617,7
4864,46,25,17,14,-2.875672610475698,11
4865,88,69,60,39,-2.882862964870889,30
4866,71,34,30,18,-2.8915964337712703,16
4867,107,34,94,21,-2.9026287383973437,13
4868,79,33,16,19,-2.9049583801159375,14
4869,9,19,62,10,-2.9069158954391585,9
4870,10,12,104,6,-2.911353003023708,6
4871,33,10,37,6,-2.9157377490462273,4
4872,31,11,55,6,-2.9183781753906346,5
4873,9,17,109,8,-2.91854195196147,9
4874,47,10,29,6,-2.919983374996915,4
4875,106,19,102,9,-2.920725539256512,10
4876,61,21,88,13,-2.9209863910476948,8
4877,62,14,1,7,-2.9215215839903967,7
4878,33,10,3,6,-2.927658221464772,4
4879,40,18,12,9,-2.9302897037093416,9
4880,87,141,86,73,-2.9303465635549095,68
4881,28,21,33,10,-2.934003356051797,11
4882,94,20,78,11,-2.934032764236852,9
4883,86,16,66,9,-2.9349279516020914,7
4884,87,20,36,12,-2.935573250897671,8
4885,65,27,83,14,-2.938404758323202,13
4886,48,45,16,23,-2.9387449608824143,22
4887,1,18,9,8,-2.9438107743951827,10
4888,46,18,71,9,-2.9448527741935377,9
4889,57,23,114,13,-2.9591464136641092,10
4890,46,23,114,13,-2.963143531607223,10
4891,57,18,25,10,-2.9649349505538742,8
4892,63,16,73,8,-2.966556049159883,8
4893,37,21,2,11,-2.969758011269449,10
4894,4,32,36,19,-2.973906674035423,13
4895,41,28,43,15,-2.9751067750185958,13
4896,106,36,84,18,-2.975473960825012,18
4897,1,13,46,6,-2.9771068452784513,7
4898,11,27,12,14,-2.9775728578478153,13
4899,13,23,85,14,-2.985985548040523,9
4900,77,26,19,14,-2.9962784532127236,12
4901,90,47,86,27,-2.997206734082277,20
4902,49,22,64,13,-2.9990922137386633,9
4903,69,11,4,6,-2.9994841766617113,5
4904,34,14,96,8,-3.001763014782561,6
4905,37,58,16,31,-3.002510719128323,27
4906,108,20,50,10,-3.006186687462408,10
4907,63,42,74,22,-3.0096162132471513,20
4908,18,16,38,8,-3.013824290519956,8
4909,16,82,54,44,-3.0141713149503384,38
4910,33,17,40,11,-3.0217035797006964,6
4911,98,13,39,8,-3.033232316977357,5
4912,65,39,25,23,-3.0368934823131153,16
4913,79,22,30,13,-3.038702569108576,9
4914,12,30,68,16,-3.041358769608476,14
4915,96,13,38,7,-3.042215232246171,6
4916,51,150,16,79,-3.0496056575372976,71
4917,55,45,7,26,-3.0547614693932803,19
4918,57,11,6,6,-3.056750466696465,5
4919,25,18,71,10,-3.0644100067848146,8
4920,25,30,75,17,-3.0695517335408993,13
4921,7,37,43,22,-3.070632441088369,15
4922,60,29,19,15,-3.0741844930514644,14
4923,104,23,97,12,-3.0789791419269115,11
4924,62,16,55,9,-3.0797392954165557,7
4925,76,13,12,6,-3.082319725605144,7
4926,28,12,66,6,-3.0826665795427424,6
4927,37,59,107,32,-3.087858660035623,27
4928,98,15,57,8,-3.0891543354152864,7
4929,50,17,93,10,-3.0892168464304066,7
4930,8,18,72,9,-3.0936644045702306,9
4931,88,39,100,22,-3.094250000032704,17
4932,27,17,6,9,-3.094787186521295,8
4933,109,10,85,7,-3.095406882310694,3
4934,87,20,6,11,-3.0972456748613655,9
4935,54,34,104,18,-3.0987784259955413,16
4936,91,10,64,6,-3.099347902087069,4
4937,74,16,88,10,-3.1000151762465453,6
4938,68,14,99,8,-3.100103615084475,6
4939,60,15,92,9,-3.1016290657385786,6
4940,100,24,98,14,-3.102517713271865,10
4941,87,42,29,24,-3.102945196198257,18
4942,86,21,111,12,-3.1037611827633467,9
4943,4,24,50,12,-3.110559237136967,12
4944,17,25,25,14,-3.1106502600539123,11
4945,80,11,36,6,-3.115857421175655,5
4946,48,36,28,20,-3.1189690871072235,16
4947,8,36,23,20,-3.120762784480779,16
4948,60,44,43,24,-3.1256445227284724,20
4949,88,30,47,16,-3.128005162623052,14
4950,28,11,6,6,-3.131247568187587,5
4951,2,15,76,9,-3.1350168634931235,6
4952,41,24,47,12,-3.137759511909013,12
4953,9,23,114,15,-3.140025237540426,8
4954,90,16,76,10,-3.140797858068816,6
4955,45,12,112,6,-3.1460936650177436,6
4956,23,23,75,11,-3.148733601092015,12
4957,51,35,49,19,-3.149884600058364,16
4958,76,18,3,10,-3.150422222688239,8
4959,23,57,16,31,-3.1514636721785743,26
4960,107,67,30,38,-3.1543100085033218,29
4961,7,51,104,28,-3.1582194180075027,23
4962,82,21,86,12,-3.1586560919846343,9
4963,4,19,75,11,-3.1591429263358264,8
4964,103,10,46,6,-3.1603372556503913,4
4965,9,55,107,28,-3.165394319093782,27
4966,69,30,41,18,-3.1671568486745967,12
4967,20,26,55,14,-3.1691541193918393,12
4968,60,25,106,15,-3.171261503808185,10
4969,69,16,103,8,-3.1785957104061207,8
4970,50,21,100,12,-3.1824846398299695,9
4971,114,31,54,16,-3.1847921316014287,15
4972,107,96,13,52,-3.1857982414161663,44
4973,58,10,11,6,-3.1884299720547142,4
4974,90,22,17,13,-3.190848422422067,9
4975,8,15,69,8,-3.1913004711052855,7
4976,39,41,36,23,-3.1998605067578247,18
4977,30,15,47,7,-3.2029196549329764,8
4978,17,28,106,17,-3.2039846830051175,11
4979,97,12,56,6,-3.20853124358707,6
4980,31,47,60,23,-3.209470727487928,24
4981,97,19,50,11,-3.210625734622635,8
4982,8,29,64,17,-3.2116280139221245,12
4983,74,16,17,9,-3.211770551027836,7
4984,102,28,76,16,-3.211945141016371,12
4985,94,18,55,10,-3.2183549150249458,8
4986,80,10,100,6,-3.221630002984554,4
4987,12,16,54,8,-3.22546532700851,8
4988,65,50,23,26,-3.2292420048113133,24
4989,97,14,3,7,-3.230803945654675,7
4990,36,49,107,26,-3.2348387046482574,23
4991,60,25,99,14,-3.23819445910271,11
4992,81,12,23,7,-3.240703587077,5
4993,96,10,64,6,-3.2470341038418864,4
4994,25,47,114,27,-3.2540864225169717,20
4995,74,24,7,15,-3.2574931437928867,9
4996,67,13,114,7,-3.2746706512348394,6
4997,53,50,39,28,-3.2771617260881896,22
4998,3,25,8,12,-3.277389633331906,13
4999,81,16,64,9,-3.2776177159778,7
5000,65,64,30,36,-3.2783732903393576,28
5001,35,15,55,8,-3.2899027901624853,7
5002,79,17,76,10,-3.2930359935936764,7
5003,98,11,34,5,-3.2977526881218022,6
5004,23,26,12,14,-3.2981731860922094,12
5005,61,13,47,7,-3.3043540506366402,6
5006,64,21,114,12,-3.3046667254482798,9
5007,107,41,19,24,-3.3073590728366797,17
5008,64,43,107,23,-3.3076512331365557,20
5009,96,14,41,9,-3.3088942892360294,5
5010,25,66,86,35,-3.3097455853588764,31
5011,84,16,97,10,-3.3164282058099315,6
5012,97,14,98,7,-3.3185319117606134,7
5013,19,44,39,27,-3.319111624445311,17
5014,55,85,13,47,-3.325656298998864,38
5015,107,73,27,41,-3.325862615924091,32
5016,81,12,50,6,-3.335453957922903,6
5017,48,17,80,10,-3.335623053391129,7
5018,5,13,68,7,-3.3380294056441095,6
5019,20,19,15,11,-3.3455642497005824,8
5020,20,10,83,5,-3.3478898251644154,5
5021,107,15,14,9,-3.3479962116917648,6
5022,106,17,14,10,-3.3600594128266157,7
5023,61,14,9,8,-3.362078776884604,6
5024,8,23,14,13,-3.3634201583462144,10
5025,97,25,54,13,-3.3648153427656795,12
5026,20,17,40,10,-3.3649339637959677,7
5027,28,56,13,30,-3.367189637590283,26
5028,107,31,91,18,-3.369239220639531,13
5029,96,18,73,10,-3.3726024221333355,8
5030,3,19,103,9,-3.376784851491646,10
5031,39,40,64,22,-3.3772164918090852,18
5032,75,20,70,10,-3.3793498632006282,10
5033,55,28,36,15,-3.38333657725735,13
5034,104,10,73,6,-3.3914910994647247,4
5035,28,13,4,7,-3.394082491248691,6
5036,3,24,109,13,-3.4007897649916625,11
5037,62,34,86,18,-3.4057863881879014,16
5038,41,59,51,32,-3.4065954956888573,27
5039,11,22,79,13,-3.411899322441765,9
5040,36,11,17,5,-3.4172736451567602,6
5041,78,18,28,9,-3.4177116588011063,9
5042,37,12,4,7,-3.4218717037755013,5
5043,38,14,108,8,-3.4266542867066154,6
5044,27,52,7,28,-3.4308990471010476,24
5045,48,20,106,11,-3.4316235296616595,9
5046,38,40,107,23,-3.4320037029545793,17
5047,63,25,49,13,-3.435463908483024,12
5048,65,17,81,10,-3.4470499311553464,7
5049,46,63,86,37,-3.4473674168834245,26
5050,86,94,7,54,-3.44879121802912,40
5051,114,14,112,7,-3.452952980329055,7
5052,23,21,37,11,-3.4530437057487378,10
5053,5,23,33,12,-3.4543275091771934,11
5054,51,59,8,32,-3.4581495919483336,27
5055,49,21,50,11,-3.468500479588225,10
5056,5,60,74,32,-3.4699961467083478,28
5057,65,24,72,13,-3.475326143696966,11
5058,27,41,34,22,-3.4773981792874955,19
5059,38,26,60,14,-3.4833187527457414,12
5060,70,20,25,11,-3.484518115943742,9
5061,45,16,41,10,-3.485066668867454,6
5062,51,30,36,16,-3.4874600225025043,14
5063,36,13,62,7,-3.4895283270523745,6
5064,5,16,14,10,-3.4903696256491523,6
5065,54,10,6,5,-3.4921987314309866,5
5066,109,26,20,16,-3.4929177397438647,10
5067,94,49,43,27,-3.492939420408839,22
5068,114,36,97,20,-3.4948097299506924,16
5069,51,39,114,20,-3.4973322349486473,19
5070,54,15,38,8,-3.502268170966973,7
5071,98,17,73,9,-3.5039598524288147,8
5072,109,27,25,15,-3.504136926234722,12
5073,23,16,74,9,-3.505315761927062,7
5074,51,88,88,45,-3.507394549851368,43
5075,27,32,8,17,-3.5152116177223616,15
5076,15,17,28,9,-3.5210057183007173,8
5077,77,23,55,13,-3.5213277725739687,10
5078,98,19,27,10,-3.521955911173927,9
5079,57,11,17,7,-3.5231240907929307,4
5080,50,55,37,29,-3.5287986061002137,26
5081,25,17,93,9,-3.53003978897563,8
5082,8,24,62,14,-3.532603268082998,10
5083,62,10,6,6,-3.5345556158920366,4
5084,84,26,85,16,-3.5349178606931724,10
5085,7,15,44,8,-3.535266020755458,7
5086,30,32,28,17,-3.5399264254738525,15
5087,36,65,40,37,-3.5400829247343593,28
5088,27,29,47,16,-3.543966431934924,13
5089,70,11,33,6,-3.545285037756224,5
5090,19,16,40,10,-3.545611871303118,6
5091,86,94,63,55,-3.549478365403399,39
5092,104,17,34,10,-3.55064687835478,7
5093,37,21,62,13,-3.5526687288143344,8
5094,36,19,28,10,-3.554999615354129,9
5095,79,12,60,7,-3.555370933230573,5
5096,7,28,6,13,-3.563185524233912,15
5097,11,51,51,30,-3.5670376215712123,21
5098,84,13,62,7,-3.5672380956620353,6
5099,65,91,51,51,-3.5689728987589175,40
5100,43,19,25,12,-3.5730773529480713,7
5101,15,56,57,30,-3.573283906414371,26
5102,87,22,14,13,-3.5746572289058025,9
5103,51,22,102,12,-3.5799509862134142,10
5104,62,10,41,5,-3.5810735995056335,5
5105,5,62,88,33,-3.583030843412139,29
5106,11,18,14,11,-3.5868100547047623,7
5107,95,10,97,6,-3.5894324713347885,4
5108,11,22,7,13,-3.590907173314133,9
5109,5,61,104,33,-3.5931408944870395,28
5110,57,14,106,7,-3.59361898372693,7
5111,16,57,75,31,-3.59529020803502,26
5112,79,23,34,14,-3.5987779482770503,9
5113,41,88,65,52,-3.5987797514188595,36
5114,32,24,86,13,-3.600337352350486,11
5115,88,36,1,19,-3.6124862498641357,17
5116,79,15,112,8,-3.621796379179409,7
5117,28,26,80,14,-3.6230809501897747,12
5118,18,19,43,9,-3.6267699505365094,10
5119,5,51,55,29,-3.628046191114139,22
5120,109,38,104,21,-3.642560155113917,17
5121,70,10,14,5,-3.647042134114855,5
5122,23,13,9,7,-3.6475995665029,6
5123,98,16,114,9,-3.6481628146735163,7
5124,108,20,64,11,-3.648889859577028,9
5125,65,50,74,27,-3.6492230502429246,23
5126,18,11,17,5,-3.651905683853183,6
5127,32,21,107,11,-3.65469777615246,10
5128,3,34,15,19,-3.655284467820833,15
5129,71,10,90,5,-3.6561036030201173,5
5130,31,24,39,14,-3.6610558433956157,10
5131,85,20,28,11,-3.6675135147560156,9
5132,84,21,38,11,-3.6699802067032445,10
5133,28,19,23,10,-3.6970356039584327,9
5134,108,12,17,7,-3.6979659768897495,5
5135,5,62,16,37,-3.7016615680953464,25
5136,55,15,89,8,-3.7024183740582037,7
5137,35,10,112,5,-3.704644012481239,5
5138,60,79,13,46,-3.706459830738316,33
5139,19,20,38,13,-3.7070161860294797,7
5140,58,16,12,9,-3.7097858681846425,7
5141,64,21,1,11,-3.7140968256416436,10
5142,5,21,15,13,-3.7147342263498166,8
5143,41,26,20,13,-3.722699653504377,13
5144,40,13,15,7,-3.72557831166786,6
5145,5,31,90,18,-3.72922813011693,13
5146,50,19,15,11,-3.7318860586459177,8
5147,87,30,77,17,-3.7336382297691175,13
5148,40,59,60,33,-3.7350164129782835,26
5149,4,13,1,8,-3.7360390878519705,5
5150,62,55,16,33,-3.7368311113078096,22
5151,84,55,51,31,-3.742451182903001,24
5152,54,58,28,33,-3.742783353616919,25
5153,40,42,53,23,-3.7429391558119973,19
5154,64,24,3,13,-3.749223027086128,11
5155,107,13,52,8,-3.7535584759825276,5
5156,17,14,102,8,-3.765627490194505,6
5157,30,29,18,16,-3.7717933229839495,13
5158,9,27,55,16,-3.772633679119087,11
5159,17,21,87,12,-3.7733166042192905,9
5160,13,47,114,23,-3.7759149187311722,24
5161,93,10,7,5,-3.7802315490169547,5
5162,80,38,16,23,-3.7815519601669254,15
5163,98,28,104,13,-3.783243181516934,15
5164,51,52,106,29,-3.7850976424308227,23
5165,102,20,30,10,-3.786494638545521,10
5166,54,29,25,16,-3.7885203565536667,13
5167,50,25,90,14,-3.7900343777578587,11
5168,39,11,6,6,-3.796620754703812,5
5169,71,27,28,16,-3.8126316435493957,11
5170,5,16,110,9,-3.8138584796050905,7
5171,91,28,5,17,-3.814625093066518,11
5172,48,18,57,10,-3.8148207098368445,8
5173,75,12,48,7,-3.8239435270874167,5
5174,3,11,4,6,-3.8250463920918425,5
5175,54,45,11,25,-3.830761670343524,20
5176,46,13,38,8,-3.8338597693432206,5
5177,34,22,65,13,-3.838809663446646,9
5178,41,14,38,7,-3.8416237242181017,7
5179,31,23,18,12,-3.8430258307678686,11
5180,50,22,41,13,-3.845767300582984,9
5181,63,33,100,17,-3.8476705598955565,16
5182,76,39,28,21,-3.8485126894088935,18
5183,17,17,85,10,-3.8507511089593,7
5184,90,11,34,7,-3.855080264142756,4
5185,107,50,40,30,-3.8570605527160122,20
5186,109,45,51,28,-3.857625893844328,17
5187,47,36,16,20,-3.860549268707263,16
5188,80,16,90,10,-3.8670676152144083,6
5189,3,28,72,15,-3.87849625859004,13
5190,49,11,102,7,-3.880578970933132,4
5191,112,22,3,11,-3.881829625852149,11
5192,15,15,34,9,-3.884432139671332,6
5193,109,31,76,19,-3.887698579468372,12
5194,5,17,40,9,-3.8914877974226956,8
5195,54,25,1,14,-3.8929886538978145,11
5196,47,12,62,7,-3.897508167665008,5
5197,63,30,55,16,-3.900377194965691,14
5198,57,44,87,25,-3.9042090376504857,19
5199,64,29,75,16,-3.916000714039239,13
5200,87,24,83,13,-3.916710407315815,11
5201,49,49,30,28,-3.9202883912986954,21
5202,2,28,5,16,-3.923277825320164,12
5203,3,49,39,26,-3.929294691879198,23
5204,20,15,18,9,-3.9303607040253326,6
5205,76,22,84,12,-3.9389733435046645,10
5206,88,15,72,9,-3.9426147097132174,6
5207,54,31,9,17,-3.942845641758714,14
5208,40,11,6,6,-3.944267868023087,5
5209,43,19,35,10,-3.946831407739412,9
5210,2,23,16,13,-3.9485844823217353,10
5211,104,11,67,6,-3.9505697623954874,5
5212,91,15,9,8,-3.9508212932565088,7
5213,37,23,40,12,-3.9558411724945217,11
5214,84,21,10,12,-3.960254602065843,9
5215,107,83,88,48,-3.964083286687591,35
5216,94,11,84,6,-3.9681566657444405,5
5217,77,44,13,25,-3.969216996080678,19
5218,14,12,96,7,-3.975747798085742,5
5219,54,58,96,30,-3.9768276973257124,28
5220,87,29,89,17,-3.9785226277053134,12
5221,76,10,83,6,-3.979171756100496,4
5222,97,18,60,9,-3.9792005525226384,9
5223,55,35,80,18,-3.9840812801034198,17
5224,87,16,45,9,-3.9869877249578156,7
5225,29,15,50,8,-3.9901096227477506,7
5226,104,63,86,35,-3.991772151565381,28
5227,14,12,112,6,-3.9932359631148633,6
5228,112,16,104,9,-3.994340241273064,7
5229,100,18,9,11,-3.9953268600169216,7
5230,112,16,31,10,-4.001730552260444,6
5231,77,18,5,10,-4.010067732208504,8
5232,110,20,8,12,-4.013172679497397,8
5233,19,25,28,15,-4.019180575644085,10
5234,47,31,7,18,-4.025431088719286,13
5235,86,85,74,46,-4.031139357651743,39
5236,114,41,63,26,-4.0379729890543565,15
5237,43,10,1,5,-4.038976715758714,5
5238,69,12,84,7,-4.046782427990892,5
5239,40,10,32,5,-4.050021677419865,5
5240,20,10,14,6,-4.05196683725804,4
5241,43,28,69,16,-4.053028562183644,12
5242,75,16,15,10,-4.056062954518072,6
5243,49,28,68,16,-4.061110376543601,12
5244,39,11,56,5,-4.061429150921741,6
5245,13,67,100,37,-4.061612096489258,30
5246,95,10,43,6,-4.063398320607962,4
5247,49,40,76,23,-4.064499741414121,17
5248,38,12,20,8,-4.067291998076448,4
5249,73,19,65,11,-4.067312461469671,8
5250,31,68,7,38,-4.069172309295861,30
5251,37,15,69,8,-4.071098728743587,7
5252,46,21,95,12,-4.071848693893571,9
5253,86,56,49,30,-4.076341575862927,26
5254,75,21,91,8,-4.084376386784757,13
5255,98,17,78,9,-4.084899624702052,8
5256,57,28,69,17,-4.084947289281298,11
5257,19,11,36,6,-4.08859021842168,5
5258,93,27,86,15,-4.0902499993060095,12
5259,8,15,111,8,-4.091375789332371,7
5260,35,24,20,14,-4.0987287220029165,10
5261,93,20,83,11,-4.100880722204596,9
5262,51,48,75,26,-4.10605342104463,22
5263,63,30,97,17,-4.107378727934816,13
5264,55,17,108,10,-4.110943675956946,7
5265,2,12,7,7,-4.115660194227728,5
5266,53,57,18,31,-4.124925801617173,26
5267,50,15,83,7,-4.131296712002355,8
5268,106,51,107,28,-4.131711792879515,23
5269,20,11,71,7,-4.1364305573939655,4
5270,64,28,30,16,-4.139822872969586,12
5271,16,45,95,24,-4.139884598584294,21
5272,71,47,53,27,-4.141303557057989,20
5273,28,77,50,44,-4.143924434349461,33
5274,17,12,99,7,-4.148375833376952,5
5275,27,14,33,8,-4.15382717188424,6
5276,84,24,27,13,-4.156059221916358,11
5277,2,10,19,5,-4.15617878328422,5
5278,48,23,39,14,-4.160487880373118,9
5279,90,16,30,9,-4.1606269979119155,7
5280,22,17,34,10,-4.1630551469091674,7
5281,5,40,83,21,-4.163709904424498,19
5282,96,24,60,16,-4.164982345638217,8
5283,107,123,87,69,-4.168730210081099,54
5284,46,51,51,29,-4.174462162624302,22
5285,103,13,18,8,-4.1752141807255745,5
5286,103,18,65,11,-4.176079711917939,7
5287,69,29,58,15,-4.178369386929423,14
5288,25,27,23,15,-4.182190113226042,12
5289,19,40,29,24,-4.1828143685022106,16
5290,43,11,93,6,-4.184906166012258,5
5291,1,36,13,22,-4.187998461115461,14
5292,27,34,72,18,-4.188469861534648,16
5293,72,15,89,9,-4.191983594873565,6
5294,103,12,112,7,-4.192929666832575,5
5295,86,39,91,22,-4.203939006903641,17
5296,36,56,65,32,-4.205692860728478,24
5297,81,38,86,24,-4.205763980990186,14
5298,48,20,27,12,-4.2066865294128375,8
5299,20,21,17,12,-4.207666463256875,9
5300,18,23,3,14,-4.209170722433549,9
5301,48,10,52,6,-4.211289472665269,4
5302,84,19,43,10,-4.2146198508874155,9
5303,81,29,15,16,-4.216798906101531,13
5304,63,20,17,11,-4.217095300732271,9
5305,18,19,4,11,-4.220670692754496,8
5306,100,29,28,17,-4.221129674472951,12
5307,102,18,62,10,-4.2234688534060565,8
5308,44,11,71,6,-4.223524348839454,5
5309,86,56,60,32,-4.2237543902923225,24
5310,38,21,9,12,-4.2241565966881796,9
5311,11,29,48,17,-4.229170885335417,12
5312,62,13,17,7,-4.2301807671986245,6
5313,104,11,29,6,-4.232469176091443,5
5314,87,31,71,17,-4.240167636343153,14
5315,16,83,30,49,-4.2403615749646715,34
5316,71,44,16,26,-4.24180487871631,18
5317,34,14,106,7,-4.243674039664677,7
5318,70,13,100,7,-4.246698616682759,6
5319,57,41,11,21,-4.24730215025331,20
5320,51,71,54,40,-4.2511027502562575,31
5321,49,49,27,28,-4.260220247442089,21
5322,106,55,37,29,-4.262507559544696,26
5323,19,27,34,16,-4.282313760040557,11
5324,15,20,114,11,-4.283176268910454,9
5325,78,32,68,18,-4.290052324917813,14
5326,63,24,46,12,-4.29640388910373,12
5327,55,45,37,24,-4.301001080588835,21
5328,53,27,106,14,-4.302319600135904,13
5329,109,45,88,27,-4.312126403910374,18
5330,17,23,97,13,-4.313428551304964,10
5331,65,61,8,34,-4.3149700472293935,27
5332,40,22,4,12,-4.316643149060886,10
5333,51,41,77,22,-4.319151681172461,19
5334,60,26,76,16,-4.326864655161205,10
5335,80,14,19,8,-4.32884820464931,6
5336,41,19,95,11,-4.33214397979218,8
5337,22,12,60,7,-4.334241842742773,5
5338,87,41,95,22,-4.338900803447298,19
5339,94,13,77,8,-4.342999354868117,5
5340,43,14,74,7,-4.345788236888657,7
5341,6,16,65,9,-4.346168811124804,7
5342,83,11,19,6,-4.35939819270106,5
5343,71,31,64,19,-4.3594731378011655,12
5344,23,20,95,11,-4.361896262769259,9
5345,16,30,81,17,-4.36369361186132,13
5346,70,17,49,9,-4.364791676107705,8
5347,20,12,89,7,-4.365845085514368,5
5348,3,60,27,34,-4.366790070220602,26
5349,9,15,74,9,-4.367415226980933,6
5350,23,23,40,13,-4.368423326803304,10
5351,11,23,64,15,-4.368456944239424,8
5352,72,17,50,10,-4.375655689739112,7
5353,25,33,87,18,-4.379098196808539,15
5354,29,20,54,12,-4.381395329954479,8
5355,66,19,63,11,-4.384404815528955,8
5356,3,45,107,24,-4.389536112539521,21
5357,16,39,97,21,-4.395866715554319,18
5358,58,20,49,10,-4.398762245647165,10
5359,65,26,90,13,-4.399856936469098,13
5360,5,35,76,20,-4.4006703577730075,15
5361,28,53,20,30,-4.401187083369335,23
5362,108,14,71,8,-4.402422140240555,6
5363,15,21,47,11,-4.413268254147364,10
5364,5,118,86,67,-4.4152564938780525,51
5365,64,24,50,13,-4.415510499418937,11
5366,53,64,7,36,-4.416213736910667,28
5367,70,30,84,17,-4.416286467774103,13
5368,23,17,29,9,-4.418393467914162,8
5369,13,30,99,17,-4.4209668288342625,13
5370,49,30,78,16,-4.425046116990907,14
5371,20,14,23,8,-4.427778675436007,6
5372,3,35,65,21,-4.429509708162627,14
5373,58,10,17,4,-4.43139506148379,6
5374,70,39,37,23,-4.433263990915908,16
5375,96,16,78,10,-4.433803384678501,6
5376,15,31,29,17,-4.438675652658608,14
5377,29,42,16,23,-4.448415099529327,19
5378,97,11,77,7,-4.454901155383995,4
5379,85,14,19,8,-4.456802611003387,6
5380,49,11,96,6,-4.460220810874953,5
5381,54,15,79,9,-4.4628144491387465,6
5382,32,18,37,10,-4.466542082918523,8
5383,94,11,108,6,-4.472725388082187,5
5384,25,31,96,17,-4.472832877552796,14
5385,19,41,78,25,-4.47496173521471,16
5386,64,46,7,25,-4.481240056988838,21
5387,71,44,75,27,-4.485645835804011,17
5388,7,109,16,61,-4.487436298549421,48
5389,46,68,13,40,-4.497540419141799,28
5390,54,64,63,37,-4.513765725874225,27
5391,93,16,20,8,-4.515352163146574,8
5392,112,18,49,10,-4.51791122222607,8
5393,50,23,74,13,-4.520207268757789,10
5394,28,44,55,26,-4.526943972884062,18
5395,75,23,106,12,-4.532198108241352,11
5396,28,29,93,18,-4.540056078542574,11
5397,76,32,65,20,-4.540926711234393,12
5398,87,46,48,28,-4.542566963877915,18
5399,50,56,16,33,-4.542580234745904,23
5400,86,165,16,98,-4.54758420345341,67
5401,15,18,99,11,-4.551461310618722,7
5402,46,15,83,8,-4.551826612706295,7
5403,107,81,100,43,-4.551908696632154,38
5404,23,15,70,8,-4.554568026577774,7
5405,5,18,43,10,-4.559277543830877,8
5406,104,16,99,8,-4.5627492392393005,8
5407,114,43,60,21,-4.570942388181802,22
5408,95,14,99,8,-4.572737764013049,6
5409,58,23,7,12,-4.5750345256693405,11
5410,65,16,99,9,-4.579704538683155,7
5411,37,15,9,8,-4.590013554185221,7
5412,96,32,50,18,-4.592653394244438,14
5413,107,60,41,37,-4.597389180870248,23
5414,58,12,27,6,-4.599497662673681,6
5415,39,18,80,10,-4.600479594629686,8
5416,96,21,13,12,-4.608058597276484,9
5417,37,40,75,25,-4.608119905928107,15
5418,3,31,11,18,-4.6088042563161755,13
5419,57,11,74,6,-4.613445177041247,5
5420,68,20,85,13,-4.615895850726343,7
5421,40,10,72,6,-4.616108231770903,4
5422,91,16,102,9,-4.632859199025976,7
5423,110,15,106,8,-4.633960085739292,7
5424,39,28,76,18,-4.634396383023451,10
5425,25,22,60,12,-4.63628280649392,10
5426,69,11,80,6,-4.638884395252672,5
5427,16,45,20,28,-4.642619134249099,17
5428,96,39,63,24,-4.649023449526143,15
5429,1,16,15,10,-4.649350840919031,6
5430,51,48,78,25,-4.650105463898389,23
5431,79,13,27,7,-4.651583262533679,6
5432,47,15,25,8,-4.655390231832651,7
5433,98,26,11,14,-4.667493378770945,12
5434,92,10,75,6,-4.670779177266829,4
5435,109,31,41,19,-4.677585743432954,12
5436,77,25,78,14,-4.679617373613952,11
5437,39,51,40,30,-4.685059105758994,21
5438,58,15,43,9,-4.691878021799611,6
5439,106,13,111,9,-4.703726078810505,4
5440,107,34,98,19,-4.703806209041121,15
5441,81,18,4,11,-4.707056678124466,7
5442,46,23,20,15,-4.708713070266477,8
5443,37,25,57,14,-4.709188514137993,11
5444,45,11,30,7,-4.71768267651097,4
5445,57,28,3,16,-4.718038788215104,12
5446,31,32,75,17,-4.72198275034643,15
5447,104,34,41,18,-4.7268653056009,16
5448,108,13,25,8,-4.727424255422313,5
5449,64,11,78,6,-4.739103426156507,5
5450,88,102,86,58,-4.742535320864331,44
5451,77,16,25,9,-4.745845616411634,7
5452,20,13,62,8,-4.7489453833796285,5
5453,87,42,94,23,-4.751621223680597,19
5454,50,23,7,13,-4.754905099968972,10
5455,62,14,106,8,-4.759729251582842,6
5456,84,28,13,17,-4.762106527456084,11
5457,98,15,18,7,-4.76828904567196,8
5458,3,43,12,26,-4.769009589089563,17
5459,31,15,12,8,-4.7706324645211815,7
5460,70,13,90,7,-4.771084444295364,6
5461,23,14,33,8,-4.772846471482117,6
5462,5,12,9,7,-4.777710715122406,5
5463,19,23,64,15,-4.784510417159228,8
5464,10,12,5,6,-4.788462999241516,6
5465,89,10,26,6,-4.7934486550169115,4
5466,20,13,52,8,-4.795236183864798,5
5467,25,11,111,6,-4.797175922879401,5
5468,97,22,41,12,-4.799957538599525,10
5469,96,22,75,15,-4.801381492311929,7
5470,78,23,15,12,-4.801696606952902,11
5471,12,16,1,9,-4.804302234326604,7
5472,68,14,89,8,-4.8060770512882325,6
5473,63,34,104,19,-4.811269466320188,15
5474,79,23,13,14,-4.81127521378253,9
5475,85,11,74,6,-4.8123880044938,5
5476,72,13,38,7,-4.812556724199987,6
5477,103,18,30,11,-4.814590438877925,7
5478,54,15,14,10,-4.820525855929134,5
5479,25,19,31,10,-4.823839301099769,9
5480,51,52,17,28,-4.8245516629504275,24
5481,78,47,86,26,-4.826005797172056,21
5482,67,15,8,9,-4.831909846155587,6
5483,65,39,43,21,-4.833637569721975,18
5484,64,20,83,11,-4.840996077098241,9
5485,96,22,39,14,-4.8469385601006945,8
5486,94,31,30,17,-4.848071493453302,14
5487,54,27,78,16,-4.849046955755959,11
5488,60,34,78,19,-4.850344284158851,15
5489,32,12,97,7,-4.851459349576825,5
5490,60,52,30,33,-4.854739690613494,19
5491,23,23,64,13,-4.856194819207908,10
5492,107,38,58,23,-4.857008495705356,15
5493,112,31,100,17,-4.858414274039207,14
5494,89,10,5,7,-4.8624656409017435,3
5495,64,10,95,5,-4.863376640358333,5
5496,1,11,29,7,-4.866934575588786,4
5497,57,26,88,14,-4.87081224887015,12
5498,79,20,63,12,-4.882182316485546,8
5499,94,15,103,8,-4.8828905706159125,7
5500,95,11,69,7,-4.882909765417964,4
5501,18,12,94,7,-4.884425557504233,5
5502,101,10,39,6,-4.889741278103361,4
5503,29,23,76,12,-4.897852184028293,11
5504,28,12,38,6,-4.907164394244709,6
5505,29,11,18,7,-4.9072911901611125,4
5506,109,16,95,10,-4.92318353619376,6
5507,106,56,74,32,-4.924754963776781,24
5508,63,17,108,10,-4.925158043652064,7
5509,36,40,86,23,-4.92743325124,17
5510,85,17,63,9,-4.93137224468223,8
5511,37,26,98,15,-4.940519420053042,11
5512,71,11,49,6,-4.9409457894604065,5
5513,32,14,28,8,-4.942148577857081,6
5514,78,15,40,10,-4.942465399220725,5
5515,106,29,80,17,-4.946009667025367,12
5516,68,19,56,10,-4.94813216675333,9
5517,3,26,114,16,-4.9544765393283035,10
5518,64,16,62,8,-4.958930096475884,8
5519,19,61,87,36,-4.962256467401483,25
5520,64,10,85,6,-4.962701184974941,4
5521,43,27,57,17,-4.963514648901846,10
5522,90,23,96,14,-4.963939687748074,9
5523,114,21,27,12,-4.967571693509976,9
5524,12,24,19,12,-4.968367076368188,12
5525,23,11,98,6,-4.969965161139004,5
5526,78,12,108,7,-4.972281769350293,5
5527,3,13,106,8,-4.972676967703687,5
5528,13,41,12,27,-4.9735076403528575,14
5529,44,10,80,5,-4.973541413806903,5
5530,65,30,70,19,-4.973765781446556,11
5531,60,46,23,27,-4.974553671649712,19
5532,30,26,34,15,-4.978136756373612,11
5533,109,25,65,13,-4.980801505978468,12
5534,86,73,37,41,-4.980857284592115,32
5535,94,19,63,11,-4.988953899876627,8
5536,29,16,70,8,-4.990481050245632,8
5537,31,23,50,13,-4.991999785997779,10
5538,65,114,16,65,-4.992195859368226,49
5539,77,26,3,14,-4.9989738181650925,12
5540,96,23,51,13,-5.001175453325252,10
5541,106,41,7,21,-5.003800212982271,20
5542,5,26,93,16,-5.004460526821323,10
5543,83,13,102,8,-5.005327574584489,5
5544,72,24,85,15,-5.005644721261359,9
5545,94,17,112,11,-5.010192110959226,6
5546,27,53,100,30,-5.011003031983154,23
5547,63,12,93,7,-5.011120266810433,5
5548,18,19,55,10,-5.012210431301632,9
5549,23,55,107,31,-5.0158405159134976,24
5550,62,37,107,20,-5.020380742712848,17
5551,64,51,13,27,-5.021246499509943,24
5552,34,12,112,7,-5.029259987635679,5
5553,93,26,74,14,-5.031462008142044,12
5554,74,24,100,14,-5.032874442379239,10
5555,91,16,40,9,-5.034652795604084,7
5556,108,18,30,11,-5.041583987630236,7
5557,2,23,20,13,-5.04811788923968,10
5558,75,20,95,12,-5.050260152484929,8
5559,17,12,12,7,-5.051854355123881,5
5560,49,52,87,28,-5.053826345053363,24
5561,35,23,16,14,-5.053981282073501,9
5562,55,27,100,14,-5.057275002393836,13
5563,10,16,7,9,-5.060407065651965,7
5564,100,38,104,22,-5.075921827905519,16
5565,19,29,62,18,-5.080823904484955,11
5566,20,10,32,7,-5.082163415292113,3
5567,65,87,104,49,-5.083707839672146,38
5568,43,38,39,21,-5.08862192793475,17
5569,5,15,34,10,-5.091205514677906,5
5570,39,18,69,10,-5.092034225030051,8
5571,33,14,49,9,-5.095253781724573,5
5572,29,22,41,13,-5.098991788467605,9
5573,88,55,11,33,-5.1065190461811305,22
5574,1,10,30,6,-5.107240382060614,4
5575,103,16,54,10,-5.123548034400491,6
5576,50,47,104,28,-5.128387406892863,19
5577,103,17,78,12,-5.128778719706272,5
5578,33,14,64,9,-5.132334361355243,5
5579,58,30,40,16,-5.133397385337805,14
5580,78,46,13,27,-5.133864021911489,19
5581,77,25,107,14,-5.133888332698847,11
5582,49,13,95,8,-5.135123793958873,5
5583,3,21,36,13,-5.136055944816982,8
5584,71,15,70,8,-5.140933357571855,7
5585,70,17,13,10,-5.142156998200086,7
5586,38,17,80,9,-5.143241338130117,8
5587,97,13,11,7,-5.1491543911628765,6
5588,9,24,106,14,-5.150083731218857,10
5589,28,16,35,8,-5.153123660542294,8
5590,69,30,78,17,-5.156427155096976,13
5591,5,12,67,7,-5.159840528973079,5
5592,86,16,6,10,-5.164261408107595,6
5593,18,16,49,10,-5.16428378341833,6
5594,96,29,65,16,-5.165027076154164,13
5595,54,11,31,6,-5.168002033532433,5
5596,60,59,39,33,-5.168723942798302,26
5597,32,19,11,10,-5.169600921182679,9
5598,54,19,91,10,-5.179574587066859,9
5599,48,12,91,6,-5.179665478095682,6
5600,97,17,75,10,-5.1834390154874335,7
5601,41,48,87,27,-5.19127072212592,21
5602,71,10,6,6,-5.193692278292731,4
5603,113,13,40,8,-5.1937263926866155,5
5604,80,18,104,10,-5.194103195079235,8
5605,39,25,46,12,-5.196853389468726,13
5606,43,21,63,12,-5.207688448634705,9
5607,87,45,23,27,-5.2103159407724124,18
5608,57,13,108,7,-5.211749506174901,6
5609,91,12,33,6,-5.213867650447786,6
5610,86,20,10,11,-5.2191524654968555,9
5611,88,101,7,58,-5.220134457500585,43
5612,106,54,54,29,-5.222938310920246,25
5613,39,23,92,12,-5.223931097826435,11
5614,5,11,35,6,-5.226534281744123,5
5615,107,60,75,39,-5.231874163862644,21
5616,19,33,13,20,-5.2358541954652935,13
5617,25,21,91,12,-5.236778929543696,9
5618,40,26,25,15,-5.242222631716464,11
5619,31,11,35,6,-5.255104723881266,5
5620,51,77,100,41,-5.258194578933794,36
5621,35,29,107,18,-5.259758635892076,11
5622,1,11,34,8,-5.259854618241466,3
5623,102,26,11,14,-5.269694308768166,12
5624,6,20,88,12,-5.272285617199486,8
5625,86,90,11,52,-5.276712264981275,38
5626,62,23,13,13,-5.279557581763116,10
5627,92,12,28,8,-5.284547759707863,4
5628,3,34,19,19,-5.285766753049807,15
5629,86,21,99,13,-5.291638236148404,8
5630,76,28,100,15,-5.295650284046963,13
5631,69,21,15,13,-5.298709014062982,8
5632,87,19,73,13,-5.303982369774458,6
5633,47,13,58,8,-5.305481766967035,5
5634,86,38,34,22,-5.308774927674139,16
5635,3,30,41,20,-5.310066671174619,10
5636,87,41,18,24,-5.312396032103607,17
5637,61,15,86,9,-5.314125600249347,6
5638,34,21,12,12,-5.315921719029712,9
5639,3,40,7,24,-5.315954351050264,16
5640,88,47,23,29,-5.321999692699335,18
5641,34,28,100,15,-5.328185919614453,13
5642,51,33,5,21,-5.328986421528186,12
5643,102,14,97,9,-5.335160623731833,5
5644,51,106,39,61,-5.340222309113603,45
5645,90,37,54,22,-5.340914168653277,15
5646,50,18,78,11,-5.342630350789609,7
5647,48,22,13,13,-5.345621103460161,9
5648,49,31,17,16,-5.351365626248913,15
5649,96,12,15,7,-5.353611172107386,5
5650,97,35,7,19,-5.356987360153852,16
5651,88,76,65,47,-5.358628618338232,29
5652,12,13,20,7,-5.360426970680715,6
5653,39,36,84,20,-5.36967448681498,16
5654,18,25,15,15,-5.370261713586335,10
5655,3,54,16,33,-5.389930683168938,21
5656,106,14,6,8,-5.390411966564588,6
5657,74,20,34,13,-5.390554150511844,7
5658,33,20,8,12,-5.397787705463005,8
5659,58,11,4,7,-5.405037105567137,4
5660,34,21,9,12,-5.406001466575153,9
5661,106,26,2,15,-5.41401262665605,11
5662,58,10,23,6,-5.417812881789321,4
5663,25,38,104,21,-5.422383455319622,17
5664,55,23,34,13,-5.4265805154699365,10
5665,57,13,12,8,-5.431087538668809,5
5666,69,13,42,7,-5.432900919803655,6
5667,30,13,98,7,-5.435516675342795,6
5668,68,29,71,18,-5.43565333686224,11
5669,88,88,54,52,-5.435654938222569,36
5670,51,31,62,18,-5.449725797793225,13
5671,38,19,8,11,-5.455715550555012,8
5672,50,13,57,8,-5.460704285123109,5
5673,74,13,31,8,-5.4682993706513905,5
5674,17,31,28,18,-5.468605078583842,13
5675,25,22,100,12,-5.476003695191376,10
5676,54,46,13,27,-5.479487703639157,19
5677,15,15,108,9,-5.486650476336331,6
5678,55,27,111,16,-5.492663797248299,11
5679,52,12,50,6,-5.49564209413134,6
5680,102,10,67,6,-5.497246561771854,4
5681,111,10,5,6,-5.501968622126494,4
5682,40,13,2,8,-5.504797437287728,5
5683,109,13,32,7,-5.508051897308614,6
5684,76,63,86,36,-5.50860698682448,27
5685,38,32,39,19,-5.509418569416409,13
5686,83,19,95,12,-5.510188596504651,7
5687,65,23,45,12,-5.510611418282088,11
5688,89,10,17,6,-5.511777751894211,4
5689,57,27,103,16,-5.512312504957703,11
5690,84,10,89,5,-5.518590211576736,5
5691,107,137,16,84,-5.524882674202723,53
5692,102,11,64,7,-5.525256448935211,4
5693,103,11,104,6,-5.528181230693726,5
5694,107,47,76,30,-5.531771427114938,17
5695,15,45,100,26,-5.534351609281787,19
5696,85,11,8,7,-5.538404103047143,4
5697,70,11,44,6,-5.543204446478318,5
5698,75,42,18,24,-5.546579166688548,18
5699,84,18,25,11,-5.546687618128967,7
5700,31,53,36,30,-5.548564460468655,23
5701,25,41,8,25,-5.550067480025429,16
5702,54,16,69,9,-5.552096999235808,7
5703,46,44,8,24,-5.55305372609631,20
5704,107,42,48,24,-5.555372120517398,18
5705,4,11,46,6,-5.556221874645653,5
5706,95,30,13,17,-5.5569838085167085,13
5707,95,10,31,6,-5.5581891593402775,4
5708,108,14,37,8,-5.561998311446509,6
5709,20,63,107,36,-5.562332766197244,27
5710,9,11,72,6,-5.567587328744072,5
5711,38,23,7,13,-5.5754388810337625,10
5712,44,22,20,13,-5.576158683247873,9
5713,86,26,47,16,-5.576865807225319,10
5714,96,38,20,23,-5.591064360306497,15
5715,64,17,80,9,-5.593698551425533,8
5716,60,36,49,21,-5.599554299427176,15
5717,8,103,16,62,-5.603095703367358,41
5718,10,11,23,6,-5.611414438981724,5
5719,68,41,76,27,-5.614845988196357,14
5720,98,16,102,9,-5.616900846312716,7
5721,91,26,68,14,-5.619466372772095,12
5722,86,46,64,27,-5.6221721580983735,19
5723,5,10,19,6,-5.623378775596125,4
5724,3,34,49,19,-5.624837768695872,15
5725,87,69,100,38,-5.627120457423632,31
5726,20,16,78,9,-5.629467930549494,7
5727,46,16,109,9,-5.636528034552761,7
5728,109,31,43,19,-5.643070565279355,12
5729,104,18,62,12,-5.643310295152116,6
5730,103,31,27,19,-5.645724136290476,12
5731,97,10,4,6,-5.649870700339141,4
5732,20,55,87,31,-5.653229183536217,24
5733,75,31,46,18,-5.654705399493309,13
5734,2,13,30,7,-5.655225265692612,6
5735,41,34,64,21,-5.6565010143759125,13
5736,88,36,25,23,-5.660869431868404,13
5737,84,37,16,22,-5.660913981238356,15
5738,82,11,54,7,-5.664278302313933,4
5739,37,67,87,39,-5.665130303043657,28
5740,99,31,16,18,-5.665818337043018,13
5741,89,16,29,9,-5.6680351483461315,7
5742,25,10,94,5,-5.671887186214522,5
5743,29,35,3,21,-5.682644783240185,14
5744,95,10,102,6,-5.685319962340827,4
5745,40,21,35,13,-5.68914021357686,8
5746,37,23,41,14,-5.690389002068543,9
5747,64,21,17,12,-5.691159081713872,9
5748,32,10,70,5,-5.69247937209622,5
5749,62,17,53,10,-5.701449545318571,7
5750,43,22,64,13,-5.702442528376269,9
5751,3,25,81,15,-5.703142713570871,10
5752,49,17,89,10,-5.707042261796681,7
5753,74,13,15,8,-5.7106976006271415,5
5754,55,31,109,16,-5.712408791206378,15
5755,51,31,108,18,-5.714339055081445,13
5756,12,16,69,8,-5.715951067980106,8
5757,52,10,39,6,-5.718885643095016,4
5758,19,37,11,23,-5.719663561206056,14
5759,9,11,93,7,-5.723540166631908,4
5760,53,16,57,9,-5.72448039751102,7
5761,51,26,25,15,-5.726135112848953,11
5762,9,14,45,9,-5.7278535004589894,5
5763,54,40,55,22,-5.729162102948166,18
5764,102,27,100,17,-5.729669772607344,10
5765,47,31,107,18,-5.730039668040248,13
5766,34,24,29,13,-5.730480890666381,11
5767,106,42,25,26,-5.737688222420903,16
5768,60,24,17,14,-5.742654989357156,10
5769,114,25,100,15,-5.743860264273012,10
5770,18,25,50,14,-5.74537053291684,11
5771,77,12,36,7,-5.751140829309575,5
5772,12,12,47,7,-5.753232192548286,5
5773,53,13,58,6,-5.756559382638675,7
5774,108,14,29,8,-5.757330730648546,6
5775,54,10,61,6,-5.763750710129662,4
5776,29,28,51,16,-5.7638840206812985,12
5777,87,25,58,15,-5.7682346867020975,10
5778,52,11,51,6,-5.770255561533728,5
5779,81,16,104,8,-5.786821230718971,8
5780,9,21,17,12,-5.788074839959892,9
5781,48,21,34,12,-5.788285695597516,9
5782,11,19,62,11,-5.78936924763006,8
5783,30,29,50,17,-5.790909551112376,12
5784,15,13,89,7,-5.798096780057213,6
5785,31,19,91,12,-5.801858258461764,7
5786,106,11,10,8,-5.803672894932926,3
5787,98,19,8,12,-5.806615359942181,7
5788,109,20,73,12,-5.807578339260897,8
5789,20,13,79,8,-5.810117746469003,5
5790,81,11,48,7,-5.814487399538656,4
5791,63,28,57,15,-5.817698344383142,13
5792,75,56,86,31,-5.819454003755878,25
5793,93,37,8,21,-5.824171473230354,16
5794,25,49,13,27,-5.82760144771215,22
5795,86,63,27,38,-5.829126430222887,25
5796,13,40,63,23,-5.83698160270361,17
5797,57,34,8,21,-5.8373147484651255,13
5798,66,13,88,8,-5.8387523732132625,5
5799,50,27,95,16,-5.842548173117497,11
5800,93,23,16,12,-5.842811946264205,11
5801,69,40,13,24,-5.843363292908417,16
5802,74,11,49,6,-5.844136641014432,5
5803,14,17,65,9,-5.850273562995321,8
5804,79,12,80,6,-5.851472407179259,6
5805,93,16,75,9,-5.854064268882732,7
5806,51,52,104,33,-5.856995324327739,19
5807,112,21,7,13,-5.863389950487477,8
5808,7,17,34,10,-5.863504951401842,7
5809,8,31,18,20,-5.865710785121708,11
5810,95,36,54,20,-5.865979569344116,16
5811,53,54,68,32,-5.8668125784316985,22
5812,98,18,55,11,-5.870446924304781,7
5813,49,24,75,14,-5.87222587527219,10
5814,91,19,51,12,-5.873980399232273,7
5815,31,12,28,7,-5.876337878232255,5
5816,36,12,46,7,-5.882094180819337,5
5817,74,22,102,13,-5.882481039476397,9
5818,108,17,75,10,-5.885506345854971,7
5819,57,15,10,10,-5.887280827061498,5
5820,43,16,17,9,-5.888801333071097,7
5821,3,11,37,6,-5.889738338475403,5
5822,40,52,65,30,-5.891062339928423,22
5823,68,15,101,10,-5.891939886749792,5
5824,70,12,15,6,-5.893160304355028,6
5825,9,45,75,27,-5.89399328159944,18
5826,3,18,54,10,-5.900167075724966,8
5827,20,51,65,32,-5.9122074355427685,19
5828,15,35,60,20,-5.913095508650004,15
5829,110,22,37,12,-5.913666685850415,10
5830,68,39,54,24,-5.918584354683417,15
5831,7,23,78,12,-5.919551023484507,11
5832,60,18,61,10,-5.9227502194184884,8
5833,114,20,73,12,-5.924435121305102,8
5834,104,26,53,15,-5.936620222245529,11
5835,53,15,28,9,-5.94574436463327,6
5836,81,19,114,10,-5.947687005963305,9
5837,65,56,27,34,-5.9505220277082325,22
5838,94,11,15,7,-5.950826718725541,4
5839,10,12,97,6,-5.9508315819177,6
5840,29,36,39,19,-5.956678982890229,17
5841,40,18,97,11,-5.9669184161403885,7
5842,81,16,47,10,-5.967835030110961,6
5843,8,30,78,18,-5.971195592839113,12
5844,94,18,114,10,-5.974081788881618,8
5845,18,20,64,12,-5.974775055211903,8
5846,77,19,53,11,-5.976513729958847,8
5847,109,13,71,8,-5.977466642753509,5
5848,37,17,94,10,-5.9815536162143665,7
5849,97,28,87,18,-5.983886061129735,10
5850,31,25,114,14,-5.991876520395491,11
5851,29,18,28,10,-5.99194760387537,8
5852,54,21,94,12,-6.000772945562414,9
5853,5,47,106,29,-6.005839560090041,18
5854,9,51,65,31,-6.006217714596816,20
5855,37,39,13,23,-6.006726113746223,16
5856,104,69,107,41,-6.010771127855346,28
5857,53,37,16,23,-6.0109581007292086,14
5858,13,50,81,31,-6.016435190824957,19
5859,35,18,27,11,-6.016767935838181,7
5860,78,33,100,20,-6.022823700055431,13
5861,64,11,72,6,-6.027952830317363,5
5862,51,52,76,32,-6.028510240188194,20
5863,68,10,26,6,-6.030745942778485,4
5864,98,24,7,15,-6.033686003781979,9
5865,55,41,104,24,-6.036207114699969,17
5866,63,62,8,35,-6.040704829296192,27
5867,86,39,69,23,-6.048519108301492,16
5868,68,22,20,12,-6.050979140814712,10
5869,28,22,41,13,-6.053005216366935,9
5870,60,50,55,29,-6.053838967638277,21
5871,84,22,98,14,-6.061006275589921,8
5872,89,13,39,9,-6.063811960212471,4
5873,81,19,41,12,-6.074672741507837,7
5874,102,13,23,7,-6.080684731147932,6
5875,84,26,9,15,-6.089357364465301,11
5876,108,14,96,8,-6.092516088942799,6
5877,69,16,62,9,-6.098141811871047,7
5878,15,12,84,7,-6.098921486728437,5
5879,49,16,94,10,-6.107430579924266,6
5880,7,12,90,7,-6.108519045195328,5
5881,48,13,10,8,-6.11091450287738,5
5882,66,24,107,14,-6.11591039623151,10
5883,31,13,81,9,-6.117159791325402,4
5884,48,17,29,10,-6.127198243730572,7
5885,48,17,76,11,-6.130488708954145,6
5886,87,34,108,20,-6.134450068341464,14
5887,43,15,23,9,-6.148918923918837,6
5888,74,24,73,15,-6.15033234594065,9
5889,68,48,114,28,-6.151577271829131,20
5890,7,32,100,19,-6.153012622391108,13
5891,100,85,16,52,-6.158125779363421,33
5892,100,25,23,15,-6.1602001909122555,10
5893,28,58,104,34,-6.1611678298334525,24
5894,87,80,8,47,-6.164483005102675,33
5895,36,47,13,29,-6.167141158071527,18
5896,38,29,88,19,-6.167217194110328,10
5897,93,10,80,5,-6.175234905241022,5
5898,28,17,47,10,-6.182374184386464,7
5899,40,73,13,42,-6.184837754544506,31
5900,72,25,54,16,-6.18636494181489,9
5901,51,120,86,67,-6.192505636400962,53
5902,63,21,90,12,-6.196182582339524,9
5903,68,38,11,22,-6.199112684088249,16
5904,2,28,63,16,-6.200018491851488,12
5905,70,28,74,15,-6.203999405338757,13
5906,71,30,50,17,-6.204695227712774,13
5907,88,26,108,16,-6.206778138596414,10
5908,84,15,35,9,-6.209299301194261,6
5909,70,24,114,15,-6.214622620602995,9
5910,70,37,28,22,-6.2149266559981875,15
5911,58,14,55,8,-6.218287556947674,6
5912,100,15,53,9,-6.219411389232117,6
5913,94,10,95,5,-6.229015093991729,5
5914,39,22,23,13,-6.230763513729903,9
5915,5,48,114,28,-6.237633533478719,20
5916,63,49,37,30,-6.239339617220504,19
5917,83,18,39,11,-6.2510896629152946,7
5918,81,24,39,15,-6.2522820107309345,9
5919,46,10,48,6,-6.2577441282220505,4
5920,55,65,107,38,-6.262965189618901,27
5921,95,12,15,7,-6.265255655621165,5
5922,86,51,41,32,-6.266690108129252,19
5923,53,15,89,8,-6.26765697101517,7
5924,5,45,20,28,-6.270373633442779,17
5925,70,24,55,14,-6.2726471619319275,10
5926,57,10,58,6,-6.279197954526329,4
5927,4,21,86,13,-6.279484499549702,8
5928,93,14,29,8,-6.281843189307092,6
5929,4,15,12,10,-6.285579029533404,5
5930,108,15,76,9,-6.2867904412941416,6
5931,12,21,103,11,-6.287242021948446,10
5932,68,68,40,42,-6.288399173895761,26
5933,84,18,100,12,-6.292769168431846,6
5934,102,36,28,21,-6.294379170221608,15
5935,103,26,13,17,-6.295738654298713,9
5936,50,19,3,11,-6.302491398681792,8
5937,38,19,12,11,-6.3085292778751665,8
5938,72,15,63,10,-6.312635272602196,5
5939,49,25,72,15,-6.33434766926384,10
5940,7,34,28,21,-6.339260574445828,13
5941,91,16,15,8,-6.341064031534599,8
5942,9,43,28,24,-6.342362216975378,19
5943,46,12,27,8,-6.342403139124134,4
5944,96,17,85,12,-6.345069391274803,5
5945,19,15,50,9,-6.35321554042688,6
5946,27,13,92,7,-6.356396578041118,6
5947,46,24,7,16,-6.3620461131037525,8
5948,37,10,56,6,-6.367440662879469,4
5949,102,15,33,9,-6.371524301983967,6
5950,98,20,70,13,-6.375551069484688,7
5951,27,16,28,11,-6.382931621067466,5
5952,96,13,33,6,-6.392035038140804,7
5953,70,62,54,37,-6.3937515742988325,25
5954,49,12,79,8,-6.395374558799645,4
5955,103,19,43,12,-6.396904626354191,7
5956,37,20,80,12,-6.401050818487375,8
5957,55,21,48,13,-6.406579400537664,8
5958,87,24,102,15,-6.406634622587073,9
5959,72,11,6,6,-6.413604067518455,5
5960,65,38,64,22,-6.415105269042927,16
5961,62,20,7,12,-6.416308867276496,8
5962,68,23,29,14,-6.416741070326833,9
5963,63,33,64,19,-6.416872486726011,14
5964,23,10,61,6,-6.419517618014349,4
5965,48,28,84,17,-6.421668889523295,11
5966,80,23,96,14,-6.423400971659432,9
5967,100,21,75,11,-6.42687784088126,10
5968,74,15,89,9,-6.429670108852098,6
5969,94,18,69,11,-6.4324341241447325,7
5970,54,28,93,18,-6.453790444084363,10
5971,91,20,8,12,-6.453847873736635,8
5972,10,15,11,9,-6.454288934219355,6
5973,8,36,34,22,-6.455674458733871,14
5974,15,12,35,6,-6.4672967653015005,6
5975,68,11,98,7,-6.46992769597506,4
5976,97,56,86,33,-6.486588721597318,23
5977,76,28,112,16,-6.4984423567384235,12
5978,100,13,20,8,-6.50325522303495,5
5979,55,29,74,17,-6.503619546467792,12
5980,17,49,16,32,-6.505301722134046,17
5981,97,14,39,9,-6.507571487367288,5
5982,65,66,55,39,-6.5120252706716855,27
5983,37,28,30,18,-6.513690830607849,10
5984,66,20,60,13,-6.515171561917174,7
5985,38,30,37,18,-6.5188975255259205,12
5986,49,30,54,18,-6.5231488423200235,12
5987,64,16,44,10,-6.52641817446092,6
5988,38,12,102,9,-6.529266346603467,3
5989,80,13,91,8,-6.531108694088667,5
5990,34,14,94,8,-6.531647534575399,6
5991,3,38,30,25,-6.5390107208183155,13
5992,87,91,13,56,-6.543291885460062,35
5993,23,32,106,17,-6.549055396089183,15
5994,41,28,23,17,-6.550829980754915,11
5995,97,26,55,16,-6.559887224901373,10
5996,30,15,112,10,-6.562692428407155,5
5997,91,15,74,9,-6.5630560139016625,6
5998,63,31,75,18,-6.570041946714361,13
5999,114,26,53,15,-6.571088082289223,11
6000,57,28,84,15,-6.577348977317856,13
6001,101,11,27,7,-6.582303845846215,4
6002,73,29,86,16,-6.584732384148774,13
6003,30,14,74,8,-6.5938045244110794,6
6004,109,23,50,14,-6.59737646890257,9
6005,13,16,73,10,-6.598047492921338,6
6006,13,52,71,30,-6.60226683262218,22
6007,93,13,30,8,-6.605367379129465,5
6008,35,25,11,15,-6.6098986532599575,10
6009,77,12,102,7,-6.618078815941925,5
6010,5,48,25,29,-6.626414170343123,19
6011,63,29,98,17,-6.629039814212707,12
6012,37,22,39,13,-6.6321566948630455,9
6013,65,30,4,18,-6.635600395573754,12
6014,71,16,74,9,-6.635644376222863,7
6015,77,33,39,19,-6.643719451133023,14
6016,5,26,32,16,-6.647447060451904,10
6017,37,19,71,11,-6.653996053488668,8
6018,69,47,16,29,-6.655151927437225,18
6019,71,11,83,6,-6.6562053803338666,5
6020,109,54,16,33,-6.6635039735893065,21
6021,54,20,85,13,-6.664179187550934,7
6022,88,15,14,9,-6.66936824683007,6
6023,39,105,16,62,-6.673844360608354,43
6024,31,38,64,23,-6.680717740842573,15
6025,54,11,99,7,-6.681725927932733,4
6026,23,25,63,16,-6.701335055503617,9
6027,53,49,107,30,-6.70149032705793,19
6028,74,15,83,8,-6.7032980304888605,7
6029,64,41,16,25,-6.714003154813044,16
6030,97,35,28,22,-6.716635909782018,13
6031,55,32,30,20,-6.725062001131896,12
6032,20,11,43,6,-6.726970372628883,5
6033,96,38,74,24,-6.731828732252366,14
6034,103,35,86,22,-6.739857861632249,13
6035,80,13,41,8,-6.741244434437033,5
6036,19,16,104,10,-6.74217179249715,6
6037,68,13,45,8,-6.747691137383074,5
6038,71,10,94,6,-6.748460655059326,4
6039,109,27,63,15,-6.749986635160675,12
6040,50,17,33,10,-6.750798742645289,7
6041,88,43,39,26,-6.751316626963761,17
6042,29,43,65,26,-6.767708276680646,17
6043,17,18,103,12,-6.777134032154199,6
6044,42,10,8,5,-6.780541784776636,5
6045,57,20,97,12,-6.781237277284942,8
6046,108,15,79,10,-6.783855393965386,5
6047,87,29,80,18,-6.78798453778918,11
6048,38,14,2,8,-6.79244823778732,6
6049,100,15,47,9,-6.79657524504294,6
6050,49,16,28,9,-6.801284823553006,7
6051,43,11,47,7,-6.8051494544489435,4
6052,108,14,28,8,-6.806119384401873,6
6053,28,21,14,14,-6.807027415542907,7
6054,102,22,50,12,-6.809919414830618,10
6055,19,26,41,17,-6.815072252782256,9
6056,76,26,13,16,-6.8154218328225875,10
6057,4,13,56,7,-6.8162735158796925,6
6058,31,69,68,41,-6.821634358561019,28
6059,30,33,29,21,-6.824118744840726,12
6060,106,25,95,16,-6.830338155584791,9
6061,114,18,76,12,-6.831521332050889,6
6062,29,15,20,9,-6.832826874702709,6
6063,47,28,75,19,-6.839491111976111,9
6064,51,99,7,62,-6.849475435937795,37
6065,4,43,60,24,-6.864343045215707,19
6066,69,19,29,11,-6.870269758663408,8
6067,99,15,106,10,-6.882359612487443,5
6068,112,17,18,11,-6.8872676099947565,6
6069,67,13,88,9,-6.891493842154362,4
6070,14,16,39,9,-6.892280896151707,7
6071,9,52,16,34,-6.896262542179418,18
6072,68,21,58,13,-6.9046526848664955,8
6073,3,11,80,6,-6.906722559077836,5
6074,102,15,29,10,-6.909701748447181,5
6075,76,31,98,19,-6.914503913195636,12
6076,40,39,87,22,-6.915208460636838,17
6077,13,44,47,27,-6.918967707744426,17
6078,88,133,16,82,-6.922409526264905,51
6079,39,23,58,14,-6.923348925217789,9
6080,58,29,16,17,-6.92925764290842,12
6081,96,83,86,51,-6.93405772836464,32
6082,88,12,99,7,-6.939131232028662,5
6083,50,33,60,18,-6.944865376684981,15
6084,52,24,86,15,-6.945114778958062,9
6085,88,20,58,12,-6.951724289335951,8
6086,51,25,4,16,-6.952578906103848,9
6087,50,19,91,12,-6.959059467736709,7
6088,104,18,32,12,-6.959225086389552,6
6089,39,15,111,9,-6.9608600117118025,6
6090,36,34,16,21,-6.9623095532486765,13
6091,97,23,18,14,-6.9651635757198616,9
6092,51,45,64,27,-6.974550677142921,18
6093,8,48,109,28,-6.974985396847095,20
6094,6,12,15,8,-6.9844847610743175,4
6095,30,30,53,18,-6.98498975026545,12
6096,55,20,17,11,-6.987444025974708,9
6097,13,24,111,13,-6.9889422498925144,11
6098,5,15,62,9,-6.992708759597398,6
6099,69,13,40,9,-7.006717860168273,4
6100,68,16,80,10,-7.020946425736165,6
6101,40,15,95,9,-7.026458120737084,6
6102,43,10,80,6,-7.031005677454653,4
6103,27,19,37,12,-7.034792767414977,7
6104,60,18,94,11,-7.0351599724686675,7
6105,87,130,16,78,-7.036743766593649,52
6106,91,44,16,29,-7.037805977457202,15
6107,17,22,11,13,-7.039864252889303,9
6108,87,44,76,28,-7.052907691949813,16
6109,18,25,63,16,-7.057051865944987,9
6110,36,18,99,12,-7.061516094995867,6
6111,63,65,51,37,-7.0629792709775,28
6112,25,50,37,29,-7.070541112352608,21
6113,53,10,85,7,-7.078145746437185,3
6114,12,15,63,8,-7.082818499870269,7
6115,3,27,104,17,-7.08628040850776,10
6116,55,21,27,14,-7.087211713998168,7
6117,38,26,63,18,-7.091217263422915,8
6118,19,35,51,23,-7.0943153101443945,12
6119,45,10,1,6,-7.100044646871245,4
6120,54,32,100,20,-7.1062650526850275,12
6121,55,51,40,32,-7.109300201154281,19
6122,7,33,45,20,-7.1141476412284765,13
6123,83,30,86,20,-7.11486297608935,10
6124,35,10,57,7,-7.121001943594234,3
6125,107,12,67,8,-7.124134838046413,4
6126,48,39,86,24,-7.1268588442054295,15
6127,93,12,13,7,-7.127658172301537,5
6128,15,39,27,22,-7.136849333340006,17
6129,78,13,33,8,-7.142209395263028,5
6130,69,12,111,7,-7.144443379259749,5
6131,51,26,97,17,-7.145200913148903,9
6132,37,14,29,8,-7.147246302868524,6
6133,86,75,100,44,-7.15091803154684,31
6134,77,30,41,20,-7.157604762874669,10
6135,14,14,86,8,-7.166696838482465,6
6136,112,16,36,10,-7.175574629533444,6
6137,29,24,98,15,-7.180316216962129,9
6138,88,50,63,32,-7.181466866993262,18
6139,39,18,90,10,-7.188846058446482,8
6140,43,15,112,9,-7.1893251112725824,6
6141,95,14,14,9,-7.1971223272437035,5
6142,38,18,27,12,-7.20762990385956,6
6143,93,14,98,8,-7.212314028509714,6
6144,108,12,72,8,-7.213712770239643,4
6145,103,28,107,17,-7.2169193787171295,11
6146,30,16,114,9,-7.223280031087748,7
6147,90,15,41,9,-7.225732946536368,6
6148,90,12,3,7,-7.229183550562685,5
6149,40,27,114,18,-7.240772461331045,9
6150,9,45,87,27,-7.244298477634305,18
6151,5,14,31,9,-7.246607645789557,5
6152,8,42,13,26,-7.249552270590034,16
6153,96,12,69,8,-7.252755690648866,4
6154,81,19,75,12,-7.259552889264537,7
6155,98,17,20,11,-7.267496359610289,6
6156,70,16,110,10,-7.267896542251019,6
6157,68,20,55,13,-7.2739791513354835,7
6158,17,18,23,11,-7.286484354574565,7
6159,54,18,2,12,-7.287492324178091,6
6160,40,31,43,18,-7.287691070183644,13
6161,68,32,23,18,-7.289923232946887,14
6162,87,44,78,27,-7.297227038738768,17
6163,92,17,51,10,-7.298086943273571,7
6164,98,27,5,16,-7.2988387616369135,11
6165,106,65,13,40,-7.303693924530705,25
6166,3,28,78,16,-7.304787220480848,12
6167,5,42,70,25,-7.323141246130925,17
6168,88,30,62,18,-7.323841783087015,12
6169,109,24,100,16,-7.329916484501671,8
6170,2,16,75,9,-7.332326563651876,7
6171,11,19,75,11,-7.336654356306241,8
6172,104,41,40,26,-7.342291894534158,15
6173,114,18,23,12,-7.3449426375970175,6
6174,61,11,41,7,-7.351525315520968,4
6175,49,25,34,15,-7.352338099314809,10
6176,33,16,25,11,-7.365926272964513,5
6177,61,10,106,7,-7.366885826585401,3
6178,80,14,31,10,-7.367135464628979,4
6179,88,12,56,7,-7.371104573008601,5
6180,71,10,73,6,-7.37323406519455,4
6181,23,48,13,27,-7.373546879981892,21
6182,81,19,71,12,-7.374213709282576,7
6183,92,15,16,11,-7.376894869640721,4
6184,56,22,7,13,-7.387479337914442,9
6185,28,15,10,10,-7.394064388880875,5
6186,76,14,75,8,-7.401272000460671,6
6187,94,11,20,7,-7.404911652749632,4
6188,91,10,77,6,-7.405339289847274,4
6189,20,30,70,19,-7.408681007686707,11
6190,41,34,36,18,-7.412500474371832,16
6191,12,19,98,12,-7.414506258384082,7
6192,5,18,73,11,-7.416873021801379,7
6193,15,30,8,17,-7.419542784867986,13
6194,62,17,30,10,-7.428902113557478,7
6195,38,22,109,15,-7.438674819296077,7
6196,16,24,6,13,-7.439865172191105,11
6197,71,12,11,7,-7.444969376445685,5
6198,77,16,74,10,-7.445248923450912,6
6199,87,32,34,20,-7.453732258611382,12
6200,69,18,47,11,-7.454070061027654,7
6201,80,11,27,7,-7.461746767808682,4
6202,53,12,45,7,-7.463487107897498,5
6203,36,14,70,8,-7.476080415111225,6
6204,76,15,71,8,-7.4875920550169335,7
6205,109,21,7,13,-7.49374057253885,8
6206,46,50,16,32,-7.494318856216716,18
6207,87,66,68,41,-7.496022329620562,25
6208,93,10,64,5,-7.507177747442427,5
6209,61,16,107,9,-7.509321940652875,7
6210,47,11,85,8,-7.514718359567318,3
6211,17,39,86,22,-7.514722263451874,17
6212,66,17,65,11,-7.515278237298981,6
6213,63,78,16,48,-7.518479527228763,30
6214,31,11,6,6,-7.520489323813347,5
6215,17,18,41,12,-7.526219064648916,6
6216,55,11,6,8,-7.526848268362221,3
6217,7,16,33,9,-7.5321884826380465,7
6218,46,10,85,7,-7.538229298143683,3
6219,55,74,16,47,-7.540678563620174,27
6220,72,18,76,12,-7.55247559273426,6
6221,112,31,53,17,-7.574348903828082,14
6222,112,17,58,10,-7.574468513714297,7
6223,109,14,62,7,-7.5814799083377205,7
6224,85,12,3,6,-7.5842525005471515,6
6225,8,33,68,20,-7.584696960899655,13
6226,114,31,28,18,-7.584853881328922,13
6227,36,10,72,6,-7.585561627806541,4
6228,84,18,103,10,-7.589982363677433,8
6229,36,20,18,12,-7.594902878501233,8
6230,69,32,60,18,-7.6138451240077565,14
6231,27,14,71,9,-7.620974472293361,5
6232,27,32,54,19,-7.625689172762683,13
6233,3,28,28,17,-7.638630473496032,11
6234,5,29,97,19,-7.6394183021151285,10
6235,60,11,70,7,-7.646435749026205,4
6236,31,13,33,7,-7.647223417443057,6
6237,60,39,104,27,-7.655966632440938,12
6238,66,11,104,8,-7.658809119364056,3
6239,112,29,27,18,-7.661494705671576,11
6240,96,24,37,14,-7.665844925696508,10
6241,49,10,108,6,-7.66866894133045,4
6242,9,38,8,21,-7.6727541362269935,17
6243,11,32,5,20,-7.687442157533872,12
6244,70,37,87,21,-7.689912827762475,16
6245,7,25,111,15,-7.690323425771979,10
6246,108,12,100,8,-7.691556938747869,4
6247,96,11,62,8,-7.693312023908734,3
6248,1,28,86,17,-7.696680317913665,11
6249,68,61,75,39,-7.698232004910779,22
6250,103,12,8,8,-7.7073602754994885,4
6251,96,21,114,13,-7.708209589747937,8
6252,104,17,78,11,-7.72449974280056,6
6253,101,14,16,9,-7.729447625525019,5
6254,29,18,46,9,-7.738693511487552,9
6255,84,11,44,6,-7.74146437073986,5
6256,111,10,30,7,-7.744421754490768,3
6257,68,29,28,19,-7.748993038967355,10
6258,53,28,87,16,-7.750137979593175,12
6259,51,19,111,12,-7.750696049131197,7
6260,73,11,53,7,-7.756297558195459,4
6261,114,14,92,10,-7.774797164908201,4
6262,17,19,72,12,-7.778851597585445,7
6263,111,10,47,6,-7.786638633209638,4
6264,31,31,107,16,-7.788469010128701,15
6265,86,43,98,26,-7.794241978231682,17
6266,110,12,114,8,-7.800316810979699,4
6267,46,46,25,27,-7.8204011950255445,19
6268,108,14,54,10,-7.821734358546889,4
6269,49,74,39,48,-7.824718155930495,26
6270,17,22,5,15,-7.829641724195978,7
6271,77,34,30,21,-7.831021537409563,13
6272,93,16,70,10,-7.834949393241651,6
6273,1,20,114,13,-7.837742070296789,7
6274,103,22,39,13,-7.848671351459478,9
6275,78,51,27,34,-7.852306313908782,17
6276,43,40,100,24,-7.852959068336605,16
6277,66,13,11,7,-7.856337586346076,6
6278,91,26,106,17,-7.859341034872009,9
6279,35,12,44,7,-7.859665557157527,5
6280,2,30,28,19,-7.862984699152352,11
6281,90,25,114,15,-7.8701656835045455,10
6282,77,35,27,22,-7.8745216976485,13
6283,40,34,54,21,-7.877426017050995,13
6284,94,18,3,11,-7.8995884826671166,7
6285,29,16,17,9,-7.89967630532443,7
6286,90,14,53,9,-7.9010322992925905,5
6287,31,11,78,6,-7.904414780494012,5
6288,38,13,71,9,-7.906029048659732,4
6289,82,10,88,6,-7.912578083642501,4
6290,98,20,108,12,-7.913100401728397,8
6291,33,13,30,9,-7.913395188124868,4
6292,109,19,94,11,-7.9148603170784515,8
6293,71,19,98,12,-7.940784287039028,7
6294,86,46,43,29,-7.944824738230936,17
6295,66,15,87,9,-7.946121045220587,6
6296,88,43,15,29,-7.9565940295654904,14
6297,50,44,75,29,-7.963443352466475,15
6298,84,28,5,17,-7.986435375626319,11
6299,40,16,98,9,-7.993416961646093,7
6300,96,19,102,12,-7.995631160966492,7
6301,98,31,91,19,-8.010154956050261,12
6302,5,28,65,17,-8.01209130053563,11
6303,9,11,35,6,-8.012816785902416,5
6304,52,12,63,7,-8.01519600341839,5
6305,69,39,49,22,-8.022601173310019,17
6306,34,28,78,17,-8.02340892327558,11
6307,18,18,100,10,-8.035989461751754,8
6308,48,15,98,10,-8.040930745507076,5
6309,49,26,41,16,-8.041588758256559,10
6310,39,55,30,32,-8.047157218235913,23
6311,37,19,89,10,-8.048334757683454,9
6312,12,32,78,22,-8.048414206300377,10
6313,84,36,20,25,-8.048616703285953,11
6314,46,15,19,9,-8.056646218005667,6
6315,39,46,18,29,-8.059585267290437,17
6316,68,29,97,18,-8.0623155896758,11
6317,39,19,110,13,-8.071999499945951,6
6318,70,18,50,10,-8.072010588554928,8
6319,97,16,110,10,-8.077466293642962,6
6320,32,17,8,10,-8.079749532998788,7
6321,4,17,43,10,-8.083539648296876,7
6322,94,36,27,23,-8.09009745193836,13
6323,51,14,73,9,-8.097743889322738,5
6324,81,18,77,11,-8.103239112093918,7
6325,87,72,27,45,-8.104544650164842,27
6326,77,17,17,10,-8.106011789729994,7
6327,114,14,72,8,-8.112992267571087,6
6328,68,68,39,41,-8.117049319914761,27
6329,111,11,81,8,-8.120062859865858,3
6330,98,12,9,7,-8.123745049728663,5
6331,110,11,20,7,-8.125291114928709,4
6332,55,36,50,21,-8.131693382626928,15
6333,102,24,107,14,-8.132228988483364,10
6334,107,14,56,8,-8.14241374429404,6
6335,112,10,4,6,-8.145974306589785,4
6336,64,19,70,13,-8.153009023968611,6
6337,65,26,18,16,-8.153871588166583,10
6338,53,29,27,19,-8.155521497979043,10
6339,57,16,38,9,-8.179065570967875,7
6340,40,16,92,10,-8.191919233506125,6
6341,39,25,74,15,-8.195535087876934,10
6342,33,17,68,11,-8.205627093372602,6
6343,81,11,80,6,-8.214427134711952,5
6344,40,14,112,8,-8.221202026655064,6
6345,71,10,99,6,-8.224966300288866,4
6346,7,31,37,19,-8.226042864777217,12
6347,106,21,69,13,-8.230262561693126,8
6348,1,18,75,12,-8.241769187322507,6
6349,76,10,93,6,-8.25053412937542,4
6350,14,12,37,7,-8.266467835075428,5
6351,45,20,60,12,-8.270932074255702,8
6352,91,18,41,12,-8.276671952774398,6
6353,79,14,15,8,-8.279617988476957,6
6354,106,31,90,21,-8.283845461248367,10
6355,58,10,109,6,-8.291034573977958,4
6356,56,17,86,11,-8.300855291965847,6
6357,63,13,92,7,-8.301235837359338,6
6358,109,13,91,8,-8.302894097359493,5
6359,109,23,74,15,-8.306575916019817,8
6360,46,43,37,29,-8.306667442353499,14
6361,51,20,79,11,-8.309517555811905,9
6362,9,15,25,10,-8.323455878342044,5
6363,68,23,72,15,-8.332143394635237,8
6364,96,25,48,16,-8.343995751105185,9
6365,31,33,41,21,-8.353957395244581,12
6366,5,22,7,14,-8.357081514884822,8
6367,94,28,39,17,-8.363460408949937,11
6368,25,45,7,29,-8.372806618348298,16
6369,68,25,62,15,-8.382615098007266,10
6370,43,46,107,29,-8.395930028533934,17
6371,61,12,69,9,-8.397253145469623,3
6372,13,49,30,31,-8.401319363935377,18
6373,51,27,94,17,-8.403248207266076,10
6374,67,14,109,7,-8.410228891959633,7
6375,98,24,13,16,-8.418621294860284,8
6376,102,12,41,8,-8.421036787338002,4
6377,90,19,73,12,-8.42410199186246,7
6378,114,20,55,13,-8.432483182241098,7
6379,70,24,96,13,-8.43741799102626,11
6380,49,48,107,31,-8.440865653393345,17
6381,41,24,8,16,-8.446748885751395,8
6382,96,14,95,9,-8.450373982592186,5
6383,12,23,53,14,-8.460797624804181,9
6384,20,37,63,22,-8.464473402081476,15
6385,112,26,39,16,-8.464674026518868,10
6386,48,20,50,13,-8.466418162124782,7
6387,19,31,103,19,-8.46828047817235,12
6388,66,11,30,8,-8.470012652510327,3
6389,85,14,55,9,-8.476039600481299,5
6390,43,59,13,34,-8.480788752229824,25
6391,69,19,104,13,-8.491359963005362,6
6392,40,28,64,18,-8.496071624321132,10
6393,45,10,91,6,-8.504304930616431,4
6394,109,10,33,6,-8.506616474826913,4
6395,8,35,95,21,-8.511725721270736,14
6396,77,11,80,7,-8.51548819382583,4
6397,9,22,20,14,-8.515923532058862,8
6398,69,22,81,13,-8.51799786685539,9
6399,61,20,53,14,-8.524850655507475,6
6400,63,11,110,7,-8.534985747455591,4
6401,13,24,26,16,-8.537936884857828,8
6402,65,13,91,8,-8.541931736396268,5
6403,35,12,94,7,-8.545638882275085,5
6404,67,15,16,10,-8.550473387804702,5
6405,2,11,94,7,-8.550586885180524,4
6406,36,11,78,7,-8.552435160203325,4
6407,68,23,103,14,-8.554646323444773,9
6408,16,14,26,8,-8.561151203860886,6
6409,71,13,91,8,-8.567246551132914,5
6410,107,25,111,14,-8.570266784296766,11
6411,93,10,49,6,-8.572163796775678,4
6412,104,22,9,14,-8.574493523715214,8
6413,55,23,95,15,-8.575006509864881,8
6414,87,22,4,15,-8.590843038311565,7
6415,107,34,2,22,-8.596357154255273,12
6416,6,23,44,16,-8.597523681350717,7
6417,6,22,13,14,-8.600067561462975,8
6418,94,23,76,16,-8.600986903139278,7
6419,14,22,16,14,-8.606971231031414,8
6420,65,16,85,10,-8.614950001639382,6
6421,114,12,77,7,-8.61684502256807,5
6422,81,20,19,13,-8.651149746915294,7
6423,8,28,73,17,-8.656865963639591,11
6424,103,17,88,10,-8.661440228649823,7
6425,58,12,70,8,-8.66252309250944,4
6426,54,11,53,7,-8.670288326383611,4
6427,31,12,19,8,-8.676840084796208,4
6428,77,26,12,16,-8.680351323216602,10
6429,20,41,39,24,-8.683414479878408,17
6430,47,12,54,7,-8.685088894357262,5
6431,77,13,46,8,-8.692557302357292,5
6432,3,16,38,10,-8.700552917920668,6
6433,62,23,28,14,-8.703867920620004,9
6434,86,15,45,9,-8.710518828201984,6
6435,43,23,49,15,-8.714112208416493,8
6436,3,27,40,18,-8.719928293728282,9
6437,17,22,4,15,-8.727735068009611,7
6438,46,26,57,16,-8.73890097930274,10
6439,32,11,65,7,-8.739314169667134,4
6440,106,14,38,7,-8.745019433529976,7
6441,85,12,41,7,-8.754152386383815,5
6442,52,16,28,10,-8.757305556361812,6
6443,84,34,8,22,-8.76285424467774,12
6444,84,37,74,21,-8.764103490564016,16
6445,1,27,16,19,-8.777340054296332,8
6446,99,14,77,10,-8.784719144285264,4
6447,107,11,26,7,-8.789963547813732,4
6448,46,12,6,7,-8.79137101803374,5
6449,19,18,63,12,-8.792724982250471,6
6450,12,36,60,20,-8.796940948337134,16
6451,89,16,48,12,-8.797618045530104,4
6452,42,10,106,7,-8.802546839644405,3
6453,47,18,36,12,-8.810892372607714,6
6454,87,53,43,34,-8.812607186416622,19
6455,19,19,84,12,-8.81339664085273,7
6456,109,56,54,37,-8.813849660874386,19
6457,77,22,63,15,-8.819997532642512,7
6458,36,19,63,12,-8.822881427312195,7
6459,87,15,32,10,-8.844155029434871,5
6460,3,20,20,13,-8.846112059849585,7
6461,93,47,65,28,-8.847119413638655,19
6462,51,16,35,10,-8.849945437990394,6
6463,68,21,34,13,-8.850128344712713,8
6464,12,15,6,8,-8.87368712650089,7
6465,98,12,112,8,-8.873991556640123,4
6466,107,24,45,15,-8.882581208643296,9
6467,13,23,90,15,-8.883764352926047,8
6468,97,12,69,8,-8.888377862411462,4
6469,38,33,16,24,-8.892839303764042,9
6470,12,32,94,19,-8.90023153026558,13
6471,11,24,49,16,-8.900579343322859,8
6472,10,15,63,10,-8.910939208335906,5
6473,25,19,110,13,-8.91770167255822,6
6474,88,10,26,6,-8.919527282390273,4
6475,29,29,84,18,-8.921575167609983,11
6476,98,15,3,8,-8.926309600802394,7
6477,29,22,49,14,-8.92665983569728,8
6478,31,12,73,8,-8.93891957013575,4
6479,74,26,51,18,-8.938947542412071,8
6480,70,11,73,6,-8.941351293720283,5
6481,18,53,16,35,-8.943183703612423,18
6482,91,33,87,22,-8.944507965742197,11
6483,48,14,69,8,-8.947708246863764,6
6484,41,34,11,23,-8.953991407123155,11
6485,38,27,30,19,-8.95481970598398,8
6486,30,16,17,9,-8.956802894861456,7
6487,81,14,11,9,-8.967824856070829,5
6488,114,20,47,12,-8.969382880850311,8
6489,103,19,34,13,-8.970243702574697,6
6490,36,18,97,11,-8.970668153566258,7
6491,72,25,39,16,-8.98071613805682,9
6492,80,15,78,10,-8.990142670025016,5
6493,65,25,1,15,-9.00217902882169,10
6494,5,64,8,40,-9.002251377410767,24
6495,50,19,85,12,-9.007921978503544,7
6496,36,15,5,9,-9.008614310253616,6
6497,39,25,91,16,-9.014113578195186,9
6498,108,21,48,14,-9.016454394528633,7
6499,102,33,65,22,-9.020601459305995,11
6500,13,30,58,21,-9.026130196301361,9
6501,37,20,49,12,-9.027668819657334,8
6502,87,55,7,36,-9.031940434035896,19
6503,45,16,35,9,-9.040031591861498,7
6504,51,31,95,21,-9.0604562345489,10
6505,86,29,44,19,-9.073857704921483,10
6506,55,14,49,9,-9.07453979611351,5
6507,107,39,80,26,-9.074881524481428,13
6508,40,16,57,10,-9.07504759076948,6
6509,103,30,11,21,-9.075766698083198,9
6510,3,21,53,14,-9.076818822513886,7
6511,11,40,100,26,-9.077095643242167,14
6512,75,12,94,8,-9.08090116606965,4
6513,45,11,58,7,-9.091525705777384,4
6514,31,15,109,10,-9.113887572404181,5
6515,17,11,92,7,-9.114563540800479,4
6516,2,13,57,8,-9.119959996501732,5
6517,112,23,28,15,-9.120223564016392,8
6518,5,11,1,7,-9.143641454097294,4
6519,5,43,50,26,-9.15604936984071,17
6520,10,14,76,9,-9.15717818444399,5
6521,89,23,51,15,-9.157964620464854,8
6522,63,21,62,13,-9.161474645821354,8
6523,61,12,75,7,-9.169495709034498,5
6524,37,15,34,10,-9.170559355322496,5
6525,3,60,13,39,-9.173172089609375,21
6526,29,22,112,14,-9.17461030773198,8
6527,38,14,53,9,-9.179468731240128,5
6528,58,19,54,11,-9.183988111852093,8
6529,60,37,100,24,-9.187580857300913,13
6530,91,14,23,8,-9.188824217195526,6
6531,18,31,68,20,-9.190826393650623,11
6532,63,16,81,10,-9.193429569946275,6
6533,114,21,95,13,-9.195016624238175,8
6534,48,15,100,9,-9.202663576630133,6
6535,41,10,79,6,-9.204704069079497,4
6536,90,11,93,7,-9.204947446014167,4
6537,109,22,68,15,-9.205767765094535,7
6538,51,25,34,16,-9.212488951151755,9
6539,38,13,62,9,-9.220865339718122,4
6540,69,16,70,11,-9.22734622840158,5
6541,100,10,93,7,-9.229250964204907,3
6542,20,23,91,14,-9.233435902067155,9
6543,62,12,18,8,-9.234800982158575,4
6544,27,80,16,51,-9.260965999580309,29
6545,93,27,87,17,-9.265524424049662,10
6546,84,23,104,14,-9.266746412193928,9
6547,41,33,100,21,-9.267995461447091,12
6548,40,24,62,13,-9.275726600058688,11
6549,89,15,19,10,-9.286097473243418,5
6550,102,13,15,9,-9.297970992843142,4
6551,60,50,27,34,-9.301787306937486,16
6552,38,10,45,7,-9.31109379184883,3
6553,9,30,18,20,-9.325317307118524,10
6554,84,10,77,7,-9.326879307665173,3
6555,109,16,72,11,-9.33300615375834,5
6556,51,37,15,23,-9.33552825324919,14
6557,81,13,54,8,-9.33569894630605,5
6558,58,17,30,11,-9.339364724047497,6
6559,87,20,1,12,-9.344990956449259,8
6560,28,12,26,8,-9.352858082446945,4
6561,12,19,28,13,-9.36472715251189,6
6562,89,10,23,7,-9.36938210312373,3
6563,89,22,41,15,-9.373462137125664,7
6564,4,16,27,10,-9.378715415982098,6
6565,38,12,103,9,-9.379557577066373,3
6566,95,13,29,8,-9.382021477576465,5
6567,54,14,73,9,-9.382932635383147,5
6568,77,32,100,21,-9.386860810864015,11
6569,36,11,109,8,-9.390936468630551,3
6570,56,13,16,9,-9.403965360554952,4
6571,108,22,19,14,-9.421422823849973,8
6572,2,15,13,9,-9.422510080465477,6
6573,47,16,23,11,-9.428933500778964,5
6574,76,20,34,12,-9.434786757726329,8
6575,63,11,32,7,-9.44232166344675,4
6576,114,12,89,7,-9.444885030105084,5
6577,9,22,11,14,-9.452997859790166,8
6578,15,15,48,9,-9.456844892945968,6
6579,61,15,30,10,-9.46714266401481,5
6580,57,16,23,10,-9.474501256774843,6
6581,5,29,75,17,-9.487135559909316,12
6582,99,22,37,15,-9.502759058160704,7
6583,2,13,114,8,-9.509158562417845,5
6584,69,13,33,8,-9.51115802646404,5
6585,36,17,8,11,-9.51236026695053,6
6586,25,32,20,21,-9.520523686179047,11
6587,29,32,100,20,-9.521427869790516,12
6588,31,22,1,13,-9.525804060927038,9
6589,97,11,92,6,-9.525917165548371,5
6590,75,11,20,7,-9.527707505687728,4
6591,94,14,9,8,-9.535806051453793,6
6592,107,25,33,15,-9.539564483245073,10
6593,69,17,72,11,-9.540698034174632,6
6594,106,26,39,16,-9.547502317564263,10
6595,3,17,17,10,-9.55033737225928,7
6596,103,15,109,9,-9.552800514980765,6
6597,31,28,27,16,-9.569633624787402,12
6598,89,12,78,8,-9.575146537341476,4
6599,7,20,73,12,-9.582485903794176,8
6600,43,21,54,13,-9.585604342831406,8
6601,31,10,92,6,-9.586105290347549,4
6602,34,16,102,11,-9.58776658698314,5
6603,9,27,76,18,-9.592643387328541,9
6604,53,13,8,9,-9.596286006275319,4
6605,10,15,16,10,-9.607669865815328,5
6606,84,18,83,11,-9.609473734372155,7
6607,8,14,99,8,-9.611065592860319,6
6608,30,17,80,11,-9.61803117509945,6
6609,109,17,70,11,-9.623350653501724,6
6610,53,23,41,15,-9.631953807885303,8
6611,8,40,75,27,-9.637059553855455,13
6612,114,10,22,5,-9.649313306364826,5
6613,88,11,21,7,-9.65721273441522,4
6614,71,12,100,8,-9.660687520316314,4
6615,49,17,47,12,-9.661152599727629,5
6616,62,13,43,8,-9.668336863011302,5
6617,65,18,79,11,-9.675692837298339,7
6618,112,22,88,14,-9.681832903230308,8
6619,107,51,57,32,-9.683975300318242,19
6620,114,34,8,23,-9.699231858321156,11
6621,48,10,2,7,-9.702269151070572,3
6622,111,18,28,12,-9.712251206209237,6
6623,96,48,16,34,-9.712671053609277,14
6624,8,15,52,10,-9.715026692600484,5
6625,37,12,78,8,-9.719307443467276,4
6626,31,19,43,9,-9.72085277355369,10
6627,107,42,12,29,-9.73387973503095,13
6628,89,13,43,8,-9.738511238207304,5
6629,84,52,63,32,-9.747162233837335,20
6630,38,10,49,7,-9.749746841362613,3
6631,70,14,34,9,-9.755416516876583,5
6632,53,14,15,9,-9.75938988218119,5
6633,83,24,37,15,-9.78372636697842,9
6634,35,27,76,17,-9.787487717233065,10
6635,93,10,62,6,-9.798162399200411,4
6636,62,16,114,10,-9.799890996069497,6
6637,70,10,111,6,-9.807746966138032,4
6638,18,24,106,16,-9.811498602513076,8
6639,79,18,104,11,-9.811537818194267,7
6640,48,40,63,26,-9.811551158222231,14
6641,17,24,40,16,-9.815776001763272,8
6642,109,12,81,8,-9.819741316945185,4
6643,57,13,54,10,-9.824315369895022,3
6644,96,26,7,18,-9.825450759982106,8
6645,109,19,75,13,-9.83076635543319,6
6646,47,17,9,11,-9.833363334347133,6
6647,19,18,17,12,-9.838733881450878,6
6648,38,20,11,13,-9.838969868597395,7
6649,98,10,53,6,-9.839111782848333,4
6650,31,32,9,21,-9.853659783790295,11
6651,71,15,17,9,-9.87407872077162,6
6652,16,20,110,13,-9.893450419413215,7
6653,49,30,98,20,-9.894510920777588,10
6654,83,14,11,10,-9.896151919094919,4
6655,70,18,30,11,-9.913973705469942,7
6656,57,11,1,7,-9.916035104284749,4
6657,46,42,74,28,-9.91934754308771,14
6658,2,10,95,7,-9.920312629990494,3
6659,29,15,75,9,-9.923300198268766,6
6660,38,14,34,10,-9.929589574167467,4
6661,90,14,46,9,-9.960134782518509,5
6662,76,45,16,27,-9.966747555091633,18
6663,77,26,43,17,-9.97263393724616,9
6664,60,27,47,18,-9.974271287982043,9
6665,61,15,6,10,-9.976861344972216,5
6666,19,10,99,7,-9.983244859068366,3
6667,12,16,114,9,-9.985343546707199,7
6668,65,25,95,16,-9.987438820754926,9
6669,15,29,43,19,-9.989868118601175,10
6670,61,11,58,7,-9.991140661268366,4
6671,77,21,15,14,-9.998659269021648,7
6672,71,23,104,14,-10.004145398382484,9
6673,88,33,30,20,-10.005154273527152,13
6674,63,19,111,12,-10.01291034850113,7
6675,75,39,28,26,-10.021801272184058,13
6676,84,27,30,19,-10.023299208241367,8
6677,72,21,28,14,-10.026127135244147,7
6678,107,13,110,9,-10.034721322746929,4
6679,109,45,107,30,-10.034885029035213,15
6680,3,10,70,7,-10.036631807498473,3
6681,12,42,100,27,-10.046446914194261,15
6682,38,10,44,7,-10.048373138060265,3
6683,10,16,107,10,-10.056408787562024,6
6684,40,18,73,12,-10.060776256522114,6
6685,83,23,13,15,-10.067954696106945,8
6686,49,16,40,10,-10.077718304922938,6
6687,47,22,11,15,-10.083499798816085,7
6688,54,21,71,13,-10.113144202991709,8
6689,36,36,53,25,-10.114732824687984,11
6690,29,11,74,7,-10.117149758840515,4
6691,114,12,78,7,-10.123963867745248,5
6692,31,37,53,23,-10.136338371296794,14
6693,23,11,96,7,-10.143008283174428,4
6694,68,16,92,11,-10.147306838487292,5
6695,9,12,6,7,-10.175309866966636,5
6696,48,14,90,9,-10.193948361787585,5
6697,33,13,71,9,-10.195530501937558,4
6698,2,15,98,9,-10.19860338932166,6
6699,37,42,97,28,-10.199316810918765,14
6700,104,19,90,12,-10.205908373136614,7
6701,31,17,30,10,-10.214096274935347,7
6702,48,10,97,6,-10.221233545434696,4
6703,60,49,64,34,-10.225579774670623,15
6704,79,12,75,8,-10.235318929578343,4
6705,57,16,75,11,-10.238315344226487,5
6706,106,18,12,13,-10.245560433617426,5
6707,106,16,67,10,-10.25216143423421,6
6708,76,33,23,21,-10.259651294452182,12
6709,3,16,47,11,-10.263621577333433,5
6710,112,24,60,16,-10.282975838759189,8
6711,76,39,63,27,-10.294441268951953,12
6712,28,37,74,24,-10.332746781815512,13
6713,39,23,108,14,-10.341615848120973,9
6714,54,48,37,32,-10.345446907641223,16
6715,102,16,40,10,-10.346146758066931,6
6716,27,15,17,9,-10.354549099588292,6
6717,7,10,94,7,-10.355621654064777,3
6718,12,24,104,16,-10.358875950961007,8
6719,88,39,50,25,-10.36486098410092,14
6720,18,49,13,32,-10.36629502959634,17
6721,69,24,63,16,-10.366973166191586,8
6722,91,36,63,25,-10.368824470659426,11
6723,55,16,15,12,-10.370537288257989,4
6724,93,16,106,10,-10.37915501513517,6
6725,19,16,18,11,-10.389246220506255,5
6726,23,23,49,15,-10.408633938410516,8
6727,20,18,33,12,-10.409025528596041,6
6728,103,22,49,14,-10.414318132058174,8
6729,29,35,60,22,-10.420897470065029,13
6730,39,16,44,10,-10.434810009571386,6
6731,46,15,78,9,-10.43532016213296,6
6732,9,17,43,10,-10.43571876790201,7
6733,64,27,55,19,-10.49341500131768,8
6734,9,27,64,19,-10.495957554452962,8
6735,109,41,11,28,-10.501920816791976,13
6736,60,35,54,24,-10.508874533332268,11
6737,88,44,53,30,-10.519286458480718,14
6738,36,27,27,17,-10.52334959933135,10
6739,97,19,71,13,-10.523533962196904,6
6740,68,19,50,11,-10.535408083030939,8
6741,12,19,74,13,-10.540285470313428,6
6742,79,13,19,8,-10.549815768045507,5
6743,40,17,28,10,-10.551622113062642,7
6744,9,15,95,9,-10.569002592922947,6
6745,75,26,104,17,-10.574353916694225,9
6746,15,12,58,9,-10.577771186457172,3
6747,91,31,7,22,-10.609100286101581,9
6748,103,13,28,9,-10.609246701939707,4
6749,103,11,48,8,-10.609852030111927,3
6750,15,20,12,13,-10.64758531312612,7
6751,91,24,30,17,-10.658543869059741,7
6752,33,17,63,11,-10.66390349401416,6
6753,13,36,108,24,-10.689855841590877,12
6754,36,13,43,8,-10.71355202500855,5
6755,111,11,54,8,-10.714143810197234,3
6756,17,22,53,15,-10.723383781136485,7
6757,91,12,11,9,-10.737589094202365,3
6758,60,19,5,13,-10.737943337535816,6
6759,108,14,106,10,-10.746780907865295,4
6760,19,25,72,17,-10.749639621360698,8
6761,7,11,59,8,-10.771239818059202,3
6762,53,16,78,10,-10.77154978747951,6
6763,13,12,101,9,-10.774607059056445,3
6764,19,25,7,18,-10.77597719817787,7
6765,38,16,100,12,-10.780867547654912,4
6766,91,25,55,18,-10.791612827626555,7
6767,90,11,12,8,-10.792345367888727,3
6768,75,12,85,9,-10.804683773311504,3
6769,81,17,106,10,-10.816681182916206,7
6770,33,27,51,20,-10.83179532446507,7
6771,65,26,38,16,-10.834638706827015,10
6772,13,22,44,15,-10.852020262338174,7
6773,67,17,86,11,-10.856458271232293,6
6774,106,13,79,9,-10.885501834452416,4
6775,103,16,89,10,-10.888455969658347,6
6776,9,22,48,15,-10.894666127588817,7
6777,28,48,63,33,-10.937243385325445,15
6778,53,12,49,8,-10.94241676670431,4
6779,106,67,16,46,-10.962555092667682,21
6780,20,40,50,27,-10.968930608298043,13
6781,97,25,13,16,-10.985857531237668,9
6782,64,17,109,10,-10.986928172384285,7
6783,110,20,51,14,-11.00014817045874,6
6784,71,13,15,9,-11.00914391321025,4
6785,92,14,41,9,-11.016394202336146,5
6786,60,31,91,19,-11.033330949428786,12
6787,66,13,7,8,-11.03456679955437,5
6788,104,25,49,17,-11.041712547533374,8
6789,84,10,47,7,-11.043789003229907,3
6790,32,17,16,11,-11.045561391190382,6
6791,114,12,32,8,-11.045874107216173,4
6792,1,39,55,27,-11.047135752371084,12
6793,11,11,99,7,-11.04788337752713,4
6794,112,29,64,21,-11.096215333139426,8
6795,57,23,79,15,-11.100381889906581,8
6796,32,13,74,9,-11.101664191982367,4
6797,70,15,46,10,-11.123543654837011,5
6798,66,12,78,8,-11.131528298187064,4
6799,11,34,104,23,-11.141180204048963,11
6800,94,18,62,12,-11.151655058140983,6
6801,1,13,78,9,-11.156578268103178,4
6802,114,37,87,23,-11.160921669895089,14
6803,1,11,89,7,-11.209011069389929,4
6804,46,12,100,8,-11.210309669403339,4
6805,3,15,25,10,-11.214634960222725,5
6806,96,20,46,12,-11.223825219116964,8
6807,39,12,45,7,-11.230688824941204,5
6808,68,25,25,17,-11.235607083018877,8
6809,70,11,83,6,-11.265042422069474,5
6810,86,30,29,21,-11.2740075836407,9
6811,7,52,75,35,-11.274663385996204,17
6812,55,14,2,9,-11.27681615957405,5
6813,27,11,111,8,-11.279710088837584,3
6814,5,10,80,7,-11.295210617596888,3
6815,91,13,69,8,-11.30407928014614,5
6816,76,14,64,9,-11.304788571126872,5
6817,20,13,64,10,-11.331308462604776,3
6818,44,15,104,10,-11.332078649569059,5
6819,112,11,108,7,-11.335603356831967,4
6820,102,15,75,11,-11.35790237245839,4
6821,109,22,53,15,-11.359866911275937,7
6822,91,17,43,12,-11.378756439291882,5
6823,38,11,4,8,-11.395009854616482,3
6824,75,10,73,5,-11.395199340418813,5
6825,54,39,75,25,-11.408133317564461,14
6826,18,17,47,12,-11.411676107822023,5
6827,68,15,108,10,-11.415630910439985,5
6828,60,20,34,14,-11.434147211488856,6
6829,86,38,102,26,-11.442450297093961,12
6830,106,41,114,27,-11.462749893343949,14
6831,46,10,15,7,-11.466752843427653,3
6832,34,14,18,10,-11.48294101232062,4
6833,37,12,68,8,-11.49658369134707,4
6834,75,14,98,9,-11.49709370731316,5
6835,18,10,108,7,-11.508388616511892,3
6836,65,11,35,8,-11.518581403700487,3
6837,76,20,7,12,-11.52245661748586,8
6838,81,15,7,9,-11.525413070422038,6
6839,77,21,98,15,-11.52597944233578,6
6840,7,12,110,7,-11.526061320417648,5
6841,84,12,18,8,-11.52667869126048,4
6842,109,15,93,10,-11.535822563792802,5
6843,46,14,53,9,-11.556347535591735,5
6844,104,12,72,8,-11.56257995280617,4
6845,87,13,21,9,-11.56318091799384,4
6846,71,10,111,7,-11.563837134119526,3
6847,104,16,36,10,-11.564722196156032,6
6848,11,11,23,8,-11.568338446113305,3
6849,19,47,27,33,-11.572277054729378,14
6850,104,12,93,8,-11.57701291373734,4
6851,70,23,11,16,-11.609570033059047,7
6852,1,14,37,9,-11.6272926254772,5
6853,38,17,75,13,-11.628826987325251,4
6854,110,10,11,8,-11.637838089699006,2
6855,40,12,100,8,-11.638460148115913,4
6856,83,17,107,12,-11.64452174042024,5
6857,78,29,39,20,-11.649361635214479,9
6858,43,27,30,20,-11.65331824715223,7
6859,23,15,72,10,-11.667454901588142,5
6860,81,10,8,7,-11.678569579324545,3
6861,28,23,34,16,-11.682170467841415,7
6862,72,11,55,8,-11.689010218474658,3
6863,96,13,91,9,-11.69285419312405,4
6864,43,25,55,19,-11.714024478286158,6
6865,102,10,89,6,-11.714231512429773,4
6866,69,12,34,10,-11.742698738008174,2
6867,102,17,63,11,-11.747209471298389,6
6868,103,10,58,7,-11.772908526311582,3
6869,81,21,49,13,-11.780141471258917,8
6870,62,10,112,7,-11.78047192200998,3
6871,81,34,51,22,-11.790201731891964,12
6872,54,10,44,7,-11.791894285038762,3
6873,40,21,8,15,-11.79192140237277,6
6874,91,10,53,7,-11.811611902058752,3
6875,77,31,104,21,-11.812621663747162,10
6876,109,11,92,8,-11.825872450184745,3
6877,86,17,92,11,-11.833574375075663,6
6878,49,39,100,26,-11.856793058809693,13
6879,60,19,103,13,-11.860134289698356,6
6880,12,11,79,7,-11.866943529008417,4
6881,31,18,98,11,-11.908816140421925,7
6882,77,17,71,12,-11.915487518479782,5
6883,49,19,48,14,-11.919274877330183,5
6884,65,46,114,30,-11.938229846486394,16
6885,57,27,70,17,-11.940546365796532,10
6886,81,13,28,9,-11.947384191502275,4
6887,18,27,95,18,-11.951490678023534,9
6888,57,22,76,16,-11.963037229635306,6
6889,77,15,37,10,-11.967604181160285,5
6890,55,18,102,12,-11.98386619497443,6
6891,5,32,102,21,-12.011851390558958,11
6892,89,15,63,11,-12.017404575838292,4
6893,104,12,1,8,-12.02010829271743,4
6894,28,14,43,9,-12.028046594555397,5
6895,88,20,102,15,-12.040669825997002,5
6896,46,20,30,14,-12.044164698044927,6
6897,65,52,100,36,-12.044708550653006,16
6898,89,10,10,7,-12.05123505380701,3
6899,63,18,1,11,-12.054495717242014,7
6900,62,22,74,15,-12.061308273026555,7
6901,89,12,57,8,-12.067689601722273,4
6902,35,11,8,8,-12.093356369533678,3
6903,91,15,76,11,-12.09807191241983,4
6904,12,17,30,12,-12.106010900273434,5
6905,4,10,15,6,-12.124220843420797,4
6906,92,11,49,7,-12.12845296171494,4
6907,96,40,11,27,-12.14102850879166,13
6908,103,33,100,22,-12.151129525212454,11
6909,70,22,2,14,-12.153236389251049,8
6910,81,32,87,20,-12.164562147525906,12
6911,41,23,111,15,-12.165817300484488,8
6912,99,21,107,14,-12.174640608684577,7
6913,35,11,75,8,-12.188091693345983,3
6914,84,35,11,24,-12.18991190656385,11
6915,52,12,15,8,-12.190985148080978,4
6916,11,15,2,10,-12.196157085843714,5
6917,54,15,34,11,-12.19994600804293,4
6918,57,23,65,16,-12.203750629317211,7
6919,97,10,15,7,-12.205780494305644,3
6920,106,11,78,8,-12.210243252742742,3
6921,43,19,75,14,-12.224767647713703,5
6922,57,25,100,17,-12.24904881178982,8
6923,29,11,58,8,-12.250932195859463,3
6924,39,10,32,7,-12.259008757767623,3
6925,88,19,73,13,-12.262693289910837,6
6926,60,18,37,11,-12.263894360602315,7
6927,89,21,27,15,-12.26733989700351,6
6928,96,30,98,21,-12.27549839186978,9
6929,81,15,40,11,-12.276802562895192,4
6930,18,15,69,10,-12.281407888329312,5
6931,88,18,98,13,-12.300728896947142,5
6932,94,34,13,23,-12.315280597409899,11
6933,41,14,34,9,-12.338786367505541,5
6934,97,12,67,9,-12.353467827440639,3
6935,109,10,35,7,-12.407562430544193,3
6936,50,17,36,10,-12.423703215189777,7
6937,58,27,65,18,-12.431650709075077,9
6938,37,14,18,10,-12.438833593443574,4
6939,87,30,79,22,-12.466071130940083,8
6940,92,15,64,8,-12.492372460791035,7
6941,109,20,57,14,-12.517276670194189,6
6942,13,12,42,9,-12.522183516198908,3
6943,71,18,41,13,-12.557773267008857,5
6944,35,12,3,8,-12.563400964105028,4
6945,51,21,2,13,-12.595923969105383,8
6946,108,24,53,15,-12.606603502458741,9
6947,85,20,39,13,-12.618845399489867,7
6948,51,26,72,17,-12.653159909877598,9
6949,57,23,7,14,-12.666461617234948,9
6950,5,15,48,11,-12.675358072710559,4
6951,68,32,100,21,-12.6814425009674,11
6952,31,13,104,8,-12.681964820727016,5
6953,63,40,80,28,-12.682443988429268,12
6954,109,33,30,24,-12.68920943988151,9
6955,31,76,13,51,-12.705633823012965,25
6956,88,89,13,63,-12.707270113303837,26
6957,9,33,15,20,-12.724112098622019,13
6958,106,24,46,15,-12.725492516069494,9
6959,106,14,33,10,-12.736963404825655,4
6960,87,33,98,24,-12.737232267618925,9
6961,37,44,11,30,-12.738426249160876,14
6962,36,10,95,7,-12.746346244298937,3
6963,1,15,100,10,-12.750379039232417,5
6964,3,31,84,20,-12.781771350844402,11
6965,25,15,49,10,-12.785517383168525,5
6966,76,11,1,7,-12.827717897490281,4
6967,29,22,64,17,-12.835455672871143,5
6968,29,18,72,12,-12.835964412753416,6
6969,27,35,104,24,-12.83724877330016,11
6970,57,24,34,17,-12.872133630873053,7
6971,65,21,2,16,-12.890027578518191,5
6972,109,19,17,13,-12.911257852793483,6
6973,47,14,78,9,-12.914558187890036,5
6974,94,10,64,6,-12.918584959999516,4
6975,76,16,74,10,-12.94370107525992,6
6976,37,20,64,14,-12.946494518825181,6
6977,106,19,98,13,-12.95487415033694,6
6978,84,10,92,6,-12.962976398847763,4
6979,60,23,74,15,-12.980686447605734,8
6980,35,14,63,9,-12.998216518752985,5
6981,23,22,55,14,-13.026997694301386,8
6982,47,14,55,9,-13.036465008068175,5
6983,39,22,109,16,-13.129530785146974,6
6984,37,28,95,21,-13.149042342745602,7
6985,57,20,94,14,-13.207253358167625,6
6986,11,15,108,11,-13.213308250017539,4
6987,54,18,36,12,-13.21774479827317,6
6988,88,39,95,27,-13.236869470595257,12
6989,99,12,7,8,-13.27451726078842,4
6990,46,43,104,29,-13.294982678813746,14
6991,106,19,64,13,-13.295192075566398,6
6992,1,14,8,10,-13.305141225086524,4
6993,88,20,80,13,-13.305539707805673,7
6994,19,17,9,12,-13.318120114033066,5
6995,18,16,11,11,-13.321280125838722,5
6996,3,14,108,10,-13.327448479816557,4
6997,9,13,108,8,-13.341841222661904,5
6998,32,11,55,7,-13.363639630093914,4
6999,48,14,17,9,-13.364907872446567,5
7000,12,10,108,6,-13.367955655554766,4
7001,35,12,104,8,-13.369677424437173,4
7002,102,12,43,8,-13.372023836980008,4
7003,3,12,74,9,-13.385856762614393,3
7004,51,22,80,15,-13.405837899191416,7
7005,84,15,71,11,-13.41321574412034,4
7006,45,10,27,7,-13.421070416218559,3
7007,112,11,91,8,-13.423237527272493,3
7008,53,15,75,10,-13.423496737137015,5
7009,68,16,61,11,-13.424919545398382,5
7010,89,19,11,14,-13.426673493491444,5
7011,32,12,25,7,-13.427877456338669,5
7012,45,15,23,11,-13.436468047997261,4
7013,53,19,43,14,-13.438033142991662,5
7014,35,15,36,11,-13.440272285829968,4
7015,78,22,76,17,-13.440807425985327,5
7016,29,29,13,19,-13.455502892825825,10
7017,85,19,30,13,-13.476610519943755,6
7018,69,24,27,16,-13.483104419153626,8
7019,108,12,84,9,-13.488009207908556,3
7020,63,32,30,22,-13.498171962188781,10
7021,112,13,55,10,-13.49840576791747,3
7022,6,10,80,7,-13.522871173076236,3
7023,48,15,72,9,-13.5450073950214,6
7024,84,19,41,13,-13.556150264603872,6
7025,27,13,22,9,-13.578238998395374,4
7026,70,13,48,9,-13.61596473877697,4
7027,12,29,41,21,-13.623588976279663,8
7028,12,15,75,10,-13.63556285801919,5
7029,72,16,57,13,-13.661008367248009,3
7030,109,21,12,15,-13.665971574071907,6
7031,25,10,92,7,-13.698642336458672,3
7032,5,28,57,20,-13.702708831126639,8
7033,95,10,34,7,-13.704508911135058,3
7034,31,25,63,18,-13.714594813504084,7
7035,11,25,95,18,-13.725658005456244,7
7036,27,10,97,6,-13.735152835550474,4
7037,57,18,62,14,-13.757275808574354,4
7038,81,20,100,13,-13.764798264783213,7
7039,85,11,87,8,-13.78530468452242,3
7040,112,11,97,9,-13.794615799527316,2
7041,112,14,38,11,-13.819485047030156,3
7042,112,18,47,12,-13.820833793363406,6
7043,103,17,55,13,-13.826956770005324,4
7044,57,12,47,8,-13.842676334165546,4
7045,50,19,53,13,-13.883151416746285,6
7046,76,13,80,9,-13.885503026480965,4
7047,83,21,16,15,-13.895144807658395,6
7048,3,31,63,24,-13.905152866710317,7
7049,112,10,25,7,-13.919292260310073,3
7050,112,11,37,8,-13.937736127059292,3
7051,20,14,60,10,-13.939926452860888,4
7052,69,19,75,14,-13.942304484906572,5
7053,71,24,40,17,-13.948125771645662,7
7054,109,29,114,22,-13.96133653890183,7
7055,75,12,111,8,-13.97228180941997,4
7056,9,31,41,22,-13.990507643067815,9
7057,41,11,6,7,-13.99218654178206,4
7058,109,36,27,24,-14.030395916079074,12
7059,77,29,40,21,-14.048771071022594,8
7060,9,10,90,7,-14.073147353965513,3
7061,64,11,74,7,-14.075712285557561,4
7062,94,46,16,34,-14.076175390421735,12
7063,66,13,58,10,-14.087865353684418,3
7064,19,10,33,6,-14.198164828754605,4
7065,75,10,72,7,-14.207053385683185,3
7066,48,22,74,14,-14.20811210089113,8
7067,46,18,50,12,-14.208875687593247,6
7068,7,17,61,11,-14.217702740281519,6
7069,17,11,83,7,-14.269615650014424,4
7070,18,15,23,10,-14.275894417804937,5
7071,41,22,30,16,-14.29163797685006,6
7072,112,10,48,8,-14.307464286387088,2
7073,102,11,46,8,-14.307494713152066,3
7074,57,12,31,8,-14.310689026630854,4
7075,86,25,26,19,-14.322036756570215,6
7076,34,11,72,8,-14.322650850129241,3
7077,10,10,54,7,-14.334784055636703,3
7078,83,10,40,8,-14.347262135245899,2
7079,94,18,85,13,-14.349143244204264,5
7080,77,42,16,30,-14.349445767899917,12
7081,43,10,33,7,-14.359162628620464,3
7082,90,16,20,11,-14.40477443227544,5
7083,70,26,108,19,-14.427393649276276,7
7084,14,11,80,7,-14.43534539519452,4
7085,77,24,8,17,-14.435582202481529,7
7086,108,10,52,8,-14.443759033427392,2
7087,35,13,97,10,-14.444551731599498,3
7088,5,12,44,9,-14.447481002517359,3
7089,2,10,73,7,-14.457830254043131,3
7090,25,12,34,9,-14.468789684868277,3
7091,6,12,19,8,-14.46906875309814,4
7092,38,23,104,16,-14.499014536690481,7
7093,97,15,38,11,-14.531013843539451,4
7094,50,19,80,15,-14.554439051919097,4
7095,20,18,34,14,-14.557800978959815,4
7096,99,12,50,8,-14.581629542155008,4
7097,103,14,50,10,-14.598236066613515,4
7098,66,10,39,7,-14.612542929328725,3
7099,38,11,94,8,-14.612858359579166,3
7100,3,33,100,24,-14.664983210141878,9
7101,76,20,15,14,-14.66611431260408,6
7102,19,16,55,11,-14.68778354720052,5
7103,83,19,114,14,-14.712530964906863,5
7104,77,28,7,20,-14.72949510503469,8
7105,31,10,100,7,-14.730848989291468,3
7106,102,11,90,6,-14.739148726840867,5
7107,106,14,32,11,-14.741977351969272,3
7108,25,26,11,20,-14.778705544740388,6
7109,89,11,7,8,-14.785043291363074,3
7110,35,11,102,7,-14.787485364380142,4
7111,88,18,111,14,-14.89137809160146,4
7112,44,10,49,7,-14.992301775479174,3
7113,49,14,80,9,-14.993186389789676,5
7114,22,12,13,9,-14.994671319317483,3
7115,75,10,45,8,-15.003649946946844,2
7116,99,18,25,13,-15.014737107768294,5
7117,93,10,38,6,-15.046407356806787,4
7118,50,19,77,15,-15.082093464135088,4
7119,29,10,71,8,-15.143188317628589,2
7120,54,31,48,22,-15.152035020388912,9
7121,77,11,54,10,-15.154916790692537,1
7122,46,14,93,11,-15.25112664035686,3
7123,94,12,104,9,-15.272338655973261,3
7124,108,14,114,10,-15.322173355999807,4
7125,2,15,100,10,-15.363858490781979,5
7126,62,16,12,11,-15.366878044727521,5
7127,18,11,5,8,-15.389394006883379,3
7128,107,25,73,17,-15.46067272069853,8
7129,39,12,2,9,-15.473797666414953,3
7130,84,23,112,17,-15.486639525748986,6
7131,12,15,9,11,-15.494125308722385,4
7132,31,15,69,10,-15.502962092044207,5
7133,104,20,64,15,-15.51526416011922,5
7134,66,12,13,9,-15.520614540867863,3
7135,5,21,23,16,-15.554175057753401,5
7136,90,10,100,8,-15.596895375105717,2
7137,45,14,4,10,-15.600891470448106,4
7138,69,10,23,8,-15.603167423944381,2
7139,85,11,106,8,-15.605731963514023,3
7140,97,13,90,9,-15.621888085765935,4
7141,97,12,14,10,-15.664913845649805,2
7142,112,14,15,10,-15.700949053545523,4
7143,51,20,45,15,-15.703190735785377,5
7144,80,13,75,10,-15.718052052365538,3
7145,35,12,80,9,-15.72406211872363,3
7146,96,16,93,12,-15.733194627661215,4
7147,94,13,17,9,-15.746212612138288,4
7148,28,13,110,9,-15.755425369009838,4
7149,17,22,95,17,-15.802621580377183,5
7150,109,31,15,25,-15.828932944930663,6
7151,28,29,90,22,-15.880089586771646,7
7152,70,13,80,11,-15.901333417895945,2
7153,48,16,78,12,-15.958768843776895,4
7154,48,12,62,8,-15.963389974606171,4
7155,90,11,57,8,-15.975273202140913,3
7156,108,13,8,10,-16.00695825478633,3
7157,9,31,53,23,-16.014655893145633,8
7158,78,20,17,14,-16.015157348621404,6
7159,5,18,41,12,-16.050377082501452,6
7160,112,15,71,11,-16.116875921028463,4
7161,46,13,98,9,-16.12835125202737,4
7162,62,19,78,14,-16.13915885630127,5
7163,58,25,86,19,-16.26853319646311,6
7164,80,12,34,10,-16.269229317512288,2
7165,33,16,65,12,-16.286121361101067,4
7166,98,17,109,13,-16.306862994782453,4
7167,14,12,25,10,-16.337614979675553,2
7168,2,19,104,13,-16.352388003055772,6
7169,83,13,27,11,-16.368092522641103,2
7170,43,11,110,8,-16.376498956572302,3
7171,40,10,29,8,-16.378294184390825,2
7172,63,14,14,10,-16.386711509096077,4
7173,43,13,45,9,-16.39462685745925,4
7174,39,19,99,15,-16.42872930905631,4
7175,37,11,19,9,-16.4401797639671,2
7176,55,15,14,12,-16.464885141480416,3
7177,31,46,16,34,-16.494251500601976,12
7178,61,10,34,9,-16.513382683902012,1
7179,64,10,66,8,-16.526342406123636,2
7180,79,12,17,9,-16.52858758988839,3
7181,68,22,95,18,-16.55020486315604,4
7182,36,10,101,8,-16.627946704419486,2
7183,94,13,48,10,-16.653883625052597,3
7184,57,19,29,15,-16.66675592290365,4
7185,69,23,53,17,-16.676579450904736,6
7186,112,28,78,21,-16.67914983172849,7
7187,71,15,95,10,-16.726754189945986,5
7188,83,13,23,10,-16.74470008954982,3
7189,37,15,15,12,-16.78479129694742,3
7190,13,21,80,14,-16.79628268985909,7
7191,10,12,37,8,-16.87706142806293,4
7192,10,12,13,9,-16.892767460419815,3
7193,41,10,22,8,-16.895138763704843,2
7194,46,12,43,9,-16.90387334173946,3
7195,112,19,20,15,-16.964936240764278,4
7196,31,10,38,6,-16.97274158238423,4
7197,102,11,48,9,-16.984312347736424,2
7198,37,13,73,9,-17.03246334806977,4
7199,72,10,94,7,-17.034849598961298,3
7200,1,14,18,11,-17.058153705270215,3
7201,9,29,27,21,-17.072056537621446,8
7202,46,15,18,12,-17.114833090306377,3
7203,2,11,60,8,-17.116843000088547,3
7204,29,28,88,21,-17.15439200584212,7
7205,60,17,102,12,-17.171392721318526,5
7206,5,22,27,16,-17.186967099907655,6
7207,106,10,35,7,-17.31905115685177,3
7208,35,10,60,7,-17.418126947264813,3
7209,29,10,80,8,-17.45720022045759,2
7210,29,18,109,12,-17.571930830154635,6
7211,83,11,110,9,-17.575104905290953,2
7212,67,10,20,8,-17.672455088050597,2
7213,3,11,5,7,-17.694163901939536,4
7214,68,12,90,9,-17.719685937760907,3
7215,55,12,44,9,-17.771847163193577,3
7216,15,10,85,8,-17.788004047228643,2
7217,5,18,30,15,-17.810533055025342,3
7218,35,13,48,10,-17.821530991658577,3
7219,88,17,32,13,-17.824594134673823,4
7220,114,11,111,8,-17.846918134233796,3
7221,41,10,35,7,-17.84884882348167,3
7222,30,15,95,11,-17.919901608832802,4
7223,103,14,74,11,-17.994533713441378,3
7224,76,21,54,16,-18.08934803214948,5
7225,54,10,67,8,-18.121548101252504,2
7226,12,14,55,11,-18.17466355866916,3
7227,89,15,76,12,-18.194181782199347,3
7228,109,16,19,12,-18.244804991291822,4
7229,35,17,87,12,-18.4649770696095,5
7230,31,15,106,11,-18.52908676481623,4
7231,12,10,45,8,-18.65380711999512,2
7232,57,16,112,12,-18.74164060463068,4
7233,28,17,99,13,-18.75458480836917,4
7234,51,24,90,19,-18.757035278464734,5
7235,38,17,87,13,-18.77101464064772,4
7236,102,12,27,10,-18.772173343475483,2
7237,33,20,55,16,-18.82593244000092,4
7238,97,12,34,9,-18.83120290818016,3
7239,87,11,61,8,-18.901064913955064,3
7240,4,13,98,11,-18.93649850914462,2
7241,81,10,72,7,-19.02372529890775,3
7242,106,10,92,8,-19.04169077246869,2
7243,62,13,34,10,-19.217276142512915,3
7244,18,14,99,11,-19.290873438644518,3
7245,36,19,30,17,-19.305297671687285,2
7246,29,11,114,8,-19.42881288570476,3
7247,43,14,81,11,-19.477044937016352,3
7248,6,11,30,9,-19.605882514870544,2
7249,5,11,64,9,-19.69819687485363,2
7250,31,11,15,8,-19.73878794252568,3
7251,32,12,95,10,-19.760326388824463,2
7252,106,12,89,8,-19.849086778440608,4
7253,97,13,73,9,-19.966763707753138,4
7254,54,17,4,15,-19.99443539185139,2
7255,84,12,7,10,-20.16090095994254,2
7256,68,38,112,30,-20.16144061217486,8
7257,103,10,75,9,-20.24199150509897,1
7258,12,10,26,8,-20.37973185640995,2
7259,10,11,30,9,-20.38962047667116,2
7260,94,23,81,17,-20.517798479805748,6
7261,95,10,3,8,-20.57885087785416,2
7262,109,10,108,8,-20.6014985501185,2
7263,77,10,34,9,-20.670327392487728,1
7264,3,18,48,14,-20.77461856356065,4
7265,10,14,112,11,-21.021770709139744,3
7266,33,12,100,10,-21.028397065514312,2
7267,10,16,51,13,-21.051824036569297,3
7268,112,16,80,12,-21.108795407964617,4
7269,31,11,76,10,-21.157211826935978,1
7270,51,11,101,9,-21.226620175614496,2
7271,3,18,75,15,-21.417290354619,3
7272,4,13,25,11,-21.420042602463127,2
7273,4,15,41,10,-21.48059017391386,5
7274,31,12,62,9,-21.79094106777599,3
7275,97,12,91,10,-22.175648770183784,2
7276,1,10,3,8,-22.670516239418713,2
7277,91,18,104,17,-22.937436859705542,1
7278,8,11,4,10,-23.17790508365148,1
7279,34,12,64,10,-23.334461135762385,2
7280,43,11,76,10,-23.388286786781247,1
7281,57,15,26,12,-23.48286717628824,3
7282,77,19,75,16,-23.52836570307736,3
7283,53,10,74,8,-24.36471273024663,2
7284,42,11,104,10,-24.55480599508646,1
7285,23,14,90,12,-25.1914979759845,2
7286,38,15,55,13,-25.19286181976179,2
7287,106,10,49,9,-25.68163240192886,1
7288,38,10,69,9,-27.69592076147955,1
7289,61,10,98,10,-28.32332956610249,0
7290,90,10,109,10,-29.2714816942141,0
7291,37,11,44,11,-29.88349889925713,0
7292,81,10,17,10,-31.104140358623045,0
7293,102,17,112,16,-31.59305348177514,1
