,againstHero,games,hero,losses,shift,wins
0,112,16,102,1,31.192976791251173,15
1,44,11,37,0,29.883498899257123,11
2,90,13,23,1,28.3624814299098,12
3,69,10,38,1,27.695920761479563,9
4,11,11,89,1,25.07677406541354,10
5,26,12,57,2,24.80508950345583,10
6,104,11,42,1,24.55480599508645,10
7,100,10,33,1,24.40727081526952,9
8,34,11,97,2,24.058676404388496,9
9,29,13,57,2,23.606557237030422,11
10,75,19,77,3,23.528365703077363,16
11,58,10,66,1,23.43526848489906,9
12,4,11,8,1,23.177905083651492,10
13,72,12,29,2,22.845970500293163,10
14,3,10,1,2,22.67051623941871,8
15,19,13,109,2,22.638381086719185,11
16,91,12,97,2,22.175648770183788,10
17,112,14,57,3,22.163408269660163,11
18,78,13,48,2,22.13337912583355,11
19,62,12,31,3,21.79094106777599,9
20,41,15,4,5,21.480590173913868,10
21,25,13,4,2,21.42004260246313,11
22,49,11,58,2,21.376962439830404,9
23,104,16,91,1,21.319718278752113,15
24,101,11,51,2,21.22662017561448,9
25,57,11,72,0,21.2224791597557,11
26,80,16,112,4,21.10879540796462,12
27,110,10,43,2,21.055981543018305,8
28,112,14,10,3,21.02177070913973,11
29,34,11,62,2,20.901478916088546,9
30,75,17,3,3,20.897191698320935,14
31,55,11,38,2,20.87506721402826,9
32,90,11,68,2,20.787956198015944,9
33,17,11,79,2,20.721013165555437,9
34,81,23,94,6,20.51779847980575,17
35,48,17,3,4,20.44256641492949,13
36,51,15,10,3,20.332726180509006,12
37,75,10,103,1,20.241991505098973,9
38,64,10,34,2,20.22471209152634,8
39,12,13,109,2,20.167092417268705,11
40,112,38,68,8,20.161440612174857,30
41,7,12,84,2,20.160900959942534,10
42,73,13,97,4,19.966763707753135,9
43,65,15,33,3,19.770112976636934,12
44,48,10,94,2,19.76499842953398,8
45,95,12,32,2,19.760326388824463,10
46,15,11,31,3,19.73878794252568,8
47,64,11,5,2,19.698196874853632,9
48,114,12,108,3,19.622938702057745,9
49,30,11,6,2,19.605882514870544,9
50,90,22,51,4,19.526276440378883,18
51,30,19,36,2,19.30529767168729,17
52,99,14,18,3,19.290873438644514,11
53,4,16,54,2,19.2440876038421,14
54,109,12,64,4,19.107730490345492,8
55,45,12,43,3,19.04326521517843,9
56,92,10,106,2,19.041690772468705,8
57,89,11,106,4,18.95338953455919,7
58,98,13,4,2,18.936498509144613,11
59,13,10,66,2,18.901510637247334,8
60,87,15,35,4,18.8244045658863,11
61,27,12,102,2,18.772173343475483,10
62,99,17,28,4,18.754584808369174,13
63,45,10,12,2,18.653807119995122,8
64,55,19,33,4,18.562648470025508,15
65,106,15,31,4,18.52908676481624,11
66,5,10,18,2,18.464269170029823,8
67,80,20,13,6,18.33580484931627,14
68,81,12,43,3,18.327617727929386,9
69,75,10,79,2,18.18520074819613,8
70,67,10,54,2,18.121548101252507,8
71,95,15,30,4,17.919901608832813,11
72,78,16,62,4,17.89987876325871,12
73,35,10,41,3,17.84884882348167,7
74,111,11,114,3,17.846918134233796,8
75,32,17,88,4,17.82459413467382,13
76,30,18,5,3,17.81053305502534,15
77,44,12,55,3,17.77184716319356,9
78,86,23,58,5,17.708236566074184,18
79,5,11,3,4,17.694163901939547,7
80,20,10,67,2,17.6724550880506,8
81,110,11,83,2,17.575104905290946,9
82,23,14,18,4,17.468338798211544,10
83,80,10,29,2,17.457200220457587,8
84,60,10,35,3,17.41812694726481,7
85,34,11,54,2,17.37969504408319,9
86,35,10,106,3,17.319051156851785,7
87,109,15,29,5,17.2607577250384,10
88,55,12,112,2,17.232830626787052,10
89,27,22,5,6,17.18696709990766,16
90,6,10,41,3,17.168490702692317,7
91,72,13,23,3,17.14817782244225,10
92,60,11,2,3,17.11684300008854,8
93,27,29,9,8,17.072056537621453,21
94,18,14,1,3,17.058153705270225,11
95,29,12,102,2,17.056577765128154,10
96,48,11,70,3,17.04295857723929,8
97,43,11,46,3,16.991693442801246,8
98,38,10,31,4,16.97274158238424,6
99,20,19,112,4,16.964936240764274,15
100,13,12,10,3,16.892767460419815,9
101,7,21,57,7,16.868380359502744,14
102,72,14,69,3,16.843378758894527,11
103,38,14,97,3,16.838290194315167,11
104,1,10,76,3,16.815372977495876,7
105,23,13,83,3,16.744700089549806,10
106,95,15,71,5,16.72675418994599,10
107,78,28,112,7,16.679149831728484,21
108,53,23,69,6,16.67657945090473,17
109,50,16,68,5,16.665846594945688,11
110,101,10,36,2,16.6279467044195,8
111,95,22,68,4,16.550204863156036,18
112,49,17,81,5,16.548537671207544,12
113,16,20,83,5,16.531803021169058,15
114,66,10,64,2,16.526342406123636,8
115,61,10,87,3,16.482333693393567,7
116,14,15,55,3,16.464885141480416,12
117,11,25,25,5,16.429746187224733,20
118,99,19,39,4,16.42872930905631,15
119,29,10,40,2,16.378294184390825,8
120,27,13,83,2,16.368092522641092,11
121,100,22,57,6,16.35292952819185,16
122,34,12,80,2,16.269229317512288,10
123,102,16,60,5,16.199085660218575,11
124,48,12,35,3,16.1584671300222,9
125,43,10,102,3,16.154622115934178,7
126,98,13,46,4,16.128351252027375,9
127,71,15,112,4,16.116875921028473,11
128,30,17,41,5,16.109597077758615,12
129,50,11,103,3,16.107700105307455,8
130,41,18,5,6,16.05037708250146,12
131,14,13,63,4,15.961958621197992,9
132,54,18,76,5,15.916701819672271,13
133,2,18,51,6,15.905597113130021,12
134,80,13,70,2,15.901333417895936,11
135,53,30,9,8,15.894615033798411,22
136,43,12,28,4,15.894105628705272,8
137,94,18,57,5,15.891839037049907,13
138,90,29,28,7,15.880089586771653,22
139,16,45,31,12,15.837412153743443,33
140,95,22,17,5,15.80262158037718,17
141,80,19,88,6,15.782107491065846,13
142,30,11,93,3,15.777207362300766,8
143,75,10,35,2,15.755761764469415,8
144,93,16,96,4,15.733194627661211,12
145,37,14,77,4,15.73169378416834,10
146,80,12,35,3,15.72406211872363,9
147,75,13,80,3,15.718052052365534,10
148,45,20,51,5,15.703190735785382,15
149,8,13,1,3,15.702434313684373,10
150,15,14,112,4,15.700949053545523,10
151,14,12,97,2,15.664913845649806,10
152,88,26,29,7,15.663393885093674,19
153,90,13,97,4,15.621888085765939,9
154,106,11,85,3,15.60573196351404,8
155,23,10,69,2,15.603167423944376,8
156,4,14,45,4,15.600891470448106,10
157,23,20,5,5,15.563915929412016,15
158,104,12,31,4,15.561592201078605,8
159,48,16,9,4,15.537621007215709,12
160,25,11,14,2,15.536643242754739,9
161,37,11,10,4,15.516949569025604,7
162,64,20,104,5,15.515264160119225,15
163,104,18,2,6,15.503443707499333,12
164,69,15,31,5,15.502962092044205,10
165,112,22,84,6,15.486639525748984,16
166,2,12,39,3,15.473797666414955,9
167,74,12,103,3,15.463990000688314,9
168,73,25,107,8,15.460672720698525,17
169,62,15,94,4,15.456678982493088,11
170,2,12,11,3,15.440247463007857,9
171,49,14,25,4,15.43786379260084,10
172,84,27,3,9,15.37291614514667,18
173,41,15,84,4,15.33074063826509,11
174,104,12,94,3,15.27233865597327,9
175,93,14,46,3,15.251126640356864,11
176,109,20,39,5,15.219138622703902,15
177,71,10,29,2,15.143188317628589,8
178,54,10,77,1,15.067841236649627,9
179,104,16,79,5,15.054954882421578,11
180,38,10,93,4,15.046407356806796,6
181,25,18,99,5,15.014737107768298,13
182,45,10,75,2,15.003649946946844,8
183,94,22,51,6,14.997434958358065,16
184,13,12,22,3,14.994671319317485,9
185,16,29,77,8,14.872386678350557,21
186,110,12,28,4,14.860268273313302,8
187,87,13,38,4,14.859584047072822,9
188,15,13,76,4,14.81353391108204,9
189,102,11,35,4,14.787485364380148,7
190,72,14,109,3,14.772801167610016,11
191,55,15,19,5,14.762490489035601,10
192,78,12,47,4,14.759178311128261,8
193,72,22,51,7,14.75505634651796,15
194,32,14,106,3,14.741977351969275,11
195,100,10,31,3,14.730848989291463,7
196,74,10,29,3,14.72390247298373,7
197,114,19,83,5,14.712530964906872,14
198,17,19,78,6,14.709203332504181,13
199,27,34,109,11,14.672056456650022,23
200,50,12,99,4,14.581629542155014,8
201,80,19,50,4,14.554439051919097,15
202,19,10,6,3,14.554142944413204,7
203,108,11,9,4,14.533752266696009,7
204,73,12,37,4,14.533349572792922,8
205,15,15,77,4,14.526389381898243,11
206,12,11,62,3,14.509530975721361,8
207,34,12,25,3,14.468789684868277,9
208,80,10,76,3,14.461464881129865,7
209,73,10,2,3,14.457830254043136,7
210,63,13,35,4,14.450412261730216,9
211,44,12,5,3,14.447481002517355,9
212,97,13,35,3,14.444551731599502,10
213,80,11,14,4,14.435345395194508,7
214,108,26,70,7,14.42739364927628,19
215,76,19,78,4,14.413574538633682,15
216,100,15,81,5,14.382694095158195,10
217,40,10,83,2,14.347262135245902,8
218,7,27,77,8,14.33556677589385,19
219,26,25,86,6,14.322036756570222,19
220,31,12,57,4,14.310689026630849,8
221,46,11,102,3,14.30749471315205,8
222,34,12,37,3,14.30057126443514,9
223,100,28,68,9,14.286728990485928,19
224,100,14,2,5,14.262388309586745,9
225,61,17,7,6,14.21770274028152,11
226,72,10,75,3,14.207053385683187,7
227,109,12,103,4,14.151946322942882,8
228,109,15,98,4,14.143515346576434,11
229,41,30,9,9,14.113579732248976,21
230,104,22,38,7,14.071473191155556,15
231,40,29,77,8,14.048771071022596,21
232,45,11,39,4,14.033377854173942,7
233,48,29,54,9,14.01975726236914,20
234,16,41,94,11,13.991172089526604,30
235,111,12,75,4,13.972281809419963,8
236,114,29,109,7,13.96133653890184,22
237,40,24,71,7,13.948125771645659,17
238,91,11,109,3,13.946188604720339,8
239,75,19,69,5,13.942304484906579,14
240,60,14,20,4,13.93992645286088,10
241,37,11,112,3,13.937736127059294,8
242,25,10,112,3,13.919292260310076,7
243,41,25,12,7,13.885526354207714,18
244,53,19,50,6,13.883151416746285,13
245,34,14,104,4,13.86429846409272,10
246,77,18,50,4,13.854547351284703,14
247,38,14,112,3,13.819485047030144,11
248,98,17,31,6,13.805084918983171,11
249,13,74,31,23,13.800549608099516,51
250,97,11,112,2,13.794615799527321,9
251,7,19,76,7,13.79135600101831,12
252,65,26,58,8,13.76646278961035,18
253,34,16,20,4,13.763107006170879,12
254,95,37,88,11,13.752013257016605,26
255,97,10,27,4,13.735152835550483,6
256,63,25,31,7,13.714594813504092,18
257,104,14,44,4,13.703910249073422,10
258,47,13,49,3,13.686396277061283,10
259,49,11,18,3,13.655065375637422,8
260,17,12,94,4,13.646957443918598,8
261,47,10,100,3,13.638954219983797,7
262,55,10,12,3,13.618336949963439,7
263,9,13,12,4,13.614723999539923,9
264,104,31,11,9,13.572205348595668,22
265,15,10,74,3,13.569326307429137,7
266,76,12,91,3,13.563460914482881,9
267,80,10,6,3,13.522871173076249,7
268,30,32,63,10,13.498171962188783,22
269,84,12,108,3,13.488009207908556,9
270,27,24,69,8,13.48310441915363,16
271,103,14,60,4,13.469649431194169,10
272,36,15,35,4,13.440272285829963,11
273,43,19,53,5,13.438033142991653,14
274,23,15,45,4,13.436468047997268,11
275,25,12,32,5,13.427877456338663,7
276,61,16,68,5,13.424919545398375,11
277,75,15,53,5,13.423496737137006,10
278,91,11,112,3,13.423237527272482,8
279,15,10,79,3,13.41842808989324,7
280,104,12,35,4,13.369677424437178,8
281,55,11,32,4,13.36363963009391,7
282,104,32,27,9,13.327610656888114,23
283,18,12,46,3,13.322032493347338,9
284,47,16,18,4,13.317575135316673,12
285,50,17,46,6,13.310329365776974,11
286,64,19,106,6,13.295192075566398,13
287,7,12,99,4,13.274517260788409,8
288,102,31,5,10,13.269431869962297,21
289,95,23,11,6,13.26328800508424,17
290,75,37,54,12,13.241406019841682,25
291,36,18,54,6,13.217744798273172,12
292,15,12,37,3,13.204885577431204,9
293,27,17,89,5,13.200102555354913,12
294,47,17,112,6,13.195058355865363,11
295,95,28,37,7,13.149042342745604,21
296,98,13,88,3,13.13778782250953,10
297,63,30,3,7,13.13647260700251,23
298,43,18,77,6,13.132749418487641,12
299,83,10,70,4,13.118339150755117,6
300,78,14,104,4,13.114872305242644,10
301,21,11,87,3,13.114631052870209,8
302,34,19,57,6,13.102180312140828,13
303,47,13,3,4,13.091382859027682,9
304,79,25,87,7,12.97507037578438,18
305,91,29,60,10,12.952631394075715,19
306,114,15,12,6,12.94950946807653,9
307,9,13,94,5,12.936870793436032,8
308,17,19,109,6,12.911257852793495,13
309,2,21,65,5,12.890027578518202,16
310,87,10,66,3,12.884783195379669,7
311,100,23,77,7,12.818782405925534,16
312,48,15,49,4,12.81836340341926,11
313,100,30,3,9,12.800572102453428,21
314,108,14,11,4,12.798974196396989,10
315,30,19,43,5,12.796623632801937,14
316,80,21,51,7,12.779249811641693,14
317,100,45,65,13,12.776183066759621,32
318,54,12,81,4,12.757047966098476,8
319,100,15,1,5,12.750379039232412,10
320,95,10,36,3,12.746346244298937,7
321,51,24,19,7,12.738488527069299,17
322,33,14,106,4,12.736963404825662,10
323,80,13,49,5,12.731038457974943,8
324,46,24,106,9,12.725492516069492,15
325,98,12,48,3,12.72400980532305,9
326,111,16,88,4,12.710530076381987,12
327,57,12,2,4,12.707474284723991,8
328,62,16,57,4,12.692635812852643,12
329,80,40,63,12,12.682443988429272,28
330,48,15,5,4,12.675358072710548,11
331,11,17,38,5,12.666110828343465,12
332,100,13,38,3,12.63848236927713,10
333,15,12,102,3,12.597866884640938,9
334,57,27,5,8,12.572003913811171,19
335,41,18,71,5,12.55777326700885,13
336,34,17,60,5,12.542344059494534,12
337,75,27,5,10,12.535083552437033,17
338,64,15,92,7,12.492372460791035,8
339,28,12,81,4,12.485800898870087,8
340,41,10,85,4,12.470634664927642,6
341,18,14,37,4,12.43883359344357,10
342,98,31,87,9,12.43458344819276,22
343,36,17,50,7,12.423703215189779,10
344,39,17,72,5,12.403927129005272,12
345,8,22,77,7,12.389831393600819,15
346,75,14,12,5,12.356839423121745,9
347,104,39,46,13,12.353574327141933,26
348,67,12,97,3,12.35346782744064,9
349,18,13,19,4,12.347892346341663,9
350,49,23,104,7,12.322985298305156,16
351,47,24,60,7,12.306617941323184,17
352,75,14,57,4,12.306540056833526,10
353,98,29,96,9,12.301665445316493,20
354,69,15,18,5,12.281407888329312,10
355,34,13,41,5,12.262731570966233,8
356,32,10,39,3,12.25900875776762,7
357,71,11,84,3,12.255989147154674,8
358,9,16,19,5,12.252328421645835,11
359,38,11,78,3,12.248719399574963,8
360,74,22,60,8,12.230302476711508,14
361,75,19,43,5,12.224767647713705,14
362,78,11,106,3,12.210243252742755,8
363,13,26,29,9,12.196916226476908,17
364,11,35,84,11,12.189911906563859,24
365,108,20,39,7,12.184695621105508,13
366,70,25,57,10,12.177083859404236,15
367,107,21,99,7,12.174640608684571,14
368,2,22,70,8,12.153236389251056,14
369,11,40,96,13,12.141028508791658,27
370,55,13,47,5,12.137143102946048,8
371,92,12,63,5,12.136993324985582,7
372,15,10,4,4,12.1242208434208,6
373,34,12,70,4,12.123530804367727,8
374,28,20,72,6,12.11934808588004,14
375,8,11,35,3,12.093356369533685,8
376,26,11,28,3,12.079045982156577,8
377,53,20,3,6,12.068087567340713,14
378,104,22,71,8,12.060518806565575,14
379,39,19,85,7,12.059881057913875,12
380,1,18,63,7,12.054495717242014,11
381,10,10,89,3,12.051235053807009,7
382,7,10,89,3,12.029257289487047,7
383,1,12,104,4,12.020108292717422,8
384,87,29,81,11,12.01535695996611,18
385,64,16,29,4,12.010507228979476,12
386,102,18,55,6,11.983866194974436,12
387,79,18,57,7,11.969826477112399,11
388,37,16,60,6,11.9668638856867,10
389,95,27,18,9,11.951490678023532,18
390,114,46,65,16,11.938229846486395,30
391,71,17,77,5,11.915487518479784,12
392,90,18,104,6,11.89837391797068,12
393,111,22,41,8,11.859477089655313,14
394,57,16,109,5,11.845104860145758,11
395,74,34,28,11,11.834419909257846,23
396,30,30,3,9,11.833742535667652,21
397,92,17,86,6,11.833574375075667,11
398,78,10,37,3,11.831707242150298,7
399,63,47,28,14,11.8288664237163,33
400,74,10,64,4,11.828764368523546,6
401,28,16,111,5,11.82030122340792,11
402,83,10,17,4,11.812775268760372,6
403,53,10,91,3,11.811611902058761,7
404,8,11,108,3,11.805411430354427,8
405,15,11,41,3,11.80165523386963,8
406,8,21,40,6,11.791921402372775,15
407,44,10,54,3,11.791894285038754,7
408,91,12,65,4,11.784658313781675,8
409,112,10,62,3,11.78047192200998,7
410,54,20,43,7,11.759609270938485,13
411,34,12,69,2,11.742698738008178,10
412,91,13,96,4,11.692854193124042,9
413,34,23,28,7,11.682170467841415,16
414,8,10,81,3,11.678569579324554,7
415,21,10,88,3,11.677382922456276,7
416,93,11,104,4,11.670878710804793,7
417,15,28,9,11,11.665769067286677,17
418,55,14,103,4,11.665396814547549,10
419,107,17,83,5,11.644521740420231,12
420,100,12,40,4,11.638460148115906,8
421,75,17,38,4,11.628826987325246,13
422,13,81,88,25,11.623960396790293,56
423,11,23,70,7,11.609570033059049,16
424,30,41,13,14,11.600993566247704,27
425,107,37,109,11,11.580870472269064,26
426,90,15,39,5,11.57797650142359,10
427,11,38,37,12,11.566356283581703,26
428,36,16,104,6,11.564722196156039,10
429,111,10,71,3,11.563837134119533,7
430,38,15,3,5,11.55575224939262,10
431,74,15,76,6,11.544600382799558,9
432,110,12,7,5,11.526061320417648,7
433,7,15,81,6,11.525413070422038,9
434,98,14,75,5,11.49709370731317,9
435,11,15,18,5,11.49652383906797,10
436,114,41,106,14,11.462749893343952,27
437,13,47,18,16,11.43817217657445,31
438,100,28,103,9,11.432959735169577,19
439,42,10,13,3,11.411149524623212,7
440,29,10,95,3,11.401888238693152,7
441,4,11,38,3,11.395009854616484,8
442,30,15,85,5,11.389802877653429,10
443,107,14,10,5,11.38119632500004,9
444,28,22,112,7,11.372427658976592,15
445,75,15,102,4,11.357902372458398,11
446,74,21,62,7,11.355871307801836,14
447,104,30,77,10,11.335858846829385,20
448,108,11,112,4,11.33560335683198,7
449,64,12,20,3,11.33130846260478,9
450,39,24,94,8,11.327038132854094,16
451,7,25,96,7,11.300422106484014,18
452,80,10,5,3,11.295210617596885,7
453,75,10,61,4,11.283854363299362,6
454,111,11,27,3,11.279710088837586,8
455,2,14,55,5,11.276816159574059,9
456,75,52,7,17,11.274663385996204,35
457,40,13,81,4,11.249205674756393,9
458,25,25,68,8,11.235607083018873,17
459,98,16,77,5,11.231262510023573,11
460,46,20,96,8,11.223825219116966,12
461,75,36,8,11,11.220741251540183,25
462,73,13,51,4,11.219804453521853,9
463,98,18,106,6,11.217270403208776,12
464,25,15,3,5,11.214634960222732,10
465,100,12,46,4,11.210309669403356,8
466,89,11,1,4,11.209011069389932,7
467,64,18,37,6,11.185324034227655,12
468,57,44,107,15,11.168813176635187,29
469,95,29,51,8,11.161050582896516,21
470,78,13,1,4,11.156578268103178,9
471,43,16,91,5,11.128114127049443,11
472,46,15,70,5,11.123543654837002,10
473,72,18,65,6,11.109219542203151,12
474,74,13,32,4,11.101664191982366,9
475,62,15,104,4,11.098747349135207,11
476,15,20,109,5,11.089378066263173,15
477,60,33,29,12,11.07047089279055,21
478,99,11,11,4,11.04788337752713,7
479,55,39,1,12,11.047135752371082,27
480,32,12,114,4,11.045874107216177,8
481,16,17,32,6,11.04556139119038,11
482,7,13,66,5,11.034566799554375,8
483,41,14,92,5,11.016394202336144,9
484,15,13,71,4,11.00914391321026,9
485,40,26,3,8,11.00717769248795,18
486,51,20,110,6,11.000148170458745,14
487,13,25,97,9,10.985857531237675,16
488,78,10,66,4,10.92721209874227,6
489,73,17,5,6,10.907383059794872,11
490,11,10,66,4,10.898142591848796,6
491,34,15,43,5,10.890919445406583,10
492,34,12,88,4,10.87059564369658,8
493,86,17,67,6,10.856458271232285,11
494,87,31,114,12,10.855794018644565,19
495,62,14,15,5,10.843943580538047,9
496,38,26,65,10,10.83463870682702,16
497,85,16,94,5,10.818759630623866,11
498,106,17,81,7,10.816681182916202,10
499,63,12,89,3,10.81666968039275,9
500,55,25,91,7,10.791612827626562,18
501,7,25,19,7,10.775977198177877,18
502,59,11,7,3,10.771239818059199,8
503,65,21,57,7,10.760244548071402,14
504,53,23,108,9,10.749834986479383,14
505,53,22,17,7,10.72338378113649,15
506,54,11,111,3,10.714143810197228,8
507,43,13,36,5,10.713552025008548,8
508,75,13,76,5,10.684711333832391,8
509,20,21,9,7,10.676297323703045,14
510,5,25,98,9,10.66291868554062,16
511,3,11,35,4,10.637414854102067,7
512,98,18,71,6,10.627953776602759,12
513,69,12,91,5,10.61284501210675,7
514,28,13,103,4,10.6092467019397,9
515,7,31,91,9,10.609100286101588,22
516,41,21,49,7,10.608235357108473,14
517,104,26,75,9,10.57435391669422,17
518,95,15,9,6,10.569002592922953,9
519,71,19,54,7,10.563773271372229,12
520,28,17,40,7,10.551622113062637,10
521,30,13,12,4,10.550544303199306,9
522,28,26,3,9,10.544965513227709,17
523,49,15,11,5,10.54175783006079,10
524,50,39,20,13,10.540260354284218,26
525,76,13,108,4,10.539317855686345,9
526,41,16,17,5,10.533333329606137,11
527,100,28,60,9,10.52723833199977,19
528,71,19,97,6,10.5235339621969,13
529,27,27,36,10,10.523349599331352,17
530,89,14,37,6,10.519274673853001,8
531,63,16,102,6,10.517349087153976,10
532,64,27,9,8,10.495957554452968,19
533,62,10,48,4,10.487894133335649,6
534,63,37,48,12,10.480037623792745,25
535,94,14,49,4,10.474432971630803,10
536,6,10,31,4,10.459894630543896,6
537,30,11,33,3,10.449500632702227,8
538,77,10,94,3,10.443428313097055,7
539,44,16,39,6,10.434810009571377,10
540,76,17,57,5,10.424696568875106,12
541,95,19,114,7,10.422604339796184,12
542,72,10,12,3,10.399951670168408,7
543,72,14,103,5,10.391960458595063,9
544,76,26,35,9,10.390096019432455,17
545,16,14,92,3,10.381584875368542,11
546,106,16,93,6,10.37915501513517,10
547,15,16,55,4,10.37053728825799,12
548,63,24,69,8,10.366973166191581,16
549,50,39,88,14,10.364860984100916,25
550,94,10,7,3,10.355621654064773,7
551,17,15,27,6,10.35454909958829,9
552,40,16,102,6,10.346146758066935,10
553,49,35,69,14,10.342242920046678,21
554,37,13,1,5,10.342164269053148,8
555,30,18,46,6,10.329090932236763,12
556,11,14,10,5,10.326527517070998,9
557,35,10,65,3,10.321578642281732,7
558,108,13,15,4,10.31501087444828,9
559,53,43,88,14,10.308417089519107,29
560,107,29,31,13,10.30345756995746,16
561,11,18,9,6,10.295204027504083,12
562,45,23,107,8,10.289536165233189,15
563,60,24,112,8,10.282975838759185,16
564,72,22,68,7,10.275897741373274,15
565,18,43,39,14,10.257246202371954,29
566,67,16,106,6,10.252161434234207,10
567,49,21,23,7,10.242959754676484,14
568,63,35,91,11,10.225389928816243,24
569,30,17,31,7,10.214096274935343,10
570,10,14,28,4,10.207926130943799,10
571,91,24,39,8,10.206322081312438,16
572,98,15,2,6,10.198603389321667,9
573,71,13,33,4,10.195530501937561,9
574,97,41,37,14,10.190687502541845,27
575,6,12,9,5,10.175309866966636,7
576,51,32,81,12,10.158277615855118,20
577,92,16,68,5,10.14730683848729,11
578,96,11,23,4,10.143008283174426,7
579,94,15,109,6,10.140509349254696,9
580,53,37,31,14,10.136338371296793,23
581,92,10,109,3,10.132066653367776,7
582,78,12,114,5,10.123963867745248,7
583,27,45,60,14,10.118873670344412,31
584,53,36,36,11,10.114732824687987,25
585,87,30,70,12,10.114463896406379,18
586,17,15,3,6,10.104489232217418,9
587,15,39,88,11,10.099200841488774,28
588,23,32,76,12,10.095144638641568,20
589,23,17,17,6,10.090670558592322,11
590,79,12,106,4,10.079963228120917,8
591,40,16,49,6,10.077718304922938,10
592,27,41,19,13,10.068063409604914,28
593,13,23,83,8,10.067954696106945,15
594,44,10,38,3,10.048373138060269,7
595,78,14,46,6,10.036009292919493,8
596,110,13,107,4,10.03472132274693,9
597,30,19,91,6,10.028289002870832,13
598,30,27,84,8,10.023299208241367,19
599,95,25,65,9,9.987438820754939,16
600,53,21,12,8,9.979940044053077,13
601,73,18,88,6,9.974203425238965,12
602,39,27,78,9,9.973212275021982,18
603,46,14,90,5,9.960134782518512,9
604,27,25,103,9,9.957896040787109,16
605,75,15,29,6,9.923300198268764,9
606,95,10,2,3,9.920312629990502,7
607,63,50,84,19,9.919938234846502,31
608,1,11,57,4,9.916035104284743,7
609,30,18,70,7,9.913973705469937,11
610,54,34,60,11,9.913747967452048,23
611,28,35,75,12,9.910859132469223,23
612,103,21,68,8,9.904114100948439,13
613,37,47,54,16,9.896946296790851,31
614,11,14,83,4,9.89615191909491,10
615,79,18,51,8,9.895968302837433,10
616,110,20,16,7,9.893450419413208,13
617,20,14,29,5,9.888770035938014,9
618,100,33,49,12,9.885330346900629,21
619,2,17,54,5,9.883928701627934,12
620,108,30,13,10,9.878575082747142,20
621,17,15,71,6,9.874078720771614,9
622,75,17,1,5,9.87310906944801,12
623,22,12,27,4,9.866452926590915,8
624,51,26,33,7,9.853114112635922,19
625,44,21,13,7,9.844973608163798,14
626,53,10,98,4,9.839111782848335,6
627,85,12,57,4,9.833564112026494,8
628,9,17,47,6,9.833363334347146,11
629,47,17,69,6,9.824856595944096,11
630,54,13,57,3,9.824315369895016,10
631,40,24,17,8,9.815776001763279,16
632,27,20,55,6,9.8088649644787,14
633,114,16,62,6,9.799890996069497,10
634,62,10,93,4,9.798162399200404,6
635,37,24,83,9,9.783726366978417,15
636,100,29,43,11,9.777155136981534,18
637,15,14,53,5,9.759389882181187,9
638,16,49,18,16,9.751591518104966,33
639,72,20,3,8,9.745718908399102,12
640,63,16,19,5,9.723573687889937,11
641,43,19,31,10,9.720852773553682,9
642,52,15,8,5,9.715026692600487,10
643,54,27,27,10,9.714708549956656,17
644,68,30,8,11,9.713048677811617,19
645,75,18,11,7,9.71088785220573,11
646,8,34,114,11,9.69923185832115,23
647,16,64,106,21,9.698477969183921,43
648,78,27,69,10,9.666260825143702,17
649,64,47,60,15,9.66174772613163,32
650,100,12,71,4,9.66068752031631,8
651,101,10,13,3,9.652646543094525,7
652,85,11,75,3,9.651599660168166,8
653,22,10,114,5,9.649313306364819,5
654,41,23,53,8,9.631953807885303,15
655,103,18,12,8,9.627784072806602,10
656,70,17,109,6,9.623350653501726,11
657,40,12,19,4,9.612489725967157,8
658,99,14,8,6,9.61106559286031,8
659,83,18,84,7,9.609473734372159,11
660,78,13,103,3,9.60488445618254,10
661,8,13,53,4,9.596286006275326,9
662,72,19,19,6,9.59501454923371,13
663,64,27,112,8,9.595012833071515,19
664,73,20,7,8,9.582485903794176,12
665,17,12,48,5,9.570482008629265,7
666,27,28,31,12,9.569633624787398,16
667,26,23,13,7,9.562123129591575,16
668,18,13,34,4,9.550016463821068,9
669,34,19,49,7,9.543174969435785,12
670,106,13,108,4,9.535201707134298,9
671,20,11,75,4,9.527707505687719,7
672,48,15,51,7,9.527077025607761,8
673,1,22,31,9,9.525804060927038,13
674,55,22,43,6,9.522955985168734,16
675,20,32,25,11,9.520523686179052,21
676,18,27,9,9,9.520249042639604,18
677,62,14,64,6,9.515284324050944,8
678,8,17,36,6,9.51236026695053,11
679,90,14,80,4,9.509239360264802,10
680,114,13,2,5,9.509158562417847,8
681,15,35,51,13,9.503627084553731,22
682,37,22,99,7,9.502759058160713,15
683,37,29,7,11,9.500511382222342,18
684,18,11,84,4,9.493458888054228,7
685,72,15,77,6,9.475978955314686,9
686,23,16,57,6,9.474501256774838,10
687,16,47,96,14,9.46295382882651,33
688,41,19,89,6,9.453124323035377,13
689,32,11,63,4,9.44232166344675,7
690,13,15,2,6,9.422510080465486,9
691,103,17,57,6,9.414120229975815,11
692,100,25,41,9,9.40329459195757,16
693,27,16,38,5,9.401601002215301,11
694,109,11,36,3,9.390936468630548,8
695,27,16,4,6,9.3787154159821,10
696,104,21,84,8,9.37162724208143,13
697,94,13,34,5,9.35579132587053,8
698,55,19,23,8,9.354242967773875,11
699,1,20,87,8,9.344990956449259,12
700,28,29,2,10,9.34282167881126,19
701,111,15,51,5,9.328246716797016,10
702,77,10,84,3,9.326879307665175,7
703,43,15,9,6,9.316210412036984,9
704,45,10,38,3,9.31109379184883,7
705,100,17,18,7,9.297622647277194,10
706,49,16,112,6,9.288177963157707,10
707,43,22,15,8,9.285637239526942,14
708,70,14,29,6,9.28377551108064,8
709,78,15,50,5,9.279334063465148,10
710,20,16,90,6,9.25670480461804,10
711,34,22,51,8,9.254702967852264,14
712,78,15,53,6,9.245467105519944,9
713,86,34,48,12,9.236642112579286,22
714,29,21,68,7,9.23535316837858,14
715,18,12,62,4,9.234800982158584,8
716,91,23,20,9,9.233435902067152,14
717,12,14,4,4,9.233113169427765,10
718,54,17,3,7,9.232444908063068,10
719,30,19,79,6,9.232107450931762,13
720,70,16,69,5,9.227346228401574,11
721,107,21,103,7,9.216518894849143,14
722,48,16,108,5,9.209950001192905,11
723,93,11,90,4,9.204947446014161,7
724,73,17,40,6,9.199997222971483,11
725,63,36,76,12,9.19742593219103,24
726,34,17,19,6,9.197297882858841,11
727,81,16,63,6,9.19342956994627,10
728,23,14,91,6,9.188824217195519,8
729,53,14,38,5,9.17946873124013,9
730,15,13,91,6,9.175439096539632,7
731,102,37,86,13,9.175322859485366,24
732,92,15,40,5,9.168940871834318,10
733,63,14,72,4,9.168022793278983,10
734,62,21,63,8,9.161474645821363,13
735,50,43,5,17,9.156049369840707,26
736,39,25,106,10,9.155969378752744,15
737,30,49,39,19,9.117859548344384,30
738,92,11,17,4,9.114563540800457,7
739,109,15,31,5,9.11388757240418,10
740,15,10,6,3,9.11193288321201,7
741,85,20,72,6,9.102410285550633,14
742,94,12,75,4,9.080901166069644,8
743,95,34,8,13,9.079209474058969,21
744,89,11,55,4,9.077967122900679,7
745,80,39,107,13,9.074881524481428,26
746,44,29,86,10,9.073857704921485,19
747,63,36,20,14,9.052296628830991,22
748,35,16,45,7,9.040031591861501,9
749,63,16,33,6,9.020049921268521,10
750,5,15,36,6,9.008614310253613,9
751,38,10,72,4,8.999506480702253,6
752,72,12,60,4,8.994042927355459,8
753,78,15,80,5,8.990142670025005,10
754,48,10,81,3,8.989696104511108,7
755,98,26,49,9,8.98655452597872,17
756,6,10,57,4,8.977559393727244,6
757,28,15,52,6,8.975367013246691,9
758,88,20,112,7,8.974262508725223,13
759,97,18,36,7,8.970668153566264,11
760,47,20,114,8,8.969382880850322,12
761,11,14,81,5,8.967824856070845,9
762,28,11,32,4,8.963821007682872,7
763,68,30,18,11,8.962998195734913,19
764,79,10,12,4,8.960795438791044,6
765,57,10,98,4,8.957212394612133,6
766,100,35,11,12,8.950423282440326,23
767,53,20,109,7,8.945178102898183,13
768,51,26,74,8,8.938947542412073,18
769,73,12,31,4,8.938919570135752,8
770,94,27,12,11,8.928894535544233,16
771,13,22,84,7,8.92622496976615,15
772,76,48,51,16,8.925061488027245,32
773,11,10,91,3,8.923724837318142,7
774,58,27,13,8,8.921844647619922,19
775,72,17,49,6,8.921503010914293,11
776,26,10,88,4,8.919527282390282,6
777,110,19,25,6,8.917701672558222,13
778,30,22,109,7,8.916870854615816,15
779,17,22,60,8,8.913811593594374,14
780,49,14,43,5,8.897240688987178,9
781,69,12,97,4,8.888377862411462,8
782,75,18,109,6,8.883837567249163,12
783,90,23,13,8,8.88376435292604,15
784,49,11,53,4,8.876928289416245,7
785,6,15,12,7,8.873687126500897,8
786,50,24,30,9,8.864762243264122,15
787,107,22,66,8,8.85129730206017,14
788,35,16,51,6,8.849945437990401,10
789,13,53,3,18,8.848258470598866,35
790,32,15,87,5,8.84415502943487,10
791,20,10,12,4,8.842914423325947,6
792,85,17,50,6,8.828432540960762,11
793,63,19,36,7,8.822881427312195,12
794,63,22,77,7,8.81999753264251,15
795,36,18,47,6,8.810892372607714,12
796,57,24,63,10,8.808573587871942,14
797,106,10,42,3,8.802546839644418,7
798,41,17,28,6,8.792780130820773,11
799,26,11,107,4,8.789963547813727,7
800,77,14,99,4,8.784719144285264,10
801,106,23,18,8,8.778191080978742,15
802,16,27,1,8,8.777340054296328,19
803,78,26,8,9,8.770169351910752,17
804,70,17,64,5,8.763483643924099,12
805,19,25,3,9,8.75255526100678,16
806,38,14,106,7,8.74501943352997,7
807,4,22,17,7,8.727735068009611,15
808,62,20,8,6,8.725180325771555,14
809,27,59,87,22,8.722585860088165,37
810,58,10,45,4,8.721721801464442,6
811,45,15,86,6,8.710518828201982,9
812,28,28,68,9,8.707268087933773,19
813,29,10,104,4,8.703420471548787,6
814,112,21,29,8,8.702796116095772,13
815,86,49,76,19,8.683760649202954,30
816,39,41,20,17,8.683414479878408,24
817,16,46,3,16,8.68148645178151,30
818,39,67,68,26,8.679610428054557,41
819,9,31,31,11,8.678153869820548,20
820,19,12,31,4,8.676840084796211,8
821,53,11,54,4,8.670288326383611,7
822,70,12,58,4,8.662523092509444,8
823,27,17,35,6,8.6459310555496,11
824,41,19,97,7,8.638943706099205,12
825,1,24,65,10,8.63311694974403,14
826,39,10,35,4,8.620295444874086,6
827,30,29,88,12,8.60623014790001,17
828,16,33,64,11,8.600084445704603,22
829,65,44,93,18,8.591281807406075,26
830,12,12,7,5,8.583277537702376,7
831,108,13,68,5,8.580585833252007,8
832,53,18,77,7,8.57678025133703,11
833,95,23,55,8,8.575006509864881,15
834,100,23,114,8,8.573771541164337,15
835,49,10,93,4,8.572163796775682,6
836,48,11,104,4,8.568096491349037,7
837,41,12,80,4,8.558761558111074,8
838,65,15,66,5,8.555650294431567,10
839,78,11,36,4,8.552435160203329,7
840,94,11,2,4,8.55058688518052,7
841,16,15,67,5,8.550473387804695,10
842,93,11,63,4,8.547776338932225,7
843,94,12,35,5,8.545638882275087,7
844,110,11,63,4,8.534985747455593,7
845,53,20,61,6,8.524850655507478,14
846,91,10,45,4,8.504304930616431,6
847,29,18,34,7,8.499963472080458,11
848,64,28,40,10,8.496071624321134,18
849,28,17,12,6,8.494896988707827,11
850,74,14,77,5,8.485489523270209,9
851,55,14,85,5,8.476039600481302,9
852,39,26,112,10,8.464674026518862,16
853,48,39,107,15,8.46425442284703,24
854,12,16,106,5,8.461406597257813,11
855,114,24,3,8,8.461132150785255,16
856,95,14,96,5,8.45037398259218,9
857,96,24,70,11,8.437417991026262,13
858,55,20,114,7,8.432483182241098,13
859,88,14,103,5,8.430464226549898,9
860,73,19,90,7,8.424101991862472,12
861,108,12,3,4,8.422087883882751,8
862,41,12,102,4,8.421036787338009,8
863,16,74,27,27,8.419832628912095,47
864,50,21,102,9,8.41869338516401,12
865,109,14,67,7,8.410228891959628,7
866,43,10,62,4,8.394379014204608,6
867,67,10,104,4,8.393331116483226,6
868,13,21,98,7,8.382728400092747,14
869,62,25,68,10,8.38261509800727,15
870,7,45,25,16,8.37280661834829,29
871,16,121,88,43,8.372604714725346,78
872,7,22,5,8,8.357081514884824,14
873,41,32,31,12,8.353957395244583,20
874,48,25,96,9,8.343995751105187,16
875,16,93,39,35,8.337598577571407,58
876,8,29,84,10,8.33757645831541,19
877,48,12,89,3,8.328549669565296,9
878,25,15,9,5,8.323455878342044,10
879,19,16,108,6,8.312758842928977,10
880,57,18,43,5,8.312131327998166,13
881,90,13,48,5,8.30973168111364,8
882,13,30,94,11,8.309149852706643,19
883,104,15,81,7,8.308547186806486,8
884,86,17,56,6,8.300855291965847,11
885,8,21,41,7,8.297019486473621,14
886,41,46,86,16,8.290720857944356,30
887,90,31,106,10,8.283845461248372,21
888,97,25,51,8,8.2813934521597,17
889,12,33,107,11,8.279348331324147,22
890,41,18,91,6,8.276671952774393,12
891,37,12,14,5,8.266467835075433,7
892,8,29,15,12,8.254756555500956,17
893,69,21,106,8,8.230262561693124,13
894,99,10,71,4,8.22496630028886,6
895,112,14,40,6,8.221202026655053,8
896,107,22,102,9,8.213723175398458,13
897,64,42,51,16,8.201880887276834,26
898,87,24,93,9,8.20135369004028,15
899,58,26,69,11,8.200000948757868,15
900,74,25,39,10,8.195535087876927,15
901,48,10,102,3,8.180791813472473,7
902,47,15,81,5,8.165398445346261,10
903,76,20,9,7,8.161384986883023,13
904,33,17,20,6,8.157924685534635,11
905,18,16,112,5,8.155957753880719,11
906,13,51,43,22,8.149900091412468,29
907,4,10,112,4,8.145974306589784,6
908,16,74,63,28,8.144368650075487,46
909,56,14,107,6,8.142413744294045,8
910,20,11,110,4,8.125291114928716,7
911,81,11,111,3,8.120062859865854,8
912,34,16,74,5,8.118744758398414,11
913,74,15,48,7,8.108554922899495,8
914,3,10,85,5,8.102330604310952,5
915,38,17,19,5,8.100688864380347,12
916,95,11,49,3,8.095998639719067,8
917,37,42,46,14,8.09589581959515,28
918,27,45,78,15,8.094234380040165,30
919,60,29,12,14,8.086986992461753,15
920,109,44,8,18,8.084532850874995,26
921,43,17,4,7,8.083539648296872,10
922,8,61,5,24,8.080732178020162,37
923,89,12,74,5,8.079770785030162,7
924,110,16,97,6,8.077466293642946,10
925,50,18,70,8,8.072010588554935,10
926,76,38,68,11,8.067259765332079,27
927,53,13,46,5,8.064750592390656,8
928,35,10,15,5,8.056529361763387,5
929,20,36,84,11,8.04861670328596,25
930,84,34,39,14,8.036646698196414,20
931,16,45,46,16,8.034750190065967,29
932,75,41,50,14,8.02466935745211,27
933,63,12,52,5,8.015196003418383,7
934,35,11,9,5,8.012816785902409,6
935,63,47,88,16,8.011636403272151,31
936,76,16,114,5,8.01045549406789,11
937,91,31,98,12,8.010154956050265,19
938,41,18,81,6,8.009042710590082,12
939,39,42,88,16,8.004378009209994,26
940,46,15,29,8,7.998285412892301,7
941,102,19,96,7,7.9956311609664965,12
942,44,22,6,7,7.994067314889742,15
943,13,16,70,6,7.990308468406848,10
944,20,19,3,7,7.987586080022351,12
945,5,28,84,11,7.986435375626319,17
946,112,26,76,11,7.979151678151438,15
947,34,20,68,8,7.978044783319167,12
948,65,25,5,10,7.967561696591304,15
949,23,21,39,8,7.9630880242589255,13
950,111,17,63,7,7.959677987637777,10
951,29,14,48,5,7.9511299585905455,9
952,43,37,94,15,7.950393521522252,22
953,73,17,87,5,7.942207150258419,12
954,33,24,107,10,7.9345080318988535,14
955,30,12,2,5,7.930773013016298,7
956,54,22,18,9,7.917650548154775,13
957,6,14,61,5,7.915350050859163,9
958,88,10,82,4,7.912578083642496,6
959,71,13,38,4,7.906029048659733,9
960,78,11,31,5,7.904414780494012,6
961,53,14,90,5,7.90103229929259,9
962,17,16,29,7,7.899676305324427,9
963,114,25,90,10,7.8701656835045455,15
964,27,26,53,9,7.864216242382974,17
965,108,15,98,6,7.863072789163925,9
966,44,12,35,5,7.859665557157517,7
967,106,26,91,9,7.859341034872018,17
968,54,52,109,19,7.843268223083442,33
969,114,20,1,7,7.837742070296788,13
970,2,33,107,12,7.828664599470127,21
971,13,63,106,24,7.824636159857552,39
972,25,46,46,19,7.8204011950255445,27
973,114,12,110,4,7.80031681097971,8
974,50,15,48,5,7.798532000224024,10
975,108,11,78,4,7.797957113003336,7
976,47,10,111,4,7.786638633209644,6
977,92,14,114,4,7.774797164908212,10
978,50,22,18,9,7.758401768064157,13
979,53,11,73,4,7.756297558195456,7
980,37,49,25,20,7.755599308877524,29
981,73,13,54,5,7.746921178252216,8
982,44,11,84,5,7.741464370739849,6
983,76,12,72,4,7.731997605583364,8
984,16,14,101,5,7.729447625525014,9
985,11,34,109,12,7.716126104916,22
986,12,13,15,5,7.701702899989759,8
987,75,61,68,22,7.698232004910781,39
988,86,28,1,11,7.69668031791366,17
989,111,25,7,10,7.69032342577198,15
990,5,32,11,12,7.687442157533876,20
991,23,24,100,9,7.6843054866955915,15
992,50,35,55,15,7.677574556383833,20
993,72,10,104,4,7.673968450836452,6
994,103,15,84,7,7.669643891974181,8
995,103,27,19,11,7.669020445123164,16
996,37,29,38,11,7.668156637885108,18
997,28,22,62,9,7.6671820736148195,13
998,37,24,96,10,7.665844925696509,14
999,16,44,69,16,7.665479946548734,28
1000,27,29,112,11,7.66149470567157,18
1001,107,27,35,9,7.659745377736294,18
1002,104,11,66,3,7.6588091193640615,8
1003,33,13,31,6,7.647223417443057,7
1004,70,11,60,4,7.6464357490262,7
1005,97,29,5,10,7.639418302115124,19
1006,69,11,61,3,7.633216471104325,8
1007,28,22,19,8,7.627099764741291,14
1008,71,14,27,5,7.62097447229337,9
1009,54,22,72,8,7.618738189484298,14
1010,60,32,69,14,7.613845124007755,18
1011,108,25,88,9,7.612957755702022,16
1012,54,18,58,8,7.606404400860017,10
1013,54,79,88,30,7.59594185423803,49
1014,100,24,29,10,7.595247987937733,14
1015,18,20,36,8,7.5949028785012285,12
1016,87,38,9,16,7.592453429043002,22
1017,55,24,64,8,7.5905103785531685,16
1018,11,24,103,8,7.585830317962976,16
1019,72,10,36,4,7.585561627806539,6
1020,28,31,114,13,7.584853881328923,18
1021,46,12,77,5,7.574271980014295,7
1022,34,14,5,4,7.5706698448560905,10
1023,40,66,68,24,7.5703219943157025,42
1024,75,23,49,9,7.565086245339055,14
1025,60,19,45,8,7.562934672858015,11
1026,87,38,40,16,7.562449238427529,22
1027,49,13,55,5,7.545834219734257,8
1028,85,10,46,3,7.538229298143679,7
1029,34,22,55,9,7.534603126846274,13
1030,17,15,77,6,7.533332094576503,9
1031,33,16,7,7,7.532188482638043,9
1032,6,11,55,3,7.526848268362216,8
1033,107,39,49,15,7.524333331566163,24
1034,104,34,100,13,7.519540201693834,21
1035,7,52,87,19,7.517208318589072,33
1036,85,11,47,3,7.514718359567323,8
1037,104,18,69,6,7.510735223332435,12
1038,7,21,109,8,7.493740572538848,13
1039,70,14,36,6,7.476080415111229,8
1040,108,15,63,6,7.475559971035058,9
1041,64,37,31,14,7.4738922265185375,23
1042,38,13,57,6,7.472873149275028,7
1043,34,31,8,12,7.466974677979834,19
1044,110,18,39,6,7.464111416570426,12
1045,45,12,53,5,7.463487107897495,7
1046,100,12,70,5,7.458777129644957,7
1047,37,21,110,9,7.457046552670356,12
1048,11,12,71,5,7.444969376445684,7
1049,86,109,51,45,7.4414947008989545,64
1050,16,46,9,16,7.440540686759275,30
1051,65,40,29,16,7.43743440437438,24
1052,9,15,57,6,7.427077607114284,9
1053,36,34,41,16,7.412500474371832,18
1054,70,30,20,11,7.408681007686702,19
1055,20,11,94,4,7.404911652749632,7
1056,43,17,84,7,7.4028714682915195,10
1057,58,35,107,13,7.402010340100227,22
1058,1,10,5,4,7.391988711274886,6
1059,50,29,71,12,7.386130219514862,17
1060,27,31,94,12,7.381571713402093,19
1061,34,21,30,8,7.377448858621609,13
1062,71,19,81,7,7.374213709282583,12
1063,73,10,71,4,7.37323406519455,6
1064,31,14,80,4,7.367135464628976,10
1065,16,72,55,26,7.36707211993361,46
1066,25,16,33,5,7.36592627296452,11
1067,77,10,114,4,7.3654772203978025,6
1068,73,25,8,10,7.35879002547718,15
1069,17,19,9,8,7.3581791578689,11
1070,34,15,103,5,7.354456552823521,10
1071,48,24,79,9,7.345817828277461,15
1072,23,18,114,6,7.344942637597016,12
1073,40,41,104,15,7.342291894534163,26
1074,75,16,2,7,7.332326563651873,9
1075,62,30,88,12,7.323841783087014,18
1076,70,42,5,17,7.323141246130927,25
1077,16,20,93,9,7.319623013756245,11
1078,34,26,87,10,7.3175437680280275,16
1079,78,34,87,14,7.300924654949366,20
1080,54,33,40,13,7.298767912387551,20
1081,30,30,55,11,7.297909474841512,19
1082,43,31,40,13,7.2876910701836355,18
1083,9,20,104,8,7.285236260424962,12
1084,97,16,29,6,7.284915525257299,10
1085,55,20,68,7,7.273979151335479,13
1086,106,13,57,6,7.272492874678534,7
1087,62,10,96,3,7.268496266352443,7
1088,110,16,70,6,7.267896542251015,10
1089,20,17,98,6,7.267496359610282,11
1090,100,14,48,6,7.263809625362937,8
1091,63,14,10,5,7.2617205803599045,9
1092,75,19,81,7,7.259552889264539,12
1093,86,30,79,11,7.258463117259926,19
1094,87,29,91,11,7.256753645120718,18
1095,69,12,96,4,7.252755690648875,8
1096,31,14,5,5,7.246607645789562,9
1097,78,44,51,20,7.2410096454388375,24
1098,114,27,40,9,7.240772461331043,18
1099,39,100,51,39,7.2379278497011885,61
1100,100,21,76,9,7.2254782257625605,12
1101,18,27,8,9,7.2072418633828494,18
1102,86,22,52,8,7.203855363753254,14
1103,87,45,19,17,7.193381849576721,28
1104,109,13,22,5,7.1904728762162415,8
1105,112,15,43,6,7.1893251112725896,9
1106,36,16,112,6,7.175574629533441,10
1107,98,41,86,17,7.171894084868247,24
1108,30,13,61,5,7.1697153559652405,8
1109,114,19,57,7,7.16817977917647,12
1110,104,39,55,15,7.167673821947762,24
1111,13,76,87,28,7.157698235890789,48
1112,8,19,33,7,7.156947433543343,12
1113,80,13,30,5,7.153305949978541,8
1114,29,14,37,6,7.147246302868531,8
1115,84,18,19,7,7.145362039647056,11
1116,111,12,69,5,7.144443379259755,7
1117,5,17,60,6,7.144002600647477,11
1118,40,50,55,19,7.142420946012768,31
1119,11,35,57,16,7.140027278328806,19
1120,27,39,15,17,7.136849333339997,22
1121,62,11,38,4,7.131662703916968,7
1122,67,12,107,4,7.124134838046416,8
1123,65,27,76,9,7.121500914302366,18
1124,86,30,83,10,7.114862976089345,20
1125,45,33,7,13,7.114147641228475,20
1126,100,32,54,12,7.106265052685038,20
1127,1,10,45,4,7.100044646871245,6
1128,38,14,17,6,7.099034060595348,8
1129,30,26,64,10,7.0955835601535755,16
1130,104,18,12,7,7.088685395000144,11
1131,16,37,76,17,7.08252034451718,20
1132,28,35,70,14,7.078735797739843,21
1133,85,10,53,3,7.0781457464371815,7
1134,52,11,12,5,7.062340699088407,6
1135,98,27,63,11,7.061533653908023,16
1136,99,18,36,6,7.061516094995872,12
1137,65,16,73,6,7.056062739811479,10
1138,17,14,19,5,7.043328257314956,9
1139,72,17,100,6,7.042803078438889,11
1140,55,25,97,9,7.041738062020972,16
1141,72,11,114,5,7.039741382461145,6
1142,30,65,16,25,7.037548989274952,40
1143,37,19,27,7,7.034792767414984,12
1144,76,15,48,5,7.031929988428476,10
1145,89,13,13,6,7.027546797235386,7
1146,95,15,40,6,7.026458120737083,9
1147,87,27,53,12,7.022639512769477,15
1148,12,15,43,5,7.021564164922878,10
1149,28,35,102,14,7.0194388131448555,21
1150,43,38,87,15,7.017763648674249,23
1151,63,25,38,8,7.013791456544735,17
1152,107,47,53,18,7.009171118597258,29
1153,40,13,69,4,7.0067178601682825,9
1154,93,26,54,9,7.002072182522706,17
1155,79,14,54,5,6.993661154009002,9
1156,4,21,87,7,6.993636995986407,14
1157,62,15,5,6,6.992708759597391,9
1158,12,36,13,11,6.98896307532302,25
1159,111,23,13,10,6.988942249892523,13
1160,17,20,55,9,6.987444025974705,11
1161,53,30,30,12,6.984989750265453,18
1162,18,23,97,9,6.965163575719862,14
1163,16,34,36,13,6.9623095532486845,21
1164,111,15,39,6,6.960860011711801,9
1165,32,18,104,6,6.95922508638955,12
1166,90,20,63,8,6.95733483322538,12
1167,4,25,51,9,6.952578906103857,16
1168,13,39,69,15,6.9462738533889254,24
1169,99,12,88,5,6.93913123202866,7
1170,41,20,19,7,6.929115235665347,13
1171,12,17,8,6,6.921568362260989,11
1172,27,33,77,13,6.913052068345057,20
1173,28,17,29,7,6.905526522456791,10
1174,58,21,68,8,6.90465268486649,13
1175,107,33,62,15,6.902263747551283,18
1176,106,15,99,5,6.882359612487447,10
1177,12,15,38,6,6.874303116736782,9
1178,34,12,38,4,6.8714448233593854,8
1179,29,19,69,8,6.87026975866342,11
1180,68,58,87,23,6.867242541807757,35
1181,3,12,98,6,6.866274172778351,6
1182,60,43,4,19,6.864343045215706,24
1183,108,18,60,7,6.856532886501664,11
1184,7,99,51,37,6.849475435937799,62
1185,62,28,51,11,6.837263314130049,17
1186,95,25,106,9,6.830338155584792,16
1187,49,26,77,9,6.827495313117423,17
1188,79,14,65,6,6.821859416038811,8
1189,68,69,31,28,6.821634358561019,41
1190,56,13,4,6,6.816273515879696,7
1191,8,32,9,15,6.810878783728151,17
1192,86,25,103,9,6.80663720503749,16
1193,71,50,13,21,6.804323620324037,29
1194,3,17,50,7,6.801357099943921,10
1195,28,16,49,7,6.801284823553003,9
1196,108,23,87,9,6.799580586486788,14
1197,55,10,31,4,6.798197972656263,6
1198,86,34,81,11,6.793767976423695,23
1199,2,14,38,6,6.792448237787324,8
1200,109,28,55,13,6.787411237199466,15
1201,51,63,63,28,6.773843003389743,35
1202,49,27,65,11,6.761581477384978,16
1203,84,26,29,11,6.760641343975314,15
1204,86,82,96,32,6.757041595559335,50
1205,13,39,8,15,6.751757053519925,24
1206,33,17,50,7,6.750798742645294,10
1207,81,21,69,9,6.750068761353672,12
1208,63,27,109,12,6.749986635160668,15
1209,19,12,79,5,6.749688848415009,7
1210,86,54,97,22,6.749652418711037,32
1211,94,10,71,4,6.748460655059317,6
1212,45,13,68,5,6.747691137383071,8
1213,84,26,48,10,6.7407911051084906,16
1214,18,10,29,3,6.739197778395282,7
1215,15,20,69,7,6.736896270525392,13
1216,40,14,78,4,6.732885786530082,10
1217,74,38,96,14,6.731828732252355,24
1218,14,13,95,5,6.731405281187272,8
1219,65,10,32,4,6.718474357729474,6
1220,28,35,97,13,6.716635909782017,22
1221,83,15,74,7,6.703298030488857,8
1222,108,11,38,4,6.702463242169258,7
1223,63,25,23,9,6.701335055503612,16
1224,10,18,86,8,6.698064905065153,10
1225,111,11,106,3,6.697425895741327,8
1226,104,54,28,22,6.6974143097234355,32
1227,11,24,98,10,6.689063597940294,14
1228,49,14,37,6,6.68260072132325,8
1229,23,31,68,14,6.676959480055366,17
1230,85,20,54,7,6.664179187550933,13
1231,78,23,3,10,6.662759037015146,13
1232,10,12,57,4,6.658857003244836,8
1233,19,13,80,5,6.6570365011750905,8
1234,83,11,71,5,6.656205380333864,6
1235,71,19,37,8,6.653996053488669,11
1236,8,59,63,25,6.653552632837189,34
1237,32,26,5,10,6.647447060451906,16
1238,86,38,17,17,6.641619574926921,21
1239,102,19,88,6,6.636908554010758,13
1240,4,30,65,12,6.6356003955737535,18
1241,11,32,41,11,6.634181851160081,21
1242,39,22,37,9,6.632156694863052,13
1243,47,43,13,17,6.630254291387857,26
1244,25,48,5,19,6.626414170343125,29
1245,74,38,46,14,6.622188071735937,24
1246,20,21,68,9,6.619136630374984,12
1247,23,14,30,6,6.618468991829208,8
1248,78,24,12,8,6.611127678275722,16
1249,11,25,35,10,6.6098986532599575,15
1250,64,31,63,13,6.5953519944401675,18
1251,34,16,67,8,6.58685136756142,8
1252,27,11,101,4,6.582303845846212,7
1253,77,12,81,5,6.5752456736487765,7
1254,72,21,87,9,6.574955845843893,12
1255,53,26,114,11,6.571088082289226,15
1256,75,31,63,13,6.570041946714378,18
1257,112,15,30,5,6.562692428407148,10
1258,106,32,23,15,6.549055396089171,17
1259,58,16,112,7,6.546457957272807,9
1260,54,58,70,23,6.543056803225659,35
1261,60,32,50,15,6.533035543984184,17
1262,98,23,29,9,6.531113392896418,14
1263,91,13,80,5,6.531108694088673,8
1264,102,12,38,3,6.529266346603461,9
1265,39,69,49,26,6.526866682554677,43
1266,13,35,37,14,6.522302273576749,21
1267,8,32,57,12,6.5215022443527495,20
1268,60,20,66,7,6.515171561917162,13
1269,76,15,79,5,6.514592595269538,10
1270,41,24,77,9,6.512816462619647,15
1271,3,20,112,9,6.50633594997227,11
1272,74,29,55,12,6.503619546467787,17
1273,90,11,102,6,6.502237322589002,5
1274,18,10,103,3,6.501498615339008,7
1275,70,20,9,7,6.477071321597407,13
1276,98,11,68,4,6.4699276959750645,7
1277,104,38,60,12,6.467802328258811,26
1278,98,13,12,5,6.466454254397779,8
1279,97,19,57,8,6.465009515620626,11
1280,100,61,86,26,6.455390201337671,35
1281,8,20,91,8,6.453847873736644,12
1282,6,10,28,4,6.452419128804086,6
1283,13,47,23,21,6.43409734894195,26
1284,69,18,94,7,6.432434124144747,11
1285,89,16,107,6,6.429821795264183,10
1286,16,92,8,36,6.429444057927855,56
1287,40,16,33,5,6.427211772717694,11
1288,75,21,100,10,6.426877840881264,11
1289,96,23,80,9,6.423400971659428,14
1290,61,10,23,4,6.419517618014351,6
1291,91,18,54,8,6.414686940093468,10
1292,80,20,37,8,6.401050818487373,12
1293,33,13,96,7,6.392035038140808,6
1294,33,12,69,5,6.387028758243514,7
1295,108,29,51,12,6.386940693154832,17
1296,28,16,27,5,6.382931621067471,11
1297,87,35,57,14,6.372641139100552,21
1298,33,15,102,6,6.371524301983966,9
1299,57,12,50,4,6.36698198689182,8
1300,7,21,56,9,6.361794853449644,12
1301,64,19,43,8,6.3596171770522805,11
1302,47,18,15,8,6.359572158435766,10
1303,92,13,27,6,6.356396578041118,7
1304,85,17,96,5,6.345069391274802,12
1305,62,22,40,11,6.34058891485694,11
1306,15,24,18,9,6.3402318230961585,15
1307,77,37,51,16,6.323702748298248,21
1308,3,22,57,9,6.32106203576372,13
1309,70,18,98,6,6.319051319272616,12
1310,81,43,13,16,6.312623636344121,27
1311,76,21,19,8,6.301901405511211,13
1312,76,20,94,7,6.29880756689131,13
1313,30,24,37,9,6.294754233158861,15
1314,54,13,108,4,6.288035508418625,9
1315,47,21,86,8,6.282505529772493,13
1316,50,15,72,6,6.282212191469298,9
1317,29,14,93,6,6.281843189307092,8
1318,11,35,68,15,6.280005613646359,20
1319,86,21,4,8,6.2794844995496994,13
1320,65,26,102,9,6.271132053863892,17
1321,20,45,5,17,6.270373633442785,28
1322,15,12,95,5,6.265255655621163,7
1323,112,12,79,5,6.244469819410295,7
1324,114,48,5,20,6.237633533478721,28
1325,34,31,86,13,6.237009896243484,18
1326,100,67,51,30,6.233707092817567,37
1327,7,39,3,15,6.232217973074318,24
1328,104,41,50,16,6.230364171354915,25
1329,111,26,55,10,6.228608034123602,16
1330,16,42,91,15,6.227187272730326,27
1331,54,25,49,11,6.225454221982543,14
1332,107,65,104,26,6.21771215256008,39
1333,114,24,70,9,6.2146226206029915,15
1334,35,15,84,6,6.209299301194261,9
1335,63,14,12,7,6.204748395941864,7
1336,74,28,70,13,6.203999405338755,15
1337,65,49,20,18,6.200424954113156,31
1338,63,28,2,12,6.200018491851485,16
1339,27,54,65,21,6.196724957991716,33
1340,87,26,97,9,6.1908682502181325,17
1341,91,12,71,5,6.187474142289449,7
1342,114,17,81,8,6.179669023614306,9
1343,80,10,93,5,6.175234905241036,5
1344,107,23,77,10,6.174961839792214,13
1345,43,14,8,6,6.169495664997545,8
1346,13,47,36,18,6.167141158071529,29
1347,27,11,33,5,6.161047087897558,6
1348,50,11,81,5,6.158903696641065,6
1349,75,27,47,9,6.156969718274411,18
1350,81,23,16,9,6.151567538462685,14
1351,8,43,46,19,6.150181022589489,24
1352,50,11,19,4,6.139898808996972,7
1353,13,20,6,8,6.125282920128935,12
1354,25,35,88,12,6.123879676950231,23
1355,81,13,31,4,6.117159791325403,9
1356,90,12,7,5,6.108519045195328,7
1357,16,13,10,5,6.102410867550438,8
1358,10,13,87,5,6.098821416398097,8
1359,62,16,69,7,6.098141811871047,9
1360,49,11,103,5,6.096089027289713,6
1361,54,11,47,5,6.095812400128514,6
1362,96,14,108,6,6.092516088942792,8
1363,26,10,16,4,6.090476145744292,6
1364,111,23,107,11,6.08814286411973,12
1365,30,20,38,7,6.083418085357015,13
1366,23,13,102,6,6.080684731147943,7
1367,6,23,16,11,6.074728029131809,12
1368,23,27,41,11,6.068042449918637,16
1369,30,57,65,23,6.05792299806429,34
1370,23,43,60,17,6.05331122826769,26
1371,39,14,14,6,6.04933667985342,8
1372,63,24,18,9,6.046455003215173,15
1373,53,30,112,14,6.044976838822192,16
1374,70,15,93,6,6.04469500542117,9
1375,76,18,88,8,6.043471817882154,10
1376,8,16,32,7,6.041444852098721,9
1377,7,24,98,9,6.0336860037819795,15
1378,75,31,31,14,6.033482134287373,17
1379,26,10,68,4,6.030745942778486,6
1380,91,17,50,6,6.027790824025911,11
1381,95,20,46,8,6.027785407812038,12
1382,98,24,37,10,6.023716027404386,14
1383,103,17,17,6,6.022913063656272,11
1384,29,27,15,11,6.019767915792352,16
1385,37,19,100,7,6.000890669706824,12
1386,114,25,31,11,5.991876520395493,14
1387,98,20,84,7,5.988889731578423,13
1388,29,22,86,9,5.985988397553441,13
1389,81,17,27,7,5.98096092269796,10
1390,64,20,18,8,5.974775055211904,12
1391,102,21,87,8,5.971447061156249,13
1392,94,16,60,6,5.96995097961143,10
1393,97,18,40,7,5.966918416140386,11
1394,68,52,53,21,5.964244334939563,31
1395,97,12,10,6,5.950831581917705,6
1396,28,31,76,14,5.950271226300689,17
1397,28,15,53,6,5.9457443646332715,9
1398,49,12,33,4,5.9430630012189605,8
1399,74,10,43,5,5.941779824004124,5
1400,34,17,3,7,5.941229806680978,10
1401,57,15,40,6,5.936628176580016,9
1402,73,20,114,8,5.924435121305103,12
1403,75,14,93,6,5.923243043930715,8
1404,78,17,94,7,5.9206791532593845,10
1405,78,23,7,11,5.919551023484503,12
1406,84,27,57,13,5.910397185802947,14
1407,50,12,29,5,5.9053142051653245,7
1408,75,59,107,20,5.896729059645907,39
1409,54,12,103,4,5.896465334872947,8
1410,51,16,91,6,5.895842800786141,10
1411,39,34,43,15,5.893766912543444,19
1412,101,15,68,5,5.8919398867497925,10
1413,74,34,84,16,5.891399521581718,18
1414,17,16,43,7,5.888801333071096,9
1415,39,18,103,7,5.887093677643695,11
1416,75,17,108,7,5.885506345854971,10
1417,46,12,36,5,5.882094180819339,7
1418,97,27,68,11,5.880460614845399,16
1419,28,12,31,5,5.87633787823225,7
1420,107,64,55,27,5.87153194979236,37
1421,62,17,9,7,5.86600144742425,10
1422,54,36,95,16,5.865979569344106,20
1423,34,17,7,7,5.863504951401833,10
1424,7,21,112,8,5.8633899504874805,13
1425,55,61,65,26,5.858765777581566,35
1426,107,62,20,26,5.856840758569811,36
1427,80,12,79,6,5.851472407179256,6
1428,108,10,65,5,5.847992745343311,5
1429,58,19,88,8,5.842538876771352,11
1430,39,32,29,15,5.842404121121414,17
1431,19,32,107,12,5.840519939246629,20
1432,40,16,5,7,5.820527251695649,9
1433,79,13,20,5,5.810117746469002,8
1434,16,52,37,22,5.806896201742738,30
1435,8,19,98,7,5.806615359942183,12
1436,103,14,3,7,5.804756675353109,7
1437,27,16,48,6,5.804150884921918,10
1438,10,11,106,3,5.8036728949329275,8
1439,91,19,31,7,5.801858258461766,12
1440,33,11,78,4,5.79554825245277,7
1441,16,69,100,28,5.78257135171672,41
1442,27,46,49,19,5.772784624967782,27
1443,85,13,112,5,5.770596297207225,8
1444,13,19,76,8,5.766341264416831,11
1445,61,10,54,4,5.763750710129652,6
1446,16,102,87,42,5.7615021684020125,60
1447,80,15,68,6,5.759836210772863,9
1448,58,13,53,7,5.756559382638666,6
1449,23,13,47,5,5.755142063292807,8
1450,36,12,77,5,5.751140829309578,7
1451,40,50,39,20,5.739978674185262,30
1452,25,42,106,16,5.73768822242091,26
1453,29,24,30,9,5.734998612686146,15
1454,13,48,25,22,5.729332953997915,26
1455,45,14,9,5,5.727853500458987,9
1456,25,26,51,11,5.72613511284895,15
1457,98,13,17,6,5.723425305113809,7
1458,41,18,37,7,5.716493275276269,11
1459,69,16,12,8,5.715951067980107,8
1460,11,14,47,5,5.7112915010697805,9
1461,33,10,60,5,5.709637334703968,5
1462,107,16,72,7,5.708684864640732,9
1463,68,18,109,6,5.704488776223907,12
1464,53,17,62,7,5.701449545318567,10
1465,23,13,50,4,5.694114757145069,9
1466,70,10,32,5,5.692479372096213,5
1467,106,46,5,18,5.689619439430471,28
1468,35,21,40,8,5.6891402135768585,13
1469,30,56,107,23,5.687658400093384,33
1470,28,37,9,17,5.685359581946875,20
1471,102,10,95,4,5.685319962340818,6
1472,63,37,13,16,5.677540897301027,21
1473,94,10,25,5,5.671887186214519,5
1474,29,32,19,12,5.671111826185552,20
1475,75,39,37,14,5.670197882049105,25
1476,16,31,99,13,5.665818337043021,18
1477,109,24,34,10,5.665532316173583,14
1478,54,11,82,4,5.664278302313932,7
1479,46,31,75,13,5.654705399493307,18
1480,20,44,16,16,5.653886889078911,28
1481,9,13,61,5,5.652969843590383,8
1482,49,32,60,13,5.652266603264943,19
1483,4,10,97,4,5.649870700339136,6
1484,39,13,97,5,5.649731064357227,8
1485,73,23,74,9,5.649045009007229,14
1486,109,16,46,7,5.636528034552769,9
1487,75,43,9,17,5.6326941278183265,26
1488,19,15,81,6,5.630310593885412,9
1489,78,16,20,7,5.6294679305494935,9
1490,86,28,73,13,5.62531345595925,15
1491,5,21,17,7,5.625033929201379,14
1492,19,10,5,4,5.623378775596127,6
1493,9,24,84,10,5.622843694169622,14
1494,95,26,50,11,5.619957219349123,15
1495,68,26,91,12,5.61946637277209,14
1496,38,20,84,9,5.614806649443392,11
1497,30,14,90,6,5.614315415339312,8
1498,23,11,10,5,5.611414438981715,6
1499,80,17,64,8,5.593698551425534,9
1500,20,38,96,15,5.591064360306499,23
1501,102,14,34,5,5.587343030075011,9
1502,16,23,58,9,5.587223743497611,14
1503,104,81,65,35,5.584887655129079,46
1504,89,13,53,6,5.5817208357882135,7
1505,14,14,88,6,5.580858903619985,8
1506,69,38,86,16,5.577802432439769,22
1507,20,22,44,9,5.576158683247874,13
1508,7,23,38,10,5.57543888103377,13
1509,72,27,27,12,5.5645318540509345,15
1510,86,98,88,41,5.562390170991596,57
1511,15,15,50,6,5.558685181571875,9
1512,31,10,95,4,5.5581891593402775,6
1513,13,30,95,13,5.556983808516705,17
1514,46,11,4,5,5.55622187464566,6
1515,69,16,54,7,5.552096999235811,9
1516,8,41,25,16,5.550067480025434,25
1517,36,53,31,23,5.548564460468652,30
1518,29,16,23,7,5.547160957253139,9
1519,25,18,84,7,5.5466876181289715,11
1520,18,42,75,18,5.546579166688546,24
1521,20,22,2,9,5.544865436021075,13
1522,40,23,27,12,5.543091094529359,11
1523,68,15,33,6,5.539648915480052,9
1524,23,21,12,9,5.539017913653243,12
1525,64,21,23,9,5.538877575953661,12
1526,16,22,14,9,5.533520092369799,13
1527,30,16,102,7,5.526623874718863,9
1528,64,11,102,4,5.525256448935202,7
1529,28,33,7,13,5.522079859732702,20
1530,114,47,68,20,5.519247268707076,27
1531,80,28,87,11,5.518166010205808,17
1532,87,59,37,24,5.516733087496062,35
1533,95,19,83,7,5.510188596504647,12
1534,80,10,81,5,5.509744831821596,5
1535,32,13,109,6,5.5080518973086185,7
1536,2,13,40,5,5.504797437287729,8
1537,65,63,88,24,5.504651676674426,39
1538,44,15,64,6,5.503275136525506,9
1539,16,27,38,9,5.5014358332432725,18
1540,62,25,3,10,5.499799252341513,15
1541,67,10,102,4,5.49724656177184,6
1542,39,25,77,11,5.4955145166147075,14
1543,100,22,25,10,5.476003695191372,12
1544,31,13,74,5,5.468299370651384,8
1545,78,23,34,10,5.465824513333962,13
1546,5,31,51,11,5.465657211287606,20
1547,71,14,76,7,5.456476326439047,7
1548,65,33,3,13,5.455652683559951,20
1549,75,43,71,16,5.454468163058883,27
1550,100,31,63,14,5.452576532321479,17
1551,85,25,84,9,5.439743670520439,16
1552,87,41,41,17,5.4376307202585155,24
1553,71,29,68,11,5.435653336862236,18
1554,42,13,69,6,5.432900919803646,7
1555,104,33,63,14,5.422500590286895,19
1556,104,38,25,17,5.422383455319629,21
1557,98,27,76,11,5.421334528995661,16
1558,100,55,87,25,5.414312511098981,30
1559,64,21,19,7,5.407502005048123,14
1560,4,11,58,4,5.405037105567146,7
1561,49,30,3,13,5.401791564500849,17
1562,54,31,90,13,5.397442007333916,18
1563,64,40,86,17,5.391204217901304,23
1564,16,109,65,46,5.373736410639771,63
1565,90,24,50,10,5.361711287754659,14
1566,7,35,97,16,5.356987360153851,19
1567,81,15,65,6,5.355649781765623,9
1568,55,46,60,20,5.354179807158424,26
1569,37,47,63,19,5.351566239537104,28
1570,47,10,12,4,5.346203816219377,6
1571,15,14,103,6,5.340852738797559,8
1572,7,19,62,8,5.339510147514967,11
1573,97,14,102,5,5.335160623731844,9
1574,27,16,98,7,5.307731237447107,9
1575,30,28,11,12,5.300890666717556,16
1576,77,17,11,7,5.296719838615225,10
1577,87,10,42,4,5.296399197387675,6
1578,3,14,94,6,5.2920666218833565,8
1579,99,21,86,8,5.291638236148403,13
1580,14,19,28,7,5.288795345484194,12
1581,62,13,109,7,5.284405260681885,6
1582,56,11,88,5,5.280224334897691,6
1583,13,23,62,10,5.279557581763118,13
1584,28,11,92,4,5.26619903758234,7
1585,86,55,75,25,5.26427494208678,30
1586,78,18,77,8,5.262082538691964,10
1587,34,11,1,3,5.259854618241473,8
1588,35,11,31,5,5.255104723881263,6
1589,85,14,65,6,5.254482148208556,8
1590,102,21,51,9,5.246852253062099,12
1591,114,15,94,7,5.246364560187277,8
1592,25,26,40,11,5.242222631716463,15
1593,98,15,40,7,5.239271076053035,8
1594,52,14,16,6,5.238731564661996,8
1595,91,21,25,9,5.236778929543691,12
1596,102,11,77,5,5.233119980814118,6
1597,9,12,23,5,5.231512665759894,7
1598,100,32,88,13,5.230559691269658,19
1599,104,24,3,10,5.226681542928665,14
1600,35,11,5,5,5.226534281744142,6
1601,100,45,27,20,5.2259296818293555,25
1602,92,23,39,11,5.22393109782644,12
1603,54,54,106,25,5.222938310920249,29
1604,3,24,77,11,5.221969486388195,13
1605,76,23,27,9,5.219691338614379,14
1606,40,22,37,10,5.2189812618502875,12
1607,20,18,76,9,5.218902337593747,9
1608,69,14,8,6,5.216534828858885,8
1609,33,12,91,6,5.213867650447791,6
1610,50,22,109,9,5.207842202449344,13
1611,63,21,43,9,5.207688448634706,12
1612,16,106,7,46,5.201721932894633,60
1613,16,36,53,14,5.201094174764711,22
1614,64,26,8,10,5.1977394093405085,16
1615,46,25,39,13,5.196853389468722,12
1616,104,18,80,8,5.194103195079234,10
1617,40,13,113,5,5.193726392686624,8
1618,6,10,71,4,5.193692278292729,6
1619,23,14,43,6,5.1891207532463,8
1620,75,17,97,7,5.183439015487436,10
1621,41,16,78,6,5.177820611113412,10
1622,49,18,29,8,5.174835217534595,10
1623,27,10,80,4,5.166088753800779,6
1624,65,29,96,13,5.165027076154164,16
1625,114,20,96,8,5.164351476040407,12
1626,91,11,56,5,5.1601828143932735,6
1627,98,13,93,6,5.160023067123591,7
1628,67,12,5,5,5.159840528973067,7
1629,12,11,58,4,5.1569470777512985,7
1630,35,16,28,8,5.153123660542302,8
1631,106,24,9,10,5.150083731218861,14
1632,11,13,97,6,5.149154391162879,7
1633,49,20,9,9,5.1413088393621935,11
1634,27,54,3,24,5.1410740499419845,30
1635,72,17,8,8,5.13781996064983,9
1636,36,21,3,8,5.136055944816986,13
1637,40,30,58,14,5.133397385337812,16
1638,75,18,4,7,5.112428644465592,11
1639,30,10,1,4,5.107240382060611,6
1640,9,30,54,13,5.106575143785501,17
1641,107,30,47,13,5.104713660133337,17
1642,55,23,70,10,5.1032220329288345,13
1643,28,13,108,6,5.102919930198642,7
1644,54,35,68,14,5.101670061333945,21
1645,13,19,103,7,5.1013320107282825,12
1646,53,25,104,11,5.0942603831986055,14
1647,90,23,65,11,5.084911236528136,12
1648,8,70,87,30,5.084902312273525,40
1649,32,10,20,3,5.082163415292109,7
1650,3,23,64,10,5.079848362911411,13
1651,47,16,28,7,5.079195021327368,9
1652,90,13,33,5,5.072843762888294,8
1653,16,45,43,18,5.069196531127909,27
1654,41,10,61,4,5.060781095904467,6
1655,7,16,10,7,5.060407065651958,9
1656,28,28,100,11,5.053409603278851,17
1657,95,20,75,8,5.050260152484931,12
1658,104,48,51,18,5.045842035260691,30
1659,63,15,85,7,5.044437930195333,8
1660,37,61,104,25,5.041376355525095,36
1661,39,31,38,13,5.039769505176328,18
1662,27,53,86,22,5.039375523056418,31
1663,65,12,52,4,5.0369958566437525,8
1664,20,24,41,11,5.031440077185285,13
1665,94,36,87,16,5.028702412089722,20
1666,13,49,64,23,5.026699897179315,26
1667,7,100,88,43,5.012449658177523,57
1668,87,22,112,10,5.01165197663004,12
1669,107,39,43,16,5.01096814377253,23
1670,72,17,17,7,5.00861905737698,10
1671,41,27,3,9,5.008050046100229,18
1672,74,12,41,6,5.00781552916323,6
1673,102,13,83,5,5.0053275745844825,8
1674,93,26,5,10,5.004460526821323,16
1675,7,41,106,20,5.003800212982272,21
1676,16,50,50,21,4.998659270607032,29
1677,74,15,71,7,4.993812181109021,8
1678,50,23,31,10,4.99199978599778,13
1679,63,19,94,8,4.988953899876626,11
1680,80,34,55,16,4.987967529735275,18
1681,64,36,65,16,4.9878415407735135,20
1682,30,24,77,10,4.9859770460980455,14
1683,80,10,44,5,4.9735414138069105,5
1684,98,11,23,5,4.969965161139006,6
1685,27,21,114,9,4.967571693509977,12
1686,40,49,107,19,4.964616090179718,30
1687,96,23,90,9,4.963939687748078,14
1688,76,44,107,16,4.963511886446058,28
1689,85,10,64,4,4.962701184974938,6
1690,78,31,60,14,4.96254016338029,17
1691,64,33,41,13,4.951397157092105,20
1692,20,12,100,5,4.9486843519072865,7
1693,56,19,68,9,4.94813216675333,10
1694,76,14,18,6,4.948055179076069,8
1695,80,29,106,12,4.946009667025365,17
1696,39,23,81,9,4.943832581007466,14
1697,93,27,28,10,4.941127481170006,17
1698,49,11,71,5,4.940945789460408,6
1699,100,23,69,10,4.932564056039485,13
1700,114,22,9,7,4.931319071415342,15
1701,86,40,36,17,4.927433251240005,23
1702,74,56,106,24,4.924754963776778,32
1703,72,20,11,9,4.923870308975731,11
1704,43,41,86,17,4.923382575057013,24
1705,100,34,12,15,4.91968227059297,19
1706,13,38,77,16,4.916454321567022,22
1707,107,37,38,15,4.90842815232726,22
1708,38,12,28,6,4.907164394244691,6
1709,13,78,55,33,4.906868608686052,45
1710,15,32,11,13,4.9040772238924895,19
1711,38,14,54,6,4.897121063973306,8
1712,23,16,77,7,4.892331871891681,9
1713,75,47,51,21,4.890410363576286,26
1714,39,10,101,4,4.889741278103363,6
1715,69,11,95,4,4.882909765417961,7
1716,23,44,88,17,4.876485476342163,27
1717,100,17,84,6,4.87641516703203,11
1718,88,26,57,12,4.870812248870149,14
1719,29,11,1,4,4.86693457558879,7
1720,37,54,106,25,4.865641247327302,29
1721,5,10,89,3,4.86246564090175,7
1722,52,12,107,4,4.861262849981809,8
1723,100,31,112,14,4.858414274039212,17
1724,97,12,32,5,4.851459349576839,7
1725,86,33,77,14,4.850093446016942,19
1726,39,17,83,7,4.845386042652696,10
1727,83,20,64,9,4.840996077098241,11
1728,16,56,49,23,4.834838818558968,33
1729,18,21,65,10,4.83317638332802,11
1730,8,15,67,6,4.831909846155583,9
1731,41,13,90,6,4.828201040811693,7
1732,65,47,9,19,4.826128695703039,28
1733,31,19,25,9,4.823839301099763,10
1734,14,15,54,5,4.820525855929132,10
1735,74,11,85,5,4.812388004493803,6
1736,6,12,106,5,4.810944704219048,7
1737,2,25,106,11,4.808494527305082,14
1738,75,44,88,18,4.804702938088107,26
1739,1,16,12,7,4.804302234326601,9
1740,16,11,56,4,4.8021414027227,7
1741,75,22,96,7,4.801381492311931,15
1742,7,23,46,8,4.79766101758117,15
1743,111,11,25,5,4.797175922879397,6
1744,52,13,20,5,4.795236183864801,8
1745,9,17,1,9,4.794059502939978,8
1746,16,44,17,16,4.792262993794136,28
1747,97,24,76,11,4.789197045000655,13
1748,76,33,5,14,4.788314400539968,19
1749,15,25,81,11,4.783657780343267,14
1750,86,57,104,25,4.778923035703435,32
1751,9,12,5,5,4.777710715122403,7
1752,33,14,23,6,4.772846471482118,8
1753,9,10,37,4,4.7723167368365935,6
1754,90,13,70,6,4.771084444295362,7
1755,12,15,31,7,4.770632464521183,8
1756,55,16,94,7,4.767452995148861,9
1757,76,23,60,8,4.763967746356446,15
1758,55,12,79,5,4.763372141256469,7
1759,100,72,107,34,4.762001775036687,38
1760,16,121,107,47,4.7579191821602915,74
1761,93,16,50,6,4.755526241513054,10
1762,7,23,50,10,4.754905099968965,13
1763,90,30,5,12,4.752640516818983,18
1764,25,16,77,7,4.745845616411638,9
1765,6,11,46,5,4.730994669309113,6
1766,15,14,75,5,4.729161606780822,9
1767,19,13,8,5,4.728766252515099,8
1768,107,15,61,7,4.722903053660273,8
1769,28,37,18,17,4.710953949587104,20
1770,20,23,46,8,4.708713070266485,15
1771,62,12,84,5,4.699556310812965,7
1772,16,36,84,15,4.697024903080797,21
1773,86,60,46,23,4.689511214815467,37
1774,71,16,5,7,4.686451238703377,9
1775,51,50,84,21,4.6822268584961195,29
1776,109,19,38,7,4.6680162036882455,12
1777,30,25,94,11,4.661470203954234,14
1778,25,15,47,7,4.655390231832646,8
1779,63,62,54,26,4.652017262215903,36
1780,27,13,79,6,4.651583262533671,7
1781,15,16,1,6,4.649350840919029,10
1782,63,39,96,15,4.649023449526137,24
1783,87,53,50,24,4.644204651506126,29
1784,73,14,13,6,4.642713338622983,8
1785,48,13,25,6,4.64169889765536,7
1786,80,11,69,5,4.638884395252678,6
1787,73,19,109,8,4.637139105733967,11
1788,60,22,25,10,4.636282806493916,12
1789,106,15,110,7,4.633960085739299,8
1790,65,13,89,6,4.632113459581728,7
1791,51,15,92,7,4.630319337525281,8
1792,60,20,58,9,4.621481714021651,11
1793,72,10,40,4,4.6161082317709115,6
1794,85,20,68,7,4.615895850726342,13
1795,60,17,48,7,4.6105033507388145,10
1796,37,72,86,32,4.607837359690983,40
1797,38,15,18,7,4.6074157564111795,8
1798,77,13,95,6,4.60149322445291,7
1799,19,14,102,5,4.6003035981048885,9
1800,94,19,65,9,4.593379853346693,10
1801,50,32,96,14,4.592653394244439,18
1802,28,25,71,10,4.584215619303489,15
1803,99,16,65,7,4.579704538683142,9
1804,7,23,58,11,4.575034525669344,12
1805,39,56,60,25,4.573736342935889,31
1806,99,14,95,6,4.572737764013027,8
1807,99,16,104,8,4.5627492392393,8
1808,74,23,109,9,4.562525277723523,14
1809,43,18,5,8,4.5592775438308895,10
1810,70,15,23,7,4.554568026577778,8
1811,83,15,46,7,4.551826612706301,8
1812,99,18,15,7,4.551461310618723,11
1813,103,11,94,5,4.541587827748173,6
1814,9,14,29,6,4.534452930887614,8
1815,106,23,75,11,4.532198108241345,12
1816,48,34,87,14,4.530645004670498,20
1817,50,71,28,30,4.530365152854881,41
1818,88,12,67,4,4.530239274992248,8
1819,13,19,48,8,4.529838045170983,11
1820,29,14,43,6,4.527570070329541,8
1821,61,17,60,8,4.527394085824659,9
1822,74,23,50,10,4.520207268757788,13
1823,37,43,55,20,4.516821858156878,23
1824,23,41,87,17,4.512300706037799,24
1825,41,23,43,10,4.5016279133119586,13
1826,76,12,69,4,4.499300236532236,8
1827,8,16,79,8,4.494949825171058,8
1828,58,21,39,9,4.494576390875354,12
1829,93,15,37,6,4.493445665639034,9
1830,11,82,86,36,4.492883739377422,46
1831,65,50,40,22,4.488092661947342,28
1832,64,13,33,5,4.484055738358923,8
1833,7,46,64,21,4.481240056988839,25
1834,100,30,7,13,4.479542671667203,17
1835,56,12,8,5,4.475636615156396,7
1836,95,33,107,15,4.475609109265348,18
1837,40,15,109,6,4.473863564525377,9
1838,96,31,25,14,4.4728328775528,17
1839,91,10,57,5,4.468260927215541,5
1840,37,18,32,8,4.466542082918521,10
1841,30,43,60,16,4.4655408885702785,27
1842,3,14,102,6,4.459245823871048,8
1843,77,11,97,4,4.4549011553839994,7
1844,50,12,73,4,4.454782630059153,8
1845,95,44,16,20,4.453378575583387,24
1846,95,15,109,6,4.444131433700797,9
1847,108,17,27,7,4.430289870166569,10
1848,23,14,20,6,4.42777867543601,8
1849,99,30,13,13,4.420966828834258,17
1850,71,29,87,13,4.418670539958073,16
1851,7,64,53,28,4.416213736910661,36
1852,50,24,64,11,4.4155104994189385,13
1853,114,46,13,23,4.412752578147673,23
1854,34,16,76,8,4.406030161353482,8
1855,71,14,108,6,4.402422140240549,8
1856,62,18,11,8,4.400361109158305,10
1857,16,22,2,9,4.395353237879593,13
1858,12,12,64,5,4.3938981464127,7
1859,109,17,77,8,4.388954278604655,9
1860,99,10,54,4,4.3797228746123675,6
1861,87,33,25,15,4.379098196808542,18
1862,87,109,107,47,4.378204402644428,62
1863,49,24,8,10,4.374514809997584,14
1864,54,63,51,28,4.373143801169512,35
1865,55,24,9,10,4.371040618945099,14
1866,55,13,58,6,4.369004483506264,7
1867,40,23,23,10,4.368423326803309,13
1868,74,15,9,6,4.367415226980942,9
1869,95,20,23,9,4.3618962627692595,11
1870,64,31,71,12,4.35947313780117,19
1871,19,11,83,5,4.3593981927010494,6
1872,76,24,39,9,4.354774512936871,15
1873,28,30,48,13,4.353346769104992,17
1874,65,85,41,34,4.349905991599892,51
1875,65,16,6,7,4.346168811124812,9
1876,70,29,65,11,4.343984179663613,18
1877,34,20,48,9,4.343261719849951,11
1878,16,19,12,8,4.336425549327281,11
1879,60,12,22,5,4.334241842742782,7
1880,95,19,41,8,4.332143979792177,11
1881,57,37,51,16,4.330292148436763,21
1882,47,21,41,10,4.32003722756243,11
1883,4,22,40,10,4.316643149060896,12
1884,70,14,71,7,4.315612188206775,7
1885,104,27,98,14,4.313899934387766,13
1886,97,23,17,10,4.3134285513049555,13
1887,86,24,72,10,4.313346082418057,14
1888,51,11,66,5,4.311917297275017,6
1889,76,13,90,5,4.309550016746244,8
1890,31,10,8,4,4.309099443279478,6
1891,50,10,52,5,4.308197298973349,5
1892,100,29,78,12,4.306504123439813,17
1893,106,27,53,13,4.302319600135898,14
1894,75,18,84,8,4.30081159040195,10
1895,25,28,54,12,4.300413553073274,16
1896,69,30,68,13,4.297953280916607,17
1897,13,12,35,5,4.29516454019383,7
1898,85,11,98,4,4.293458254788545,7
1899,114,20,15,9,4.283176268910449,11
1900,54,37,19,15,4.273230986533749,22
1901,29,15,55,6,4.26601507571376,9
1902,91,30,107,12,4.264126621091653,18
1903,43,18,109,7,4.257138547767672,11
1904,94,11,18,5,4.250781715158486,6
1905,6,10,72,5,4.248570153213718,5
1906,62,22,19,8,4.244721565594646,14
1907,106,14,34,7,4.243674039664675,7
1908,16,44,71,18,4.241804878716306,26
1909,100,23,55,11,4.2413512317662345,12
1910,71,12,109,5,4.235965151087515,7
1911,9,21,38,9,4.224156596688182,12
1912,71,11,44,5,4.223524348839462,6
1913,4,19,18,8,4.220670692754494,11
1914,17,20,63,9,4.217095300732271,11
1915,90,28,87,12,4.209781806456323,16
1916,100,24,102,9,4.208343015292799,15
1917,65,56,36,24,4.205692860728479,32
1918,55,22,4,10,4.20328253931047,12
1919,63,18,79,7,4.202891326670182,11
1920,15,11,40,5,4.201647176656486,6
1921,108,18,74,7,4.201041319943183,11
1922,112,12,103,5,4.192929666832579,7
1923,87,34,49,16,4.192296058776267,18
1924,13,70,40,31,4.18989591600041,39
1925,13,36,1,14,4.1879984611154635,22
1926,23,27,25,12,4.182190113226028,15
1927,89,15,16,7,4.180346950354627,8
1928,43,33,7,13,4.178253566474209,20
1929,30,11,58,4,4.175585583157346,7
1930,107,53,23,24,4.172486813229872,29
1931,60,24,96,8,4.164982345638211,16
1932,83,40,5,19,4.163709904424501,21
1933,27,24,84,11,4.156059221916357,13
1934,30,46,19,20,4.151554483610667,26
1935,28,60,84,26,4.150279635735803,34
1936,99,12,17,5,4.14837583337694,7
1937,43,14,68,6,4.147550463856525,8
1938,84,18,76,8,4.146116027740745,10
1939,20,13,73,5,4.146065391689569,8
1940,100,12,95,6,4.142851413596655,6
1941,23,49,65,23,4.1421094853825435,26
1942,53,47,71,20,4.141303557057986,27
1943,15,17,20,7,4.140150315603612,10
1944,71,11,20,4,4.13643055739397,7
1945,7,51,27,23,4.136091254496649,28
1946,112,16,94,6,4.1306598471384035,10
1947,45,22,65,11,4.1259231703887,11
1948,16,44,62,17,4.1185619817851284,27
1949,55,38,54,18,4.11778307869689,20
1950,7,12,2,5,4.115660194227726,7
1951,15,35,107,13,4.1145040084869,22
1952,16,28,108,11,4.112388701031793,17
1953,88,30,3,13,4.111985456729514,17
1954,13,100,51,46,4.111497448243519,54
1955,97,30,63,13,4.107378727934806,17
1956,93,14,109,6,4.103558953267082,8
1957,83,20,93,9,4.100880722204593,11
1958,11,50,88,21,4.099807958399283,29
1959,30,15,62,7,4.099340749559774,8
1960,20,24,35,10,4.098728722002914,14
1961,104,33,54,15,4.09448807738149,18
1962,69,25,43,11,4.093607533799894,14
1963,80,17,39,8,4.091599339844535,9
1964,17,51,51,24,4.088673144397257,27
1965,36,11,19,5,4.088590218421688,6
1966,78,17,98,8,4.084899624702042,9
1967,87,46,20,21,4.081217207939402,25
1968,86,117,5,51,4.074944655375778,66
1969,60,38,8,18,4.06951058040077,20
1970,7,68,31,30,4.069172309295859,38
1971,20,12,38,4,4.067291998076464,8
1972,43,10,95,4,4.063398320607949,6
1973,56,11,39,6,4.061429150921739,5
1974,79,20,11,8,4.052675901080834,12
1975,14,10,20,4,4.051966837258039,6
1976,32,10,40,5,4.050021677419869,5
1977,84,12,69,5,4.04678242799089,7
1978,71,25,51,11,4.043275219347798,14
1979,1,10,43,5,4.038976715758721,5
1980,63,41,114,15,4.037972989054352,26
1981,104,10,10,5,4.031221485043642,5
1982,71,13,47,6,4.030916530509353,7
1983,7,31,47,13,4.025431088719289,18
1984,100,60,13,27,4.025269708163586,33
1985,43,35,65,17,4.024058672562781,18
1986,39,21,96,8,4.016816457185763,13
1987,16,21,35,8,4.016361918873651,13
1988,8,20,110,8,4.013172679497404,12
1989,66,12,31,5,4.008754872558654,7
1990,30,33,71,15,4.006253796204616,18
1991,16,69,68,28,4.0061969814573395,41
1992,13,40,54,17,4.002518666516472,23
1993,31,16,112,6,4.001730552260451,10
1994,9,18,100,7,3.99532686001692,11
1995,89,13,68,6,3.99200348329726,7
1996,106,12,3,5,3.9869286680549822,7
1997,88,18,6,8,3.98561022572369,10
1998,41,29,69,11,3.9797729258891983,18
1999,60,18,97,9,3.9792005525226366,9
2000,96,12,14,5,3.975747798085754,7
2001,100,37,15,16,3.9688324595887114,21
2002,49,36,19,16,3.963577072988472,20
2003,78,15,96,6,3.961613354196041,9
2004,74,24,93,11,3.9601017688790825,13
2005,78,26,49,12,3.9527522510286133,14
2006,28,61,65,26,3.946950789839023,35
2007,35,19,43,9,3.946831407739413,10
2008,6,11,40,5,3.9442678680230823,6
2009,102,15,98,7,3.939114797619031,8
2010,80,10,97,4,3.9365866928471034,6
2011,60,30,15,14,3.9345392656992946,16
2012,97,35,16,16,3.9340820840887147,19
2013,85,15,20,7,3.9254254916442872,8
2014,5,28,2,12,3.923277825320168,16
2015,94,20,54,9,3.922994883894534,11
2016,37,38,70,16,3.9227382855891664,22
2017,15,32,3,14,3.9210667133256685,18
2018,30,14,52,6,3.910728614777823,8
2019,64,11,90,5,3.90210878186129,6
2020,102,26,37,11,3.9015784283610255,15
2021,102,15,91,7,3.9012134006248127,8
2022,55,30,63,14,3.9003771949657002,16
2023,28,23,57,10,3.897117570901977,13
2024,1,25,54,11,3.892988653897817,14
2025,76,19,29,10,3.891834089248111,9
2026,41,33,104,16,3.881745214521683,17
2027,74,41,63,19,3.86350929161903,22
2028,30,29,104,14,3.8618412248829026,15
2029,86,33,62,15,3.8579815466758847,18
2030,109,12,47,5,3.856660461158829,7
2031,18,23,31,11,3.843025830767866,12
2032,65,21,109,11,3.8409983091529716,10
2033,20,26,7,12,3.839940256500117,14
2034,38,13,46,5,3.833859769343221,8
2035,7,44,55,18,3.8332053851440007,26
2036,91,26,13,12,3.831748260733109,14
2037,17,31,39,13,3.827602699322767,18
2038,4,11,3,5,3.825046392091852,6
2039,62,19,60,9,3.822113325977996,10
2040,57,23,46,10,3.819450226647385,13
2041,16,31,79,13,3.819316250104341,18
2042,5,28,91,11,3.8146250930665166,17
2043,110,16,5,7,3.8138584796050923,9
2044,62,16,102,7,3.80648773210449,9
2045,47,11,30,6,3.805010691364058,5
2046,16,136,86,58,3.800814134577729,78
2047,6,11,39,5,3.796620754703807,6
2048,11,27,3,11,3.7934397307353995,16
2049,65,15,103,6,3.7910147297492114,9
2050,16,43,109,18,3.786928751470041,25
2051,7,10,93,5,3.7802315490169653,5
2052,104,13,92,7,3.7768187223532306,6
2053,48,11,15,5,3.772338500797657,6
2054,39,39,19,15,3.772327105389409,24
2055,76,32,49,14,3.771534220140117,18
2056,16,134,51,61,3.770534397041784,73
2057,102,14,17,6,3.7656274901945017,8
2058,41,21,76,11,3.7501063090537037,10
2059,76,28,109,11,3.7436675718552475,17
2060,53,42,40,19,3.7429391558119995,23
2061,15,31,7,16,3.741081293807926,15
2062,1,13,4,5,3.736039087851971,8
2063,86,65,25,30,3.735239092039536,35
2064,29,34,107,12,3.7321236169755396,22
2065,54,14,12,7,3.727845074231434,7
2066,19,22,57,10,3.7238854840272495,12
2067,89,14,60,7,3.7237634526579124,7
2068,20,64,54,31,3.7237387131550506,33
2069,89,15,104,7,3.7197091727483307,8
2070,12,19,77,9,3.719515550896187,10
2071,85,14,11,6,3.7190747038473155,8
2072,15,21,5,8,3.714734226349825,13
2073,1,21,64,10,3.714096825641643,11
2074,51,48,46,21,3.710186064128209,27
2075,65,16,14,8,3.7073397651844364,8
2076,112,10,35,5,3.7046440124812348,5
2077,58,16,3,6,3.70283525311189,10
2078,23,19,28,9,3.6970356039584393,10
2079,86,14,61,6,3.691831205405497,8
2080,87,35,69,14,3.67553372619528,21
2081,13,65,46,27,3.6628360066144348,38
2082,39,24,31,10,3.6610558433956157,14
2083,49,27,15,13,3.6591495913830623,14
2084,90,10,71,5,3.6561036030201253,5
2085,107,21,32,10,3.6546977761524686,11
2086,55,20,77,9,3.6546881978963213,11
2087,109,15,9,8,3.6538651478462696,7
2088,62,11,20,5,3.653244367006128,6
2089,17,11,18,6,3.651905683853181,5
2090,16,34,80,14,3.650847383014163,20
2091,63,16,66,7,3.650382654951077,9
2092,14,10,70,5,3.647042134114848,5
2093,104,10,19,4,3.642386124584971,6
2094,41,57,107,23,3.6390090882392983,34
2095,20,52,28,23,3.6380228467997373,29
2096,33,15,11,8,3.6324699886469727,7
2097,43,19,18,10,3.6267699505365183,9
2098,103,21,51,9,3.6244073517277067,12
2099,80,26,28,12,3.6230809501897743,14
2100,1,36,88,17,3.612486249864136,19
2101,69,17,39,8,3.6024816939136075,9
2102,91,19,18,8,3.601007419787661,11
2103,75,57,16,26,3.59529020803502,31
2104,17,12,30,6,3.5949084621895344,6
2105,97,10,95,4,3.58943247133478,6
2106,11,30,19,12,3.581028256375885,18
2107,15,20,30,9,3.577386070586795,11
2108,14,22,87,9,3.574657228905801,13
2109,25,19,43,7,3.573077352948075,12
2110,27,33,57,16,3.567304350446323,17
2111,6,28,7,15,3.5631855242339143,13
2112,79,13,108,5,3.562523700236059,8
2113,107,41,64,19,3.561300386963443,22
2114,28,19,36,9,3.5549996153541237,10
2115,114,15,30,7,3.554559185886989,8
2116,53,49,65,23,3.552341058928982,26
2117,75,25,74,10,3.5502981320595755,15
2118,114,17,49,9,3.5487282111911393,8
2119,13,31,19,13,3.544087166327379,18
2120,47,29,27,13,3.5439664319349258,16
2121,40,65,36,28,3.5400829247343655,37
2122,47,26,68,11,3.538637049708468,15
2123,44,15,7,7,3.5352660207554516,8
2124,93,17,25,8,3.5300397889756283,9
2125,76,13,103,5,3.521454752878398,8
2126,53,14,100,6,3.5195197890566727,8
2127,23,21,3,9,3.512809694387383,12
2128,19,12,46,5,3.5057368471613315,7
2129,74,16,23,7,3.505315761927058,9
2130,13,90,107,41,3.504344737880481,49
2131,25,27,109,12,3.504136926234727,15
2132,37,13,108,6,3.501919723771849,7
2133,50,26,9,11,3.4989626487903873,15
2134,58,12,47,5,3.4979705643460672,7
2135,114,39,51,19,3.4973322349486486,20
2136,97,36,114,16,3.4948097299506915,20
2137,48,19,55,8,3.494162257250903,11
2138,30,39,68,18,3.493042702741885,21
2139,20,26,109,10,3.492917739743869,16
2140,62,13,36,6,3.489528327052378,7
2141,36,30,51,14,3.4874600225025074,16
2142,41,16,45,6,3.485066668867455,10
2143,25,20,70,9,3.484518115943736,11
2144,60,41,114,22,3.4828028477548303,19
2145,55,16,18,8,3.4810467173744706,8
2146,96,57,54,28,3.4766133859583515,29
2147,112,10,98,4,3.474493961605602,6
2148,51,44,11,19,3.4727761280704854,25
2149,74,60,5,28,3.469996146708342,32
2150,69,12,48,6,3.4680662481377906,6
2151,46,53,54,24,3.462224315333584,29
2152,33,23,5,11,3.454327509177194,12
2153,37,21,23,10,3.453043705748743,11
2154,112,14,114,7,3.4529529803290635,7
2155,57,16,20,7,3.4486923125514912,9
2156,95,37,87,17,3.4486313771107997,20
2157,50,17,49,8,3.445365386788849,9
2158,76,28,55,11,3.4438952481653065,17
2159,15,24,54,12,3.443630034544425,12
2160,15,10,96,4,3.443141355329044,6
2161,60,58,40,26,3.4423663485116363,32
2162,78,11,81,6,3.4320246992935264,5
2163,34,35,27,16,3.4292031635096016,19
2164,55,49,11,20,3.4281320850013377,29
2165,108,10,69,6,3.4269138907252144,4
2166,4,12,37,5,3.421871703775507,7
2167,54,17,112,7,3.420370975960876,10
2168,17,11,36,6,3.4172736451567545,5
2169,11,25,43,12,3.4122915261232536,13
2170,34,20,79,8,3.408526065897861,12
2171,55,29,84,13,3.40123055779696,16
2172,4,13,28,6,3.3940824912486867,7
2173,55,50,5,22,3.393419962444802,28
2174,73,10,104,4,3.391491099464731,6
2175,36,28,55,13,3.383336577257353,15
2176,73,15,98,7,3.380055365181917,8
2177,64,40,39,18,3.377216491809078,22
2178,15,32,87,15,3.3708140690978814,17
2179,69,27,57,11,3.36716622165523,16
2180,49,29,51,13,3.3662600839742858,16
2181,40,17,20,7,3.3649339637959645,10
2182,54,25,97,12,3.3648153427656755,13
2183,14,23,8,10,3.3634201583462158,13
2184,14,17,106,7,3.360059412826609,10
2185,83,10,20,5,3.3478898251644025,5
2186,51,61,60,24,3.3463130273558974,37
2187,11,23,102,11,3.3462843676169043,12
2188,40,15,91,7,3.345577169162442,8
2189,54,20,98,9,3.3414082574982986,11
2190,68,13,5,6,3.3380294056441144,7
2191,41,19,50,8,3.331657114556134,11
2192,28,46,51,22,3.330644392104213,24
2193,104,34,74,14,3.3198927626210826,20
2194,98,14,97,7,3.3185319117606187,7
2195,97,16,84,6,3.316428205809935,10
2196,60,31,75,14,3.3139158628036856,17
2197,19,21,77,10,3.313201822422759,11
2198,41,14,96,5,3.3088942892360285,9
2199,19,12,85,5,3.3060773006740143,7
2200,114,21,64,9,3.3046667254482847,12
2201,47,13,61,6,3.3043540506366424,7
2202,104,60,5,28,3.3007473735225052,32
2203,100,20,74,9,3.2929107546249483,11
2204,55,15,35,7,3.289902790162483,8
2205,90,25,60,10,3.288918313106561,15
2206,28,16,78,8,3.28700424949784,8
2207,68,31,78,14,3.285372327961691,17
2208,19,31,68,13,3.2786498819088243,18
2209,39,50,53,22,3.277161726088194,28
2210,114,13,67,6,3.2746706512348434,7
2211,85,20,13,8,3.2720772589350196,12
2212,8,57,65,26,3.2717260560147303,31
2213,28,56,54,25,3.2622780281799852,31
2214,18,56,53,26,3.2615252410170665,30
2215,7,24,74,9,3.257493143792888,15
2216,114,47,25,20,3.2540864225169766,27
2217,64,10,96,4,3.247034103841879,6
2218,23,12,81,5,3.240703587077002,7
2219,72,18,15,9,3.240291485049239,9
2220,99,25,60,11,3.2381944591027096,14
2221,9,18,34,8,3.2368917561941424,10
2222,63,93,86,39,3.2368352705177204,54
2223,107,49,36,23,3.234838704648264,26
2224,23,55,7,25,3.2229283053761675,30
2225,13,76,60,32,3.219033183672596,44
2226,55,39,28,16,3.2184704312839787,23
2227,9,48,86,21,3.2178537695188654,27
2228,17,16,74,7,3.211770551027832,9
2229,50,19,97,8,3.210625734622642,11
2230,60,47,31,24,3.2094707274879264,23
2231,56,12,97,6,3.2085312435870676,6
2232,12,26,87,11,3.207995751252609,15
2233,106,51,51,23,3.207475581757835,28
2234,106,28,17,11,3.2039846830051117,17
2235,7,93,86,40,3.2025353891099297,53
2236,51,25,29,12,3.2014733405608187,13
2237,36,41,39,18,3.1998605067578225,23
2238,88,61,5,29,3.1946532218196624,32
2239,30,16,108,7,3.1892122508171337,9
2240,37,54,50,26,3.188335276013606,28
2241,54,31,114,15,3.1847921316014234,16
2242,103,16,69,8,3.1785957104061198,8
2243,74,12,30,6,3.175828716417199,6
2244,106,25,60,10,3.171261503808182,15
2245,90,14,74,5,3.1680613510289204,9
2246,86,21,82,9,3.1586560919846263,12
2247,104,51,7,23,3.158219418007504,28
2248,27,53,88,25,3.1539840024305814,28
2249,46,15,64,7,3.152048322397266,8
2250,19,28,65,13,3.151219516035401,15
2251,75,23,23,12,3.1487336010920157,11
2252,112,12,45,6,3.1460936650177542,6
2253,76,15,2,6,3.1350168634931235,9
2254,19,12,58,5,3.124268878014423,7
2255,34,26,11,11,3.1224893996672787,15
2256,36,11,80,5,3.115857421175661,6
2257,16,41,48,19,3.1137083758617754,22
2258,25,25,17,11,3.1106502600539105,14
2259,50,24,4,12,3.110559237136959,12
2260,107,19,79,9,3.1100913431447434,10
2261,107,48,9,23,3.108544215551862,25
2262,111,21,86,9,3.103761182763341,12
2263,17,31,34,15,3.1027643782130476,16
2264,29,38,87,16,3.1016615879853475,22
2265,92,15,60,6,3.101629065738582,9
2266,74,13,27,7,3.1002755903304404,6
2267,99,14,68,6,3.1001036150844663,8
2268,88,16,74,6,3.100015176246556,10
2269,64,10,91,4,3.0993479020870796,6
2270,6,17,27,8,3.094787186521294,9
2271,85,28,107,13,3.0934096190523594,15
2272,51,22,96,10,3.0911457625040346,12
2273,107,59,37,27,3.0878586600356255,32
2274,77,11,33,5,3.0866280393594168,6
2275,45,14,87,6,3.0862202973256596,8
2276,76,35,87,15,3.0781518481988153,20
2277,75,30,25,13,3.069551733540898,17
2278,71,18,25,8,3.0644100067848146,10
2279,71,42,86,20,3.060669361739169,22
2280,10,17,8,7,3.0558998323304003,10
2281,78,37,19,16,3.0511264570922734,21
2282,103,16,41,8,3.051077769785082,8
2283,38,13,96,6,3.0422152322461717,7
2284,25,39,65,16,3.0368934823131175,23
2285,39,13,98,5,3.03323231697735,8
2286,47,29,88,14,3.0208806441241434,15
2287,76,26,102,11,3.0198988245621554,15
2288,30,20,48,8,3.014647330297821,12
2289,9,43,39,21,3.012148514540607,22
2290,20,47,37,22,3.004985214474966,25
2291,96,14,34,6,3.0017630147825622,8
2292,4,11,69,5,2.999484176661719,6
2293,62,27,65,13,2.999159330673646,14
2294,86,31,12,14,2.997515405589812,17
2295,34,34,16,15,2.989314776558227,19
2296,114,11,34,6,2.9884829411181797,5
2297,77,26,18,10,2.9857786317703017,16
2298,80,15,48,6,2.985401033694241,9
2299,107,40,3,20,2.984243390869897,20
2300,46,13,1,7,2.97710684527845,6
2301,103,14,30,7,2.9768663186553685,7
2302,84,36,106,18,2.9754739608250116,18
2303,36,32,4,13,2.9739066740354185,19
2304,2,21,37,10,2.9697580112694486,11
2305,25,18,57,8,2.964934950553875,10
2306,114,23,46,10,2.9631435316072405,13
2307,18,37,87,16,2.947620136311876,21
2308,39,51,27,21,2.9449854360453984,30
2309,71,18,46,9,2.944852774193542,9
2310,72,10,9,5,2.940516873871124,5
2311,83,27,65,13,2.938404758323202,14
2312,68,27,49,12,2.936319937393299,15
2313,36,20,87,8,2.935573250897663,12
2314,33,21,28,11,2.9340033560517895,10
2315,9,12,66,6,2.9315079085260156,6
2316,43,30,88,13,2.92618574646361,17
2317,1,14,62,7,2.9215215839903848,7
2318,74,82,86,39,2.921287780715151,43
2319,102,19,106,10,2.9207255392565097,9
2320,37,10,33,4,2.9157377490462175,6
2321,25,12,108,5,2.9132670669268244,7
2322,86,100,28,44,2.9116733038896876,56
2323,80,36,54,18,2.9116630961094696,18
2324,8,52,51,24,2.907356769978412,28
2325,91,19,37,9,2.9050960547005245,10
2326,70,31,51,15,2.904546585958992,16
2327,44,10,70,5,2.8975248911261433,5
2328,50,17,89,7,2.8953311273035705,10
2329,87,69,88,34,2.889262156899852,35
2330,51,78,65,35,2.882352121479603,43
2331,83,23,87,11,2.8800534941463094,12
2332,29,32,27,13,2.8799159327708,19
2333,106,14,77,7,2.8755893681261506,7
2334,75,21,30,10,2.8743282279457354,11
2335,78,25,54,11,2.874051191383022,14
2336,57,12,53,6,2.8739584447786424,6
2337,112,14,1,5,2.872325056767924,9
2338,88,10,17,6,2.869337502995377,4
2339,46,23,63,12,2.867241869896345,11
2340,72,14,88,6,2.8660882603566415,8
2341,69,25,28,12,2.86191295640514,13
2342,100,43,19,19,2.8605428424787096,24
2343,73,16,96,7,2.8534303980093814,9
2344,97,13,33,6,2.8486496222061595,7
2345,28,13,44,7,2.8461398630992765,6
2346,8,25,102,12,2.8455510764088037,13
2347,95,33,39,15,2.841495525954098,18
2348,107,51,106,24,2.8408623146416327,27
2349,28,28,17,13,2.836983407123188,15
2350,53,23,81,10,2.832269045840245,13
2351,2,44,50,20,2.824465738990298,24
2352,75,21,112,9,2.824219405034075,12
2353,54,18,62,8,2.824080555827827,10
2354,18,13,71,6,2.821320109059578,7
2355,68,14,48,7,2.8206443314688054,7
2356,34,18,39,9,2.816812397698094,9
2357,1,32,36,16,2.8095303452930684,16
2358,99,15,41,7,2.8081672918617278,8
2359,20,11,72,5,2.807407936668827,6
2360,106,14,112,7,2.805082024542767,7
2361,8,23,3,12,2.803376780291229,11
2362,83,32,8,16,2.795775595052067,16
2363,68,14,44,7,2.7953277213928303,7
2364,7,26,1,12,2.7932054952385035,14
2365,100,13,36,6,2.7923934619121087,7
2366,70,12,102,7,2.7906887378625402,5
2367,43,19,104,10,2.7871607244902616,9
2368,65,36,11,17,2.7859308175748647,19
2369,60,76,16,35,2.785894787921016,41
2370,28,31,91,14,2.785819668061851,17
2371,77,11,103,5,2.7849069943634923,6
2372,86,87,84,43,2.7811330297923607,44
2373,28,17,85,8,2.7808523631648967,9
2374,5,11,10,6,2.7716738654503197,5
2375,5,17,77,8,2.765837567194589,9
2376,1,17,94,9,2.762381009801199,8
2377,97,34,96,17,2.7556888339056806,17
2378,70,14,43,6,2.753352748891417,8
2379,100,16,109,6,2.7455001332531213,10
2380,97,22,104,11,2.7396377781056174,11
2381,99,12,63,6,2.7377253409939364,6
2382,47,21,63,11,2.7370968886641944,10
2383,65,50,106,23,2.735321183024918,27
2384,19,28,60,14,2.730506697771111,14
2385,51,22,98,10,2.7293697926794462,12
2386,44,16,88,8,2.7255415222047024,8
2387,41,19,54,9,2.720244948724289,10
2388,95,11,80,5,2.7197438471090796,6
2389,63,20,4,9,2.717031964261833,11
2390,103,24,87,10,2.7158173600618905,14
2391,49,16,70,8,2.713121422106841,8
2392,43,39,60,18,2.711882588615369,21
2393,87,62,54,27,2.7078927354800784,35
2394,39,11,79,4,2.7039365709334446,7
2395,70,30,76,15,2.700930448558258,15
2396,9,17,30,7,2.6960180413408095,10
2397,88,40,109,17,2.6934558358029768,23
2398,87,22,31,11,2.6915087275033076,11
2399,96,33,88,16,2.690764055785852,17
2400,13,20,102,8,2.6891186576501753,12
2401,65,40,71,17,2.686780335165667,23
2402,28,26,30,13,2.6864332481864475,13
2403,50,28,65,13,2.6863314341926143,15
2404,43,15,37,8,2.682935315305951,7
2405,86,122,87,60,2.6826709053740343,62
2406,43,14,58,6,2.6806335210316137,8
2407,87,83,65,38,2.680279974076961,45
2408,39,25,5,12,2.679132217269287,13
2409,48,10,12,4,2.6757754483893885,6
2410,25,17,44,8,2.673535476281759,9
2411,13,118,7,55,2.670897317194474,63
2412,27,30,43,14,2.6707275997821673,16
2413,41,29,1,12,2.6671220598664953,17
2414,97,26,46,12,2.665342497244282,14
2415,74,13,91,6,2.658254293210725,7
2416,11,33,20,14,2.6580258548377698,19
2417,51,13,89,6,2.656220632059645,7
2418,92,29,88,13,2.6541256559252315,16
2419,57,13,36,5,2.6531160901053807,8
2420,88,83,51,42,2.6527671316453136,41
2421,19,20,20,10,2.6469332931574003,10
2422,54,32,102,15,2.64556958210047,17
2423,16,60,5,25,2.6435184456824317,35
2424,33,14,95,6,2.641545389608455,8
2425,13,40,11,18,2.637307973213511,22
2426,110,13,54,6,2.63588490299345,7
2427,3,15,79,6,2.6331342611336166,9
2428,91,36,86,17,2.627461430980282,19
2429,23,33,8,15,2.626483448480395,18
2430,8,10,85,4,2.6233679922969846,6
2431,39,42,28,20,2.6233394077803616,22
2432,39,10,89,4,2.6189716831037586,6
2433,75,28,64,13,2.6143964254367047,15
2434,40,29,1,13,2.608102727316189,16
2435,36,23,91,10,2.600483205457648,13
2436,100,20,34,10,2.600362713762511,10
2437,27,67,107,30,2.600197427060505,37
2438,65,32,80,15,2.598635692200407,17
2439,41,44,27,19,2.596716183086402,25
2440,1,10,109,5,2.5929606771402254,5
2441,86,33,18,14,2.5923706641316473,19
2442,41,20,29,9,2.5826644120051876,11
2443,62,10,47,4,2.5775304802735826,6
2444,78,14,109,7,2.5746481317517187,7
2445,1,29,51,14,2.5741193049184687,15
2446,21,10,65,4,2.5701476719258265,6
2447,78,18,43,8,2.562600149853662,10
2448,88,66,68,30,2.5571874870396623,36
2449,86,14,14,7,2.5565201304900333,7
2450,7,21,11,9,2.554018943860651,12
2451,65,88,107,41,2.5538656841537626,47
2452,73,19,1,8,2.55342910039073,11
2453,16,33,47,15,2.5520888385498686,18
2454,44,14,76,6,2.5504141931433355,8
2455,7,74,36,34,2.5493587507973596,40
2456,60,22,38,11,2.544970231368338,11
2457,12,33,3,14,2.539868876273841,19
2458,97,35,65,16,2.5397394280205696,19
2459,20,20,95,9,2.532527406942274,11
2460,7,29,17,13,2.532089441361392,16
2461,44,15,107,7,2.530544567099409,8
2462,99,19,30,8,2.530388293684779,11
2463,51,32,43,16,2.529488938008269,16
2464,36,33,9,15,2.5279240780374668,18
2465,39,18,4,8,2.5267698999647226,10
2466,14,17,11,7,2.5264878637219237,10
2467,16,115,13,51,2.522889328334773,64
2468,57,35,39,17,2.520423465219732,18
2469,12,15,36,7,2.516319942513749,8
2470,60,50,86,23,2.5146802850614463,27
2471,50,52,107,25,2.5022496828069003,27
2472,37,18,109,8,2.501013404341532,10
2473,65,37,111,16,2.496427849114077,21
2474,34,44,107,19,2.4944218711973374,25
2475,112,17,69,9,2.4934455672651223,8
2476,64,21,11,8,2.490493863054093,13
2477,18,11,111,5,2.4899108726358863,6
2478,112,11,77,4,2.477085644096596,7
2479,17,20,20,9,2.47595507024807,11
2480,30,11,72,5,2.4724333071348408,6
2481,4,17,81,7,2.4678124777063273,10
2482,74,17,69,9,2.4664972820824542,8
2483,17,17,1,8,2.462761073509877,9
2484,102,32,25,15,2.4608896969250456,17
2485,110,17,86,8,2.45971246028376,9
2486,97,12,3,5,2.446105897661354,7
2487,63,15,61,6,2.4454100802634517,9
2488,32,10,50,6,2.444054190716271,4
2489,64,15,47,6,2.4412017315333236,9
2490,109,24,102,11,2.437458896467388,13
2491,14,19,51,7,2.4338441230915158,12
2492,16,54,23,25,2.4326142049861326,29
2493,91,20,75,13,2.432369433261267,7
2494,19,15,12,8,2.4297810431287754,7
2495,8,17,38,8,2.427267079299572,9
2496,88,56,9,26,2.4233671798250107,30
2497,87,17,33,8,2.4230636639179637,9
2498,109,11,99,5,2.4195174025010595,6
2499,3,29,43,13,2.416445297305481,16
2500,28,19,94,8,2.414960475317553,11
2501,60,28,28,15,2.4122250218340917,13
2502,65,11,92,5,2.4112859752548714,6
2503,8,33,93,16,2.4111455321691304,17
2504,88,54,104,24,2.408143721700221,30
2505,106,13,66,5,2.4075033563299866,8
2506,9,18,69,8,2.405000245398061,10
2507,20,26,80,12,2.4033351571638564,14
2508,60,65,88,29,2.4017826009914693,36
2509,114,15,98,7,2.3992721750256902,8
2510,46,38,28,16,2.3990178798165633,22
2511,97,21,109,10,2.398141101921526,11
2512,20,37,51,19,2.3967661114188874,18
2513,16,22,45,9,2.3925466679441416,13
2514,114,60,86,29,2.3916604434970483,31
2515,111,12,8,6,2.390343846489095,6
2516,23,13,48,6,2.3894452247322273,7
2517,104,40,95,18,2.3890342183876085,22
2518,4,21,71,8,2.3871750117365993,13
2519,96,25,104,11,2.3866419839158346,14
2520,75,13,56,5,2.3840139649043497,8
2521,88,35,18,17,2.3825741558006097,18
2522,16,33,29,16,2.380578748651451,17
2523,8,14,112,6,2.3798297239108352,8
2524,78,11,79,5,2.3765297335861715,6
2525,71,40,107,17,2.3760609676092463,23
2526,53,31,55,14,2.3720895326624127,17
2527,25,32,63,16,2.3688265373602615,16
2528,40,24,50,10,2.3671440474550507,14
2529,49,13,97,5,2.366826181424206,8
2530,99,23,5,11,2.3616219022642833,12
2531,64,44,88,19,2.3590830036125556,25
2532,100,14,97,6,2.3583259709010775,8
2533,96,14,109,6,2.3566759619593642,8
2534,99,12,33,5,2.354570382478157,7
2535,4,36,31,15,2.3535355966794667,21
2536,88,76,107,34,2.3516736374048417,42
2537,114,12,38,6,2.341526377437994,6
2538,6,13,50,6,2.3414923323310646,7
2539,19,40,15,19,2.3408156894478673,21
2540,13,41,78,19,2.3395141338086027,22
2541,90,19,17,10,2.330539928781357,9
2542,25,28,53,14,2.3301510854690854,14
2543,109,51,5,25,2.3285813949081655,26
2544,72,10,42,4,2.3285230567907305,6
2545,77,21,88,10,2.324899205812,11
2546,54,18,29,8,2.3209749235438757,10
2547,104,21,102,11,2.320627297470276,10
2548,88,32,91,15,2.315767764685104,17
2549,71,31,63,14,2.311262987331465,17
2550,57,23,37,11,2.3105129908375908,12
2551,60,26,95,12,2.300035058084817,14
2552,86,21,32,10,2.2989864902239003,11
2553,80,20,7,9,2.298668986127333,11
2554,9,15,81,7,2.2974062849528156,8
2555,3,28,29,13,2.2964696243286857,15
2556,15,47,39,20,2.2955897445088542,27
2557,100,24,5,11,2.2932427434044684,13
2558,86,38,112,17,2.2924646864380605,21
2559,106,13,4,7,2.287883468044352,6
2560,81,26,88,12,2.2857834835265285,14
2561,104,70,16,32,2.28381800550583,38
2562,38,10,81,5,2.2819621266449914,5
2563,51,38,109,15,2.281756727176486,23
2564,48,19,65,10,2.2816603054261093,9
2565,9,47,40,21,2.2806450266015683,26
2566,77,12,69,6,2.2797993708458963,6
2567,79,14,88,6,2.276041062004083,8
2568,78,42,57,20,2.2729162904694284,22
2569,7,108,68,50,2.2702884441480373,58
2570,61,10,31,5,2.2696136748473603,5
2571,86,84,8,42,2.2684162276686486,42
2572,28,66,96,31,2.267406944603933,35
2573,85,12,7,5,2.2672729351147445,7
2574,94,10,50,4,2.2653355679184144,6
2575,106,45,88,19,2.2639858690375614,26
2576,87,62,106,30,2.2622041017840115,32
2577,95,30,25,14,2.25397314365567,16
2578,63,11,83,4,2.2518527555221,7
2579,88,38,4,18,2.2459217004175493,20
2580,3,61,51,31,2.2447693620745084,30
2581,70,10,27,5,2.243263258457552,5
2582,104,65,13,30,2.2428038741485183,35
2583,64,21,49,9,2.2416010602386143,12
2584,8,89,55,44,2.240032474519914,45
2585,54,102,65,48,2.239671261645841,54
2586,77,29,68,14,2.2354615349070697,15
2587,4,26,114,13,2.234564836857367,13
2588,18,14,20,6,2.2334528603958916,8
2589,46,18,65,7,2.232998478058102,11
2590,77,21,87,10,2.23200611064642,11
2591,11,41,54,19,2.2307575825855546,22
2592,23,21,15,10,2.2295883568640162,11
2593,90,16,25,7,2.2261576936837058,9
2594,75,43,39,22,2.2252173665323527,21
2595,112,11,12,6,2.2247336886150633,5
2596,84,10,15,5,2.223805292340999,5
2597,98,13,99,7,2.2212581677933785,6
2598,18,14,98,8,2.221147797140808,6
2599,11,25,69,11,2.219760563258797,14
2600,72,11,62,5,2.217469660829094,6
2601,93,12,51,6,2.2166321429168523,6
2602,5,50,96,22,2.2114271922507607,28
2603,75,27,27,12,2.203651126537084,15
2604,7,75,40,33,2.1957521283064803,42
2605,8,60,11,28,2.1947518664362273,32
2606,68,35,106,16,2.1936858069827965,19
2607,41,33,40,16,2.1935807772699496,17
2608,72,12,43,5,2.1927570530466096,7
2609,19,13,47,6,2.1915786077930712,7
2610,31,10,54,5,2.186668926147148,5
2611,8,64,74,28,2.186622040651489,36
2612,84,16,93,8,2.173203038685072,8
2613,41,46,68,22,2.171804807510051,24
2614,60,30,81,14,2.1697382345262226,16
2615,87,39,109,17,2.165231989316594,22
2616,23,13,53,6,2.1639220781507627,7
2617,55,16,98,7,2.1617935333932947,9
2618,6,14,86,6,2.158350497876564,8
2619,89,11,49,5,2.155221325127322,6
2620,43,35,19,16,2.1526474044832455,19
2621,55,11,69,5,2.141856565606557,6
2622,71,39,39,18,2.140211900940766,21
2623,102,22,74,10,2.1384304011801047,12
2624,7,20,30,11,2.1356884749054443,9
2625,2,12,61,5,2.1331085158076015,7
2626,3,22,55,10,2.1265127169489655,12
2627,102,32,114,14,2.124084287601509,18
2628,37,26,84,12,2.124049904647881,14
2629,7,62,9,31,2.12190310948229,31
2630,49,24,63,12,2.1212323385530327,12
2631,53,11,70,5,2.117480208536356,6
2632,7,17,72,8,2.1143024060967655,9
2633,74,12,33,6,2.113811361820999,6
2634,69,11,25,5,2.1120597510852464,6
2635,57,38,13,19,2.1070868819342965,19
2636,68,28,94,13,2.1065110625469545,15
2637,108,32,107,15,2.1055805043927105,17
2638,86,33,38,15,2.105415418702344,18
2639,39,50,41,25,2.1044815522020115,25
2640,112,19,23,8,2.1018527652621173,11
2641,84,18,79,9,2.0988599029371873,9
2642,83,34,55,17,2.0962093979720215,17
2643,97,22,8,11,2.094799206270941,11
2644,17,12,91,5,2.0932516032559634,7
2645,40,18,11,9,2.089442100461012,9
2646,64,43,68,18,2.086424402801588,25
2647,44,14,51,5,2.084874228955972,9
2648,74,47,65,23,2.0847963525870914,24
2649,82,10,63,5,2.077975861296688,5
2650,109,29,84,13,2.061335008909019,16
2651,102,14,68,7,2.0609826392691484,7
2652,86,45,90,20,2.0574221764428238,25
2653,39,43,104,20,2.0501021472527095,23
2654,93,21,88,9,2.047097578055209,12
2655,40,59,88,27,2.0357313010299647,32
2656,83,13,50,7,2.034563553464953,6
2657,104,21,17,10,2.0345116655508866,11
2658,8,41,104,19,2.032634893277435,22
2659,91,14,114,7,2.0312426341433967,7
2660,60,29,9,12,2.026686622824744,17
2661,32,11,13,5,2.026181507027534,6
2662,18,32,60,15,2.0244266182620256,17
2663,114,27,17,11,2.0211590753648707,16
2664,8,37,90,16,2.0194647820717804,21
2665,93,11,60,4,2.018629631632218,7
2666,69,14,37,7,2.015512849900141,7
2667,68,29,70,14,2.0151181581046385,15
2668,6,10,100,5,2.0077049362027837,5
2669,83,22,97,12,2.007636873207567,10
2670,8,39,100,18,2.005886580660696,21
2671,109,15,49,7,2.005068879120546,8
2672,68,26,46,12,2.0015169846627185,14
2673,75,32,87,15,2.0004298974911783,17
2674,87,56,11,24,2.000245875012726,32
2675,66,11,27,5,1.9992664520674261,6
2676,114,26,74,13,1.9975972531686872,13
2677,104,15,112,7,1.99393597279257,8
2678,85,15,88,7,1.992964557457929,8
2679,57,42,15,20,1.9905786010951019,22
2680,12,23,11,12,1.9877128155591925,11
2681,53,19,4,9,1.987694792892671,10
2682,30,15,4,7,1.9875071363114756,8
2683,28,38,25,16,1.9833898911599184,22
2684,3,20,18,8,1.9827434721081498,12
2685,77,19,29,8,1.981161054072831,11
2686,95,28,53,11,1.9769373995573185,17
2687,88,31,70,14,1.9762934359596283,17
2688,39,46,3,23,1.973168826489564,23
2689,54,10,35,4,1.9706076038783524,6
2690,78,45,16,21,1.9681863481881376,24
2691,16,49,70,22,1.9664047334731982,27
2692,41,24,112,11,1.9642201479007217,13
2693,87,42,84,19,1.9615694257244276,23
2694,39,14,33,7,1.9600955952261434,7
2695,50,11,35,5,1.9581460146246747,6
2696,36,34,64,17,1.9485056781764598,17
2697,7,16,48,8,1.9478692265013036,8
2698,25,20,55,9,1.9429576796619945,11
2699,23,14,31,6,1.9392936999416424,8
2700,110,13,104,5,1.9388474450810558,8
2701,71,49,7,25,1.9387153694352777,24
2702,32,10,98,5,1.9380052263831626,5
2703,23,14,97,7,1.9330528734436567,7
2704,33,18,86,9,1.9281478379776118,9
2705,70,19,40,8,1.9276789997691202,11
2706,17,28,54,14,1.9259736473512523,14
2707,16,89,28,41,1.923978729516393,48
2708,114,21,18,10,1.923577249757446,11
2709,63,40,50,18,1.9230864117365438,22
2710,9,10,79,4,1.9224211679655938,6
2711,104,32,70,15,1.9224071285610203,17
2712,55,56,88,24,1.9221308051774735,32
2713,98,18,100,8,1.9217645875630163,10
2714,53,43,64,20,1.921457820047301,23
2715,99,11,76,6,1.9173589523208343,5
2716,97,32,106,16,1.9159665785715099,16
2717,110,11,17,5,1.9155371371930665,6
2718,68,38,1,18,1.9099752765436664,20
2719,8,67,28,31,1.9053784571291423,36
2720,55,27,99,12,1.8950724021518552,15
2721,20,35,106,16,1.890590591428699,19
2722,25,23,64,11,1.8857238852847684,12
2723,17,28,49,15,1.8850836144226455,13
2724,96,16,30,7,1.885074878690488,9
2725,2,41,8,20,1.8848654476169697,21
2726,3,20,61,7,1.8795333987269642,13
2727,33,13,88,5,1.8654907442235076,8
2728,37,95,5,46,1.8654288703425719,49
2729,43,21,114,11,1.8643335671695769,10
2730,107,34,112,17,1.8511201240689454,17
2731,53,22,97,10,1.849246682219108,12
2732,30,27,76,12,1.8425803619698342,15
2733,114,30,20,14,1.8395405662544742,16
2734,100,10,79,4,1.8395053000006611,6
2735,84,38,96,19,1.8356486827006797,19
2736,86,72,39,36,1.8341898704877504,36
2737,74,29,13,14,1.8278354237299064,15
2738,11,15,114,8,1.8276036019184323,7
2739,44,13,114,6,1.8263733365516701,7
2740,102,13,99,6,1.8212893413036875,7
2741,60,66,77,32,1.8116715104085275,34
2742,107,115,86,54,1.8107861974861135,61
2743,40,18,111,9,1.8104998545748818,9
2744,13,32,112,16,1.80903940686547,16
2745,36,22,25,11,1.8071440138268557,11
2746,70,57,86,26,1.8046372203949772,31
2747,51,34,31,14,1.8036645224364214,20
2748,18,32,41,16,1.8004819942826358,16
2749,63,10,103,4,1.799391808148132,6
2750,114,35,39,18,1.7909993968165117,17
2751,20,19,48,8,1.7888857426975076,11
2752,61,13,100,6,1.7880372053867657,7
2753,29,20,8,8,1.7818268121537417,12
2754,37,25,90,12,1.7816453937181782,13
2755,50,21,69,11,1.7758250016074648,10
2756,88,11,110,6,1.7642228121429866,5
2757,51,14,61,5,1.755600841676815,9
2758,84,26,70,12,1.7530345342228948,14
2759,11,29,60,13,1.7486537890116287,16
2760,16,58,19,26,1.7429854408944496,32
2761,60,33,36,16,1.7416473627060747,17
2762,18,11,6,5,1.7414584600944751,6
2763,36,37,88,16,1.7392851936744347,21
2764,114,62,88,30,1.7381598169967107,32
2765,54,73,8,32,1.7343257229328217,41
2766,106,38,96,17,1.7318320126651918,21
2767,70,19,75,10,1.7314858975507377,9
2768,32,13,68,5,1.731166259808923,8
2769,77,10,28,5,1.727447904471638,5
2770,17,35,107,17,1.7269738989467152,18
2771,63,15,45,7,1.7260545689947924,8
2772,109,67,86,32,1.7214429786614764,35
2773,50,20,34,9,1.7118812894704334,11
2774,62,28,71,14,1.710784794078352,14
2775,54,40,7,19,1.7088310244062668,21
2776,48,10,37,5,1.7035937503192145,5
2777,79,17,13,9,1.7034569955860273,8
2778,20,16,102,8,1.6989391239814933,8
2779,36,15,23,9,1.6972875274185721,6
2780,28,64,5,31,1.6933141899778523,33
2781,88,59,28,27,1.6917395122237935,32
2782,58,13,50,7,1.6904606159972528,6
2783,47,29,51,15,1.6857225925039412,14
2784,55,40,106,18,1.6835382667235006,22
2785,3,37,60,17,1.6810408129313321,20
2786,17,18,64,8,1.6742261514283443,10
2787,63,45,7,18,1.6735738766299244,27
2788,45,28,31,13,1.6710870406691087,15
2789,87,48,60,24,1.6692465502528926,24
2790,85,16,17,7,1.6640468368595829,9
2791,46,25,76,12,1.6630163205732915,13
2792,37,47,74,23,1.6628163329711263,24
2793,48,12,19,6,1.655121822541789,6
2794,36,23,68,11,1.6511686348202657,12
2795,86,14,66,7,1.6453880931803613,7
2796,15,16,78,8,1.6428031530867078,8
2797,102,10,49,4,1.6394569107680623,6
2798,72,13,47,7,1.6387746545153188,6
2799,6,18,68,10,1.6346986227731553,8
2800,54,76,16,37,1.6324694476486792,39
2801,44,17,87,8,1.6239279411647842,9
2802,81,19,18,9,1.6163568658399623,10
2803,38,32,13,17,1.614314899085523,15
2804,30,29,69,14,1.613902271093239,15
2805,19,28,86,14,1.6087609845926834,14
2806,28,20,79,10,1.604902001664568,10
2807,87,59,30,28,1.6047073415490778,31
2808,14,11,75,5,1.5947210222856318,6
2809,2,15,25,8,1.5845186001024008,7
2810,58,12,100,6,1.5819008855655043,6
2811,107,22,81,10,1.581698926790109,12
2812,55,22,90,12,1.578656952498874,10
2813,51,56,41,27,1.5763915002540367,29
2814,60,25,46,12,1.5735893742532674,13
2815,78,38,107,18,1.5735165856134135,20
2816,63,43,41,20,1.5704593108021436,23
2817,50,16,12,10,1.5648641628940967,6
2818,9,14,111,7,1.5621342613374551,7
2819,109,26,106,13,1.562107287891286,13
2820,104,23,83,10,1.5563880557352996,13
2821,54,35,30,17,1.556335080451803,18
2822,75,44,55,19,1.5547955200380577,25
2823,80,20,11,10,1.553265227546683,10
2824,12,14,34,6,1.5500196524049747,8
2825,87,41,74,19,1.54873499555014,22
2826,57,25,102,12,1.5483760769806836,13
2827,49,43,86,23,1.5469593224920277,20
2828,72,21,78,11,1.5468833871004866,10
2829,94,21,11,11,1.5369194320927215,10
2830,29,13,53,5,1.5317670028644748,8
2831,64,15,81,7,1.5315551836921653,8
2832,30,12,57,6,1.529640094109136,6
2833,114,20,84,9,1.5282826629009798,11
2834,68,72,27,34,1.524949709281463,38
2835,35,14,37,7,1.523131742310598,7
2836,27,26,62,13,1.5182408665379923,13
2837,12,16,85,8,1.5174687419154698,8
2838,46,12,55,5,1.5148590180899557,7
2839,30,22,18,11,1.5109053995571697,11
2840,30,37,8,17,1.5081255824989244,20
2841,17,31,50,16,1.4997072054884293,15
2842,98,29,107,14,1.499083976212842,15
2843,9,34,63,16,1.4983458266579124,18
2844,46,52,5,24,1.4974094901037487,28
2845,107,47,25,23,1.4967278623744356,24
2846,112,16,11,8,1.4950492246382476,8
2847,76,17,62,8,1.4886483429037691,9
2848,60,74,71,35,1.4843115108657077,39
2849,68,10,84,4,1.478899377350919,6
2850,109,20,69,10,1.4769023355605444,10
2851,103,17,79,8,1.4762996181953612,9
2852,73,15,63,8,1.4760785674332926,7
2853,106,20,43,10,1.4741650546799518,10
2854,11,17,32,9,1.4729852723414754,8
2855,35,24,7,12,1.4676220715119421,12
2856,6,13,69,7,1.4672562795661186,6
2857,71,24,3,11,1.4668209780059585,13
2858,100,18,50,8,1.4641740921081967,10
2859,40,64,51,31,1.4624658901194145,33
2860,31,21,47,10,1.4606130980712668,11
2861,25,23,83,10,1.4597201880554966,13
2862,39,73,13,34,1.450285772990473,39
2863,106,55,63,27,1.4485566818099482,28
2864,50,44,11,21,1.4477856494836985,23
2865,39,21,48,9,1.4474709554841443,12
2866,39,29,62,13,1.4474002147033354,16
2867,65,33,69,16,1.4425642416495132,17
2868,20,21,97,11,1.439527960881874,10
2869,50,28,25,14,1.4391705454909012,14
2870,94,23,100,13,1.4346520455492116,10
2871,36,35,45,19,1.423273124508123,16
2872,71,23,55,12,1.4219584840110406,11
2873,1,11,53,5,1.4196819324858228,6
2874,16,35,90,18,1.4190191744987382,17
2875,109,19,48,10,1.418982662208447,9
2876,65,24,78,10,1.4172751469538436,14
2877,66,11,72,5,1.416761062195627,6
2878,6,17,87,8,1.4122521547017308,9
2879,29,22,78,10,1.4120834575153542,12
2880,12,16,40,8,1.4120822666164417,8
2881,100,29,62,15,1.4095954922785312,14
2882,12,20,71,10,1.4059148964814159,10
2883,46,25,9,13,1.4052752923291358,12
2884,87,36,64,18,1.4019068150674154,18
2885,70,17,95,9,1.4011695857654913,8
2886,75,12,44,5,1.399837377533035,7
2887,91,13,9,6,1.3946381880594532,7
2888,36,11,29,6,1.3837445576600587,5
2889,95,31,7,14,1.3809406634768675,17
2890,106,30,41,15,1.3806292559177733,15
2891,4,24,16,13,1.3802504001914424,11
2892,55,15,62,7,1.3800432063216206,8
2893,86,66,55,31,1.371489773467497,35
2894,75,10,48,5,1.3711471542080278,5
2895,39,32,12,15,1.3663739107373383,17
2896,25,26,30,14,1.363384718034577,12
2897,112,12,74,6,1.3616749140437374,6
2898,72,35,16,16,1.3606835972281959,19
2899,111,17,87,8,1.3561671479223418,9
2900,33,23,13,11,1.3545846538800834,12
2901,30,14,81,7,1.3508923221630351,7
2902,68,105,13,50,1.349090097562237,55
2903,97,37,88,18,1.349074362930903,19
2904,108,17,40,9,1.3479697301696818,8
2905,107,72,63,38,1.346860465088752,34
2906,34,25,84,12,1.346258750306376,13
2907,6,10,23,5,1.3385415186806262,5
2908,39,49,54,24,1.3384616724370861,25
2909,108,13,81,6,1.3379621241230502,7
2910,50,32,51,16,1.3326103812189878,16
2911,94,13,37,6,1.3280387948229053,7
2912,8,57,96,27,1.3267739850117202,30
2913,74,18,80,9,1.3199661328668575,9
2914,32,12,51,6,1.314434714983352,6
2915,100,16,85,8,1.3140606350637047,8
2916,9,28,58,13,1.310268135821902,15
2917,41,28,114,14,1.30733810804357,14
2918,84,11,64,4,1.3059634387921,7
2919,5,44,13,21,1.302350985374302,23
2920,70,23,39,12,1.3007482514942401,11
2921,7,22,8,10,1.29527150144924,12
2922,50,18,98,8,1.2936360808559426,10
2923,57,15,48,7,1.2933503211639665,8
2924,2,22,74,10,1.2925512141562505,12
2925,51,19,99,10,1.289208240710456,9
2926,89,17,88,9,1.2888997749635156,8
2927,58,15,51,7,1.2882165138599928,8
2928,16,53,74,25,1.2870673809929651,28
2929,34,10,112,5,1.2869709326629928,5
2930,88,22,35,11,1.2841130433589263,11
2931,96,59,107,27,1.2779661064945949,32
2932,17,12,80,5,1.2769817296361932,7
2933,107,38,90,19,1.2750427230775991,19
2934,71,11,1,6,1.2732152302328,5
2935,68,42,3,21,1.272725683953072,21
2936,50,19,108,10,1.2701675761997318,9
2937,73,15,16,8,1.2607482082851333,7
2938,27,10,46,4,1.255099102534174,6
2939,63,27,70,13,1.2550372321498742,14
2940,17,11,62,5,1.2486647888480191,6
2941,34,28,13,13,1.2481136376309807,15
2942,108,16,55,7,1.2425126869095338,9
2943,107,30,4,15,1.2387516471106226,15
2944,71,25,31,12,1.2380158081615504,13
2945,63,16,95,8,1.233969730193377,8
2946,51,88,107,38,1.2335246266798188,50
2947,51,16,38,7,1.2327496347880265,9
2948,60,33,41,17,1.2319535203548815,16
2949,71,26,9,12,1.2262156519313812,14
2950,86,92,65,47,1.2239963595428645,45
2951,98,11,74,5,1.2137114800422117,6
2952,58,16,63,9,1.211674081917942,7
2953,25,33,97,16,1.211209753293348,17
2954,86,41,78,20,1.1995063387988498,21
2955,25,67,16,32,1.1932865297100665,35
2956,48,12,41,6,1.1910839111619824,6
2957,87,16,110,7,1.187803786715121,9
2958,76,31,96,14,1.1853039288193825,17
2959,8,26,48,12,1.176757496258483,14
2960,39,52,55,24,1.1740266098053433,28
2961,65,108,63,52,1.162387515885531,56
2962,104,16,23,9,1.1585628201755833,7
2963,58,21,87,10,1.15840018527612,11
2964,87,54,55,26,1.1527665327316694,28
2965,11,29,74,14,1.1468410073590314,15
2966,64,20,45,9,1.1431500338693237,11
2967,50,21,112,9,1.1411219571120224,12
2968,88,24,38,10,1.1397328805109292,14
2969,11,56,46,27,1.1334073720436313,29
2970,36,26,106,13,1.1307287364062801,13
2971,3,26,31,14,1.130409883055894,12
2972,29,21,11,10,1.1293738650195786,11
2973,23,45,86,22,1.127225198734144,23
2974,27,13,18,7,1.1211992327384535,6
2975,29,19,7,7,1.1170674633929263,12
2976,16,44,114,20,1.1112389462801522,24
2977,41,58,88,27,1.1098846450807438,31
2978,51,16,6,7,1.1096986250731455,9
2979,73,13,55,6,1.1082443575059586,7
2980,91,12,47,6,1.1047106963660296,6
2981,40,19,45,9,1.1043531225931202,10
2982,96,18,2,9,1.1039761816908797,9
2983,107,35,46,18,1.1031099530770954,17
2984,70,39,106,20,1.1024614638047308,19
2985,63,31,78,14,1.096086261740049,17
2986,68,83,51,38,1.0958426568834045,45
2987,40,13,74,6,1.0901529369074687,7
2988,75,54,65,27,1.0834874610355825,27
2989,17,14,15,6,1.0815196129384674,8
2990,64,19,97,9,1.0748997556854092,10
2991,107,41,70,21,1.0723253683389224,20
2992,9,16,97,9,1.0715415510849842,7
2993,67,20,37,9,1.0707700527635258,11
2994,81,22,3,10,1.0692123151536583,12
2995,58,14,71,7,1.0679524363994282,7
2996,70,55,8,27,1.0665028298167964,28
2997,104,30,109,15,1.0638658496000608,15
2998,100,14,44,7,1.0590413147864144,7
2999,80,17,8,9,1.0587286140181775,8
3000,71,18,45,10,1.0500246166344394,8
3001,13,65,27,32,1.048528133752184,33
3002,4,60,13,28,1.0440840904331967,32
3003,78,31,11,14,1.0433591571301237,17
3004,64,28,27,14,1.0430680242323194,14
3005,18,35,51,18,1.0414861976482428,17
3006,104,16,33,7,1.0375486456158112,9
3007,90,21,88,11,1.0373159148886417,10
3008,7,59,18,30,1.0365595161190129,29
3009,45,14,3,7,1.0349134798027078,7
3010,2,33,97,16,1.0254110764857562,17
3011,63,20,44,9,1.0233184771026502,11
3012,70,10,33,5,1.0222975969230632,5
3013,61,13,27,6,1.0219872336964406,7
3014,9,49,51,25,1.0203013204123432,24
3015,107,41,18,22,1.0183255345448823,19
3016,8,92,107,47,1.0168882870821125,45
3017,57,13,60,6,1.0152034376280954,7
3018,87,52,28,26,1.0126365910584707,26
3019,85,32,86,15,1.0113399236982092,17
3020,13,84,49,37,1.0099479042920751,47
3021,54,18,33,8,1.0077425554515869,10
3022,45,12,88,5,1.0058195203591582,7
3023,13,43,75,20,1.005364432264769,23
3024,41,73,13,36,1.0052100802031876,37
3025,114,11,93,6,1.004990658958168,5
3026,86,60,3,28,1.0009741066188793,32
3027,37,37,17,16,0.9978108601802018,21
3028,20,13,27,6,0.9871413726704231,7
3029,69,32,107,15,0.9867318989974736,17
3030,27,44,30,21,0.9855491206279575,23
3031,88,24,78,11,0.9845371119711142,13
3032,87,59,3,28,0.9818248085674071,31
3033,107,65,5,32,0.9748363761521144,33
3034,78,12,9,6,0.9745877106891208,6
3035,107,60,60,29,0.9741291318407875,31
3036,63,52,87,24,0.9694664805604959,28
3037,15,20,63,10,0.9688742288483304,10
3038,64,15,57,7,0.9686108755747862,8
3039,76,31,50,13,0.9653541591978417,18
3040,104,38,106,19,0.9604760273979323,19
3041,106,11,103,6,0.9583580547252424,5
3042,14,14,5,6,0.9561035605846475,8
3043,63,23,53,11,0.9461903574638922,12
3044,8,51,39,26,0.9395633007628413,25
3045,18,29,40,12,0.9358054757186772,17
3046,28,15,15,8,0.9292417398610766,7
3047,86,14,113,6,0.9183338417210537,8
3048,75,27,114,13,0.9181862737012574,14
3049,106,100,86,49,0.9173221659807225,51
3050,15,38,68,17,0.9158662466441888,21
3051,39,14,1,5,0.9120351629887077,9
3052,43,17,50,7,0.911659904777202,10
3053,76,16,95,8,0.9107888940485349,8
3054,36,35,75,19,0.9076169876586753,16
3055,58,10,77,5,0.9030195437216466,5
3056,112,11,14,6,0.9022319115654415,5
3057,60,12,111,7,0.9019980300500788,5
3058,62,14,50,6,0.9017457082495502,8
3059,30,39,49,18,0.9014628194587319,21
3060,78,17,55,9,0.9002458878614071,8
3061,68,17,74,7,0.9001065237726507,10
3062,3,30,69,16,0.8962278395321787,14
3063,64,18,15,10,0.8917722371685378,8
3064,94,29,107,12,0.8910851843021007,17
3065,27,63,51,30,0.8881383616064773,33
3066,93,13,3,5,0.8808947328421439,8
3067,83,21,88,11,0.8798897555023182,10
3068,84,17,91,8,0.8755346549877653,9
3069,27,15,1,6,0.8721383199452174,9
3070,60,17,84,10,0.871614356489069,7
3071,8,67,37,33,0.8700084298071539,34
3072,10,10,114,4,0.8617397018011257,6
3073,77,14,64,8,0.8550421959375887,6
3074,41,12,38,5,0.8514389884122232,7
3075,39,13,102,6,0.8492100400200487,7
3076,60,14,98,7,0.8439389777307171,7
3077,15,45,16,23,0.8420020533369178,22
3078,68,28,12,14,0.8414646030794412,14
3079,8,78,88,38,0.8346650298713422,40
3080,103,20,29,11,0.8306165364205729,9
3081,8,29,27,14,0.829520292190887,15
3082,2,16,46,8,0.8285194662826778,8
3083,88,54,49,26,0.8267825014615151,28
3084,29,12,106,6,0.8264692442725535,6
3085,28,48,37,24,0.8263140292594408,24
3086,13,107,65,51,0.8251358063632331,56
3087,112,48,16,24,0.8246003504596763,24
3088,84,15,95,7,0.8218033746912388,8
3089,50,67,54,33,0.8208738895797709,34
3090,114,19,45,9,0.8205689132017492,10
3091,7,80,41,40,0.8113607765595663,40
3092,7,16,79,8,0.808566327439515,8
3093,84,31,50,16,0.8064114901977948,15
3094,56,14,40,7,0.8062835825274064,7
3095,30,26,40,13,0.8045580871786187,13
3096,98,11,62,5,0.7995773049352667,6
3097,2,22,88,11,0.7956469041111237,11
3098,28,16,89,7,0.7901986413516635,9
3099,75,14,33,6,0.7900898585820654,8
3100,96,15,3,8,0.788360761162582,7
3101,80,15,38,8,0.7882565864146641,7
3102,4,18,104,10,0.7872554057904764,8
3103,27,22,50,9,0.7868338103994929,13
3104,41,24,109,10,0.7843283171697234,14
3105,100,44,30,20,0.7807836199006841,24
3106,13,51,28,25,0.7790491963091711,26
3107,87,22,99,10,0.7762165713325069,12
3108,88,32,69,15,0.7753807063240761,17
3109,10,19,84,9,0.7730240789929571,10
3110,97,20,93,10,0.7717644600090583,10
3111,28,58,109,27,0.76448490134667,31
3112,34,19,65,10,0.7628058558484428,9
3113,86,83,20,40,0.7625493429797969,43
3114,49,28,12,17,0.7621614334198281,11
3115,16,49,57,23,0.7612209797599402,26
3116,9,28,3,14,0.7589069260840979,14
3117,88,22,19,10,0.7587478785169104,12
3118,14,15,13,6,0.7511854242648525,9
3119,39,64,65,33,0.7504610739617342,31
3120,107,85,28,40,0.7466282052500216,45
3121,46,24,84,11,0.744605770354001,13
3122,36,13,74,5,0.7437175733038444,8
3123,38,22,64,11,0.741675899909912,11
3124,7,12,108,5,0.7404080910313953,7
3125,25,24,15,13,0.7394428200536315,11
3126,50,43,106,22,0.7389423076340088,21
3127,76,37,11,17,0.7368187666821265,20
3128,5,40,63,22,0.7358500176759455,18
3129,40,77,86,36,0.7352757671814381,41
3130,9,22,112,10,0.732655126226577,12
3131,95,41,5,21,0.731606653431554,20
3132,27,13,99,7,0.7284055341482095,6
3133,71,10,96,5,0.7278695572627789,5
3134,57,10,4,4,0.7276499847388471,6
3135,46,63,88,32,0.7264738004913415,31
3136,8,24,17,12,0.7243993806611897,12
3137,61,18,40,9,0.7154895706830828,9
3138,82,13,28,7,0.7153587234866209,6
3139,43,18,71,10,0.7122285277146704,8
3140,106,18,27,7,0.7074485049679566,11
3141,63,49,11,21,0.7041449631736957,28
3142,47,23,65,11,0.7020951602660517,12
3143,18,23,104,13,0.701208945227421,10
3144,38,11,91,5,0.7003822911270713,6
3145,57,11,95,4,0.6989616542578664,7
3146,60,11,79,5,0.6985956608890181,6
3147,61,11,39,6,0.6964131355147419,5
3148,49,22,62,10,0.6937360485134608,12
3149,11,17,93,10,0.6934063282822602,7
3150,68,69,86,35,0.6897584561737047,34
3151,8,30,76,14,0.6822031764790529,16
3152,18,19,25,10,0.6816652439852776,9
3153,109,14,23,7,0.6795387556597896,7
3154,50,39,39,19,0.6773303120820146,20
3155,29,13,79,5,0.67578388648967,8
3156,50,10,38,4,0.6752935140978018,6
3157,109,26,60,13,0.673756859043161,13
3158,30,69,86,32,0.6698254739623933,37
3159,37,40,114,18,0.6680388190804037,22
3160,109,18,3,9,0.6619795062104481,9
3161,65,28,84,14,0.6478183306385065,14
3162,2,10,109,5,0.6444253237530958,5
3163,61,19,13,11,0.643994979824989,8
3164,85,15,69,7,0.6408165415497267,8
3165,25,25,41,14,0.6394054706376684,11
3166,111,17,36,8,0.6365354853619557,9
3167,15,36,65,17,0.636204946025883,19
3168,13,34,20,16,0.632497829596757,18
3169,4,28,64,13,0.6316212138641686,15
3170,87,30,47,15,0.6310013424305165,15
3171,60,23,1,11,0.6297573562891167,12
3172,65,40,37,21,0.6273579146862459,19
3173,103,14,43,8,0.6267197914442149,6
3174,36,33,71,17,0.6241330409639582,16
3175,40,12,38,5,0.6179079194784384,7
3176,31,22,58,11,0.6168553703735019,11
3177,28,55,11,26,0.6161995497274562,29
3178,108,27,86,12,0.6161917981442357,15
3179,91,16,70,7,0.6063303701253773,9
3180,111,31,16,16,0.604864398590204,15
3181,63,15,34,7,0.6010869874219945,8
3182,71,32,106,15,0.6009609652453856,17
3183,111,10,12,6,0.6003907747378726,4
3184,71,10,23,4,0.6000287508458257,6
3185,94,14,88,6,0.594908220356331,8
3186,50,42,13,21,0.5885113336676775,21
3187,76,13,36,4,0.5885035889042722,9
3188,55,24,20,12,0.5874553964616283,12
3189,63,28,112,14,0.5834223269951169,14
3190,81,16,68,8,0.5833845458965541,8
3191,90,18,84,9,0.5795253040496203,9
3192,80,35,86,17,0.5771607275339617,18
3193,46,32,87,14,0.5771141288489539,18
3194,15,41,86,20,0.5745887440225294,21
3195,114,40,7,19,0.5741553045041318,21
3196,104,24,15,12,0.5737247395128393,12
3197,60,49,65,27,0.5726413570677132,22
3198,69,15,71,8,0.5724150990318919,7
3199,40,10,94,5,0.5678516928680516,5
3200,71,13,78,6,0.5661963238744551,7
3201,29,10,108,5,0.5615423900676226,5
3202,83,10,2,5,0.5594397265150824,5
3203,46,20,41,9,0.5567343104251282,11
3204,5,49,54,23,0.5526115688513309,26
3205,12,39,27,18,0.5523057634996393,21
3206,92,17,7,7,0.5480230211986101,10
3207,98,27,16,13,0.5462850233229243,14
3208,64,29,54,15,0.5456745481805155,14
3209,60,77,7,38,0.5423394255026432,39
3210,63,29,27,13,0.5399070299800365,16
3211,50,36,8,19,0.5398388863137726,17
3212,106,10,1,5,0.539652861011431,5
3213,65,37,17,16,0.5366069246519296,21
3214,11,18,17,9,0.5333410210662327,9
3215,107,20,6,10,0.5288105428737948,10
3216,4,24,77,12,0.5234491201479377,12
3217,73,19,28,10,0.5214155246375574,9
3218,60,18,83,9,0.5212906629660227,9
3219,30,22,106,11,0.5189588569615401,11
3220,84,27,78,13,0.5159724183872996,14
3221,112,20,51,10,0.5141422831615118,10
3222,4,18,9,9,0.5118055197130339,9
3223,111,51,68,26,0.5032623987050037,25
3224,90,13,91,6,0.5003235284827323,7
3225,23,20,54,10,0.5000451529620598,10
3226,88,35,31,18,0.4999807976090588,17
3227,69,41,51,21,0.4991964334176856,20
3228,5,59,87,29,0.4991669720547012,30
3229,39,66,107,33,0.49441910510879405,33
3230,74,22,18,12,0.49290222508995235,10
3231,86,24,93,12,0.49230543753796824,12
3232,62,12,97,6,0.4900514031250112,6
3233,57,14,104,5,0.4845128262229356,9
3234,88,40,20,21,0.48272225314993983,19
3235,84,10,94,5,0.4811703860633969,5
3236,95,28,74,13,0.47842550860281996,15
3237,75,31,41,14,0.47837138213253816,17
3238,86,58,50,27,0.4764833561290648,31
3239,25,51,39,26,0.4759465051184244,25
3240,86,50,57,24,0.4751132613448713,26
3241,13,30,72,16,0.47398031208432273,14
3242,40,39,16,20,0.4700829739213681,19
3243,65,54,31,26,0.46913887469692744,28
3244,12,35,51,17,0.4643157827827626,18
3245,104,38,76,20,0.4636043507636342,18
3246,65,58,12,30,0.462819528280172,28
3247,97,39,107,20,0.4513498337115768,19
3248,80,11,9,7,0.4439834453330457,4
3249,90,15,11,7,0.4409004522210816,8
3250,68,28,38,13,0.4389809843925625,15
3251,107,73,84,36,0.4361795606795497,37
3252,40,43,31,22,0.429627197462679,21
3253,49,32,7,15,0.42188009094911627,17
3254,5,14,38,7,0.4168378546295618,7
3255,54,34,84,17,0.4144322968093763,17
3256,20,16,69,8,0.4110151707783569,8
3257,31,33,86,17,0.4107692180392416,16
3258,96,39,55,20,0.409999012059578,19
3259,50,18,79,9,0.4091046493522828,9
3260,30,25,78,12,0.40637089896641554,13
3261,27,45,11,22,0.4058256777858905,23
3262,88,11,66,5,0.40336832853519167,6
3263,35,16,30,8,0.4016415319429745,8
3264,104,15,20,8,0.39743988488785953,7
3265,61,16,65,9,0.395050527419345,7
3266,55,16,41,8,0.3929137359889599,8
3267,102,14,84,7,0.3912018744364814,7
3268,8,13,44,6,0.3904420875790005,7
3269,7,89,65,47,0.39009225035654854,42
3270,69,30,36,15,0.38598798110099336,15
3271,114,28,71,14,0.3795577437704574,14
3272,70,22,97,12,0.3783758219642565,10
3273,14,18,84,8,0.37783903496494214,10
3274,63,27,60,13,0.3732661726653222,14
3275,40,21,75,10,0.36863713867004627,11
3276,94,19,41,10,0.36863478647370623,9
3277,95,26,28,12,0.36814720179538635,14
3278,92,18,13,7,0.36521745881563183,11
3279,17,19,87,10,0.3631074209821953,9
3280,17,25,68,13,0.36066654828941963,12
3281,77,25,65,13,0.35805459759376335,12
3282,57,32,41,16,0.35698645651571526,16
3283,87,61,51,30,0.3555795179834239,31
3284,68,49,63,24,0.3537099268739354,25
3285,34,13,75,6,0.35287672494658584,7
3286,49,10,5,5,0.3484948933204418,5
3287,107,57,68,27,0.3442330203809919,30
3288,53,41,51,21,0.3439811842946898,20
3289,17,12,69,6,0.33992057730208697,6
3290,109,13,4,6,0.3380907022892352,7
3291,68,51,9,25,0.3322750245350676,26
3292,83,20,106,11,0.33164456490941063,9
3293,108,17,64,8,0.3288515928978434,9
3294,3,13,46,7,0.32759691142996444,6
3295,87,26,2,13,0.3261916240593897,13
3296,80,17,71,9,0.3237123360021306,8
3297,86,34,2,18,0.32232529406269955,16
3298,83,25,28,14,0.3193130867023741,11
3299,114,22,69,10,0.31706249889901594,12
3300,39,64,11,31,0.31590122454485664,33
3301,60,48,53,25,0.3118269913878374,23
3302,64,12,28,6,0.30789275575683855,6
3303,23,19,111,11,0.30722018824927017,8
3304,1,35,107,18,0.30511491832295773,17
3305,16,52,41,24,0.30124505382531497,28
3306,88,15,48,6,0.2955612335778544,9
3307,3,16,76,8,0.29549269941760636,8
3308,107,98,7,44,0.2953237046076182,54
3309,98,16,19,7,0.29311592538168374,9
3310,27,17,25,9,0.2912949474117505,8
3311,68,73,65,37,0.28958457645924957,36
3312,13,46,15,24,0.2858651477398279,22
3313,68,63,60,33,0.28538797843058167,30
3314,94,21,29,10,0.28278527096273587,11
3315,67,12,25,6,0.2816428039469064,6
3316,96,12,67,7,0.27996501259109813,5
3317,104,40,68,19,0.2798877887850182,21
3318,7,20,70,8,0.27895885562124206,12
3319,53,18,5,8,0.2778213329671456,10
3320,7,77,39,40,0.2749189859757216,37
3321,112,16,17,8,0.27197121777913047,8
3322,87,18,52,10,0.2686604923430049,8
3323,36,11,38,4,0.26679215079866997,7
3324,37,22,76,12,0.2606095394442829,10
3325,86,15,89,6,0.25902148619611914,9
3326,54,80,107,41,0.25756345940778985,39
3327,71,36,88,16,0.25752053570309325,20
3328,4,32,68,16,0.25730955252799864,16
3329,37,51,51,28,0.2542884534727083,23
3330,17,11,108,5,0.2506467392789146,6
3331,39,51,63,29,0.2485762976887629,22
3332,57,22,55,12,0.24797671552008474,10
3333,40,25,47,14,0.24655985846699452,11
3334,39,10,93,5,0.24650819188032075,5
3335,86,79,54,40,0.23904456444882094,39
3336,13,56,53,26,0.23596481784004864,30
3337,65,10,101,5,0.22906131925901718,5
3338,47,12,53,6,0.22656162850800943,6
3339,67,12,84,5,0.22644335659627104,7
3340,87,50,96,24,0.22380305623995284,26
3341,106,69,28,34,0.21905675330440585,35
3342,53,21,44,9,0.2122113313421154,12
3343,48,26,11,13,0.21053633238551017,13
3344,86,76,13,39,0.20959785617689106,37
3345,28,11,66,5,0.2056598644516812,6
3346,46,23,17,12,0.20521498367655996,11
3347,109,44,13,21,0.20482108664674664,23
3348,8,46,20,23,0.2023315764151644,23
3349,63,48,40,23,0.20172959340563693,25
3350,86,27,35,15,0.20012339192372466,12
3351,76,11,47,3,0.1986777302440924,8
3352,107,61,74,29,0.19420996588142148,32
3353,112,18,72,9,0.1936517175084139,9
3354,12,21,18,10,0.19282803775168336,11
3355,19,21,112,11,0.1905110640381326,10
3356,88,19,61,8,0.1901426643579958,11
3357,88,35,37,17,0.1877253046596751,18
3358,35,12,70,7,0.18631436457958764,5
3359,44,15,65,6,0.18351226600640885,9
3360,50,25,114,12,0.18060110833646845,13
3361,70,23,41,13,0.17939581625615084,10
3362,71,33,8,17,0.17759312635004623,16
3363,11,47,106,26,0.17225906773687616,21
3364,106,28,100,13,0.1677556244233457,15
3365,7,51,4,26,0.16136746029798088,25
3366,62,12,106,6,0.1584669634691407,6
3367,7,16,83,7,0.15765677447455273,9
3368,55,63,51,31,0.1573220712788127,32
3369,112,31,65,16,0.15691587782419453,15
3370,103,35,16,18,0.15666762878951854,17
3371,13,19,96,9,0.15564789635830772,10
3372,51,17,85,8,0.1485089203425444,9
3373,100,51,39,26,0.14360825003579727,25
3374,68,19,57,10,0.13549914627164314,9
3375,73,10,25,5,0.1328731236438802,5
3376,33,16,114,9,0.13065946112886406,7
3377,69,25,7,13,0.12779683769016903,12
3378,30,37,51,18,0.12196938254928805,19
3379,28,22,98,9,0.12169006680659694,13
3380,80,23,84,12,0.11286096846693221,11
3381,23,31,51,16,0.11082387229984789,15
3382,68,10,79,4,0.11002938828097442,6
3383,39,44,47,21,0.1095786316302477,23
3384,64,24,100,11,0.10532763947275085,13
3385,2,18,84,9,0.10504403066305398,9
3386,100,19,17,8,0.10330347718863789,11
3387,27,19,23,10,0.0995832775496503,9
3388,13,24,45,12,0.09910833731150663,12
3389,87,67,39,33,0.09594537946149055,34
3390,86,30,53,13,0.09593092236920715,17
3391,74,39,25,20,0.09563368284676016,19
3392,87,14,92,7,0.09367358040314991,7
3393,44,26,16,14,0.09298306483163052,12
3394,114,29,36,13,0.09213128587786307,16
3395,95,52,86,24,0.08956033992826938,28
3396,114,48,104,25,0.08363522002228145,23
3397,84,37,88,17,0.08333477514829757,20
3398,97,36,74,17,0.07931920932357782,19
3399,87,43,104,23,0.07856624027495081,20
3400,87,32,62,16,0.06899373968097366,16
3401,62,19,37,8,0.06880627143278654,11
3402,106,21,40,10,0.06808253080226546,11
3403,107,71,114,36,0.06336114924955376,35
3404,16,27,33,12,0.06316320841340341,15
3405,17,39,13,20,0.05971803178296817,19
3406,29,19,38,9,0.056275627076261485,10
3407,8,70,106,37,0.05212763279076112,33
3408,19,27,69,14,0.04895022981261082,13
3409,73,16,106,8,0.04700386219362951,8
3410,83,17,51,10,0.04607341431682285,7
3411,74,41,54,20,0.04296760366186976,21
3412,31,11,97,5,0.04256244744109723,6
3413,16,28,102,14,0.03953820636299188,14
3414,84,19,17,10,0.032612383959908106,9
3415,13,57,9,27,0.01801614367993792,30
3416,60,15,80,7,0.014675025668747566,8
3417,109,17,83,7,0.00972932964701334,10
3418,94,30,19,15,0.006108266983873634,15
3419,33,13,94,6,0.006107142384926498,7
3420,85,18,16,8,0.00556795502767413,10
3421,94,23,86,12,3.56651914630205e-05,11
3422,86,23,94,11,-3.566519146163031e-05,12
3423,16,18,85,10,-0.005567955027674327,8
3424,94,13,33,7,-0.006107142384928137,6
3425,19,30,94,15,-0.006108266983873752,15
3426,106,47,76,26,-0.009505075346386196,21
3427,83,17,109,10,-0.009729329647013785,7
3428,16,79,11,44,-0.011362816147721643,35
3429,80,15,60,8,-0.014675025668747439,7
3430,9,57,13,30,-0.01801614367993859,27
3431,17,19,84,9,-0.03261238395990876,10
3432,97,11,31,6,-0.042562447441096586,5
3433,54,41,74,21,-0.04296760366187002,20
3434,51,17,83,7,-0.04607341431682421,10
3435,106,16,73,8,-0.0470038621936304,8
3436,69,27,19,13,-0.04895022981261305,14
3437,106,70,8,33,-0.05212763279076128,37
3438,38,19,29,10,-0.05627562707626055,9
3439,13,39,17,19,-0.059718031782969076,20
3440,33,27,16,15,-0.06316320841340473,12
3441,114,71,107,35,-0.06336114924955315,36
3442,40,21,106,11,-0.0680825308022658,10
3443,37,19,62,11,-0.06880627143278734,8
3444,62,32,87,16,-0.068993739680973,16
3445,104,43,87,20,-0.07856624027495072,23
3446,74,36,97,19,-0.07931920932357782,17
3447,88,37,84,20,-0.0833347751482989,17
3448,104,48,114,23,-0.08363522002228167,25
3449,86,52,95,28,-0.08956033992827091,24
3450,36,29,114,16,-0.09213128587786189,13
3451,16,26,44,12,-0.09298306483163078,14
3452,92,14,87,7,-0.09367358040315074,7
3453,25,39,74,19,-0.0956336828467596,20
3454,53,30,86,17,-0.09593092236920858,13
3455,39,67,87,34,-0.09594537946149065,33
3456,11,62,107,30,-0.09659036725643244,32
3457,45,24,13,12,-0.09910833731150781,12
3458,23,19,27,9,-0.09958327754964931,10
3459,17,19,100,11,-0.10330347718863957,8
3460,84,18,2,9,-0.10504403066305477,9
3461,100,24,64,13,-0.10532763947275099,11
3462,47,44,39,23,-0.1095786316302473,21
3463,79,10,68,6,-0.11002938828097442,4
3464,51,31,23,15,-0.11082387229984611,16
3465,84,23,80,11,-0.11286096846693237,12
3466,98,22,28,13,-0.1216900668065983,9
3467,51,37,30,19,-0.12196938254929002,18
3468,7,25,69,12,-0.1277968376901685,13
3469,114,16,33,7,-0.13065946112886495,9
3470,25,10,73,5,-0.1328731236438802,5
3471,57,19,68,9,-0.13549914627164278,10
3472,39,51,100,25,-0.14360825003579586,26
3473,85,17,51,9,-0.14850892034254606,8
3474,96,19,13,10,-0.1556478963583079,9
3475,16,35,103,17,-0.15666762878951976,18
3476,65,31,112,15,-0.15691587782419436,16
3477,51,63,55,32,-0.15732207127881292,31
3478,83,16,7,9,-0.1576567744745514,7
3479,106,12,62,6,-0.15846696346914188,6
3480,4,51,7,25,-0.16136746029798163,26
3481,100,28,106,15,-0.16775562442334394,13
3482,106,47,11,21,-0.17225906773687602,26
3483,8,33,71,16,-0.17759312635004632,17
3484,41,23,70,10,-0.17939581625614923,13
3485,114,25,50,13,-0.18060110833646717,12
3486,65,15,44,9,-0.1835122660064091,6
3487,70,12,35,5,-0.18631436457958692,7
3488,37,35,88,18,-0.18772530465967646,17
3489,61,19,88,11,-0.19014266435799543,8
3490,112,21,19,10,-0.19051106403813386,11
3491,18,21,12,11,-0.19282803775168167,10
3492,72,18,112,9,-0.1936517175084139,9
3493,47,11,76,8,-0.19867773024409274,3
3494,35,27,86,12,-0.20012339192372414,15
3495,40,48,63,25,-0.20172959340563568,23
3496,20,46,8,23,-0.20233157641516486,23
3497,13,44,109,23,-0.20482108664674603,21
3498,17,23,46,11,-0.2052149836765593,12
3499,66,11,28,6,-0.20565986445168055,5
3500,13,76,86,37,-0.20959785617689083,39
3501,44,21,53,12,-0.2122113313421161,9
3502,28,69,106,35,-0.21905675330440377,34
3503,96,50,87,26,-0.22380305623995211,24
3504,84,12,67,7,-0.22644335659627166,5
3505,53,12,47,6,-0.22656162850800912,6
3506,101,10,65,5,-0.2290613192590168,5
3507,53,56,13,30,-0.23596481784004786,26
3508,54,79,86,39,-0.2390445644488226,40
3509,93,10,39,5,-0.24650819188031967,5
3510,47,25,40,11,-0.24655985846699366,14
3511,55,22,57,10,-0.24797671552008407,12
3512,63,51,39,22,-0.24857629768876138,29
3513,108,11,17,6,-0.25064673927891384,5
3514,51,51,37,23,-0.2542884534727087,28
3515,68,32,4,16,-0.2573095525279973,16
3516,88,36,71,20,-0.2575205357030929,16
3517,107,80,54,39,-0.25756345940778924,41
3518,89,15,86,9,-0.2590214861961202,6
3519,76,22,37,10,-0.26060953944428406,12
3520,38,11,36,7,-0.26679215079866964,4
3521,52,18,87,8,-0.26866049234300404,10
3522,17,16,112,8,-0.27197121777913247,8
3523,39,77,7,37,-0.27491898597572295,40
3524,5,18,53,10,-0.277821332967146,8
3525,70,20,7,12,-0.27895885562124184,8
3526,68,40,104,21,-0.2798877887850195,19
3527,67,12,96,5,-0.279965012591097,7
3528,25,12,67,6,-0.2816428039469064,6
3529,29,21,94,11,-0.28278527096273587,10
3530,60,63,68,30,-0.28538797843058206,33
3531,15,46,13,22,-0.2858651477398276,24
3532,65,73,68,36,-0.2895845764592491,37
3533,25,17,27,8,-0.29129494741175216,9
3534,19,16,98,9,-0.2931159253816844,7
3535,7,98,107,54,-0.2953237046076189,44
3536,76,16,3,8,-0.2954926994176059,8
3537,48,15,88,9,-0.29556123357785347,6
3538,41,52,16,28,-0.3012450538253157,24
3539,107,35,1,17,-0.30511491832295834,18
3540,111,19,23,8,-0.30722018824927033,11
3541,28,12,64,6,-0.30789275575683855,6
3542,53,48,60,23,-0.3118269913878375,25
3543,11,64,39,33,-0.31590122454485753,31
3544,69,22,114,12,-0.31706249889901467,10
3545,28,25,83,11,-0.3193130867023753,14
3546,2,34,86,16,-0.32232529406269944,18
3547,71,17,80,8,-0.3237123360021318,9
3548,2,26,87,13,-0.32619162405938956,13
3549,46,13,3,6,-0.3275969114299653,7
3550,64,17,108,9,-0.3288515928978421,8
3551,106,20,83,9,-0.3316445649094112,11
3552,9,51,68,26,-0.3322750245350679,25
3553,4,13,109,7,-0.3380907022892352,6
3554,69,12,17,6,-0.33992057730208786,6
3555,51,41,53,20,-0.3439811842946886,21
3556,68,57,107,30,-0.34423302038099246,27
3557,5,10,49,5,-0.3484948933204407,5
3558,75,13,34,7,-0.35287672494658556,6
3559,63,49,68,25,-0.3537099268739361,24
3560,51,61,87,31,-0.3555795179834246,30
3561,41,32,57,16,-0.3569864565157146,16
3562,65,25,77,12,-0.3580545975937632,13
3563,68,25,17,12,-0.36066654828942024,13
3564,87,19,17,9,-0.3631074209821953,10
3565,13,18,92,11,-0.3652174588156323,7
3566,28,26,95,14,-0.36814720179538646,12
3567,41,19,94,9,-0.368634786473706,10
3568,75,21,40,11,-0.3686371386700461,10
3569,60,27,63,14,-0.37326617266532136,13
3570,84,18,14,10,-0.37783903496494253,8
3571,97,22,70,10,-0.3783758219642562,12
3572,71,28,114,14,-0.3795577437704577,14
3573,36,30,69,15,-0.3859879811009911,15
3574,65,89,7,42,-0.3900922503565505,47
3575,44,13,8,7,-0.3904420875789997,6
3576,84,14,102,7,-0.39120187443648013,7
3577,41,16,55,8,-0.39291373598895946,8
3578,65,16,61,7,-0.3950505274193441,9
3579,20,15,104,7,-0.39743988488786003,8
3580,30,16,35,8,-0.4016415319429745,8
3581,66,11,88,6,-0.40336832853519233,5
3582,11,45,27,23,-0.4058256777858905,22
3583,78,25,30,13,-0.4063708989664157,12
3584,79,18,50,9,-0.4091046493522828,9
3585,55,39,96,19,-0.40999901205957984,20
3586,86,33,31,16,-0.4107692180392426,17
3587,69,16,20,8,-0.41101517077835736,8
3588,84,34,54,17,-0.41443229680937554,17
3589,38,14,5,7,-0.4168378546295618,7
3590,7,32,49,17,-0.4218800909491176,15
3591,31,43,40,21,-0.4296271974626791,22
3592,84,73,107,37,-0.43617956067955155,36
3593,38,28,68,15,-0.43898098439256167,13
3594,11,15,90,8,-0.4409004522210813,7
3595,9,11,80,4,-0.4439834453330448,7
3596,107,39,97,19,-0.4513498337115769,20
3597,12,58,65,28,-0.462819528280173,30
3598,76,38,104,18,-0.4636043507636345,20
3599,51,35,12,18,-0.4643157827827631,17
3600,31,54,65,28,-0.4691388746969265,26
3601,16,39,40,19,-0.4700829739213682,20
3602,72,30,13,14,-0.473980312084323,16
3603,57,50,86,26,-0.4751132613448696,24
3604,39,51,25,25,-0.4759465051184236,26
3605,50,58,86,31,-0.4764833561290644,27
3606,20,23,30,12,-0.4766139020425556,11
3607,41,31,75,17,-0.47837138213253816,14
3608,74,28,95,15,-0.4784255086028221,13
3609,94,10,84,5,-0.4811703860633948,5
3610,104,14,57,9,-0.4845128262229359,5
3611,97,12,62,6,-0.4900514031250112,6
3612,93,24,86,12,-0.4923054375379694,12
3613,18,22,74,10,-0.4929022250899522,12
3614,107,66,39,33,-0.4944191051087933,33
3615,87,59,5,30,-0.49916697205470045,29
3616,51,41,69,20,-0.49919643341768644,21
3617,31,35,88,17,-0.499980797609059,18
3618,54,20,23,10,-0.5000451529620575,10
3619,91,13,90,7,-0.5003235284827329,6
3620,68,51,111,25,-0.5032623987050046,26
3621,9,18,4,9,-0.5118055197130339,9
3622,51,20,112,10,-0.5141422831615127,10
3623,78,27,84,14,-0.515972418387299,13
3624,106,22,30,11,-0.5189588569615399,11
3625,83,18,60,9,-0.5212906629660219,9
3626,28,19,73,9,-0.5214155246375576,10
3627,77,24,4,12,-0.5234491201479351,12
3628,6,20,107,10,-0.528810542873795,10
3629,17,18,11,9,-0.5333410210662319,9
3630,17,37,65,21,-0.5366069246519297,16
3631,1,10,106,5,-0.5396528610114302,5
3632,8,36,50,17,-0.5398388863137724,19
3633,27,29,63,16,-0.5399070299800356,13
3634,7,77,60,39,-0.5423394255026428,38
3635,54,29,64,14,-0.5456745481805153,15
3636,16,27,98,14,-0.5462850233229247,13
3637,7,17,92,10,-0.5480230211986107,7
3638,27,39,12,21,-0.5523057634996391,18
3639,54,49,5,26,-0.5526115688513301,23
3640,41,20,46,11,-0.5567343104251291,9
3641,2,10,83,5,-0.559439726515081,5
3642,108,10,29,5,-0.5615423900676234,5
3643,78,13,71,7,-0.5661963238744554,6
3644,94,10,40,5,-0.5678516928680514,5
3645,71,15,69,7,-0.5724150990318926,8
3646,65,49,60,22,-0.5726413570677142,27
3647,15,24,104,12,-0.5737247395128372,12
3648,7,40,114,21,-0.5741553045041317,19
3649,86,41,15,21,-0.5745887440225292,20
3650,87,32,46,18,-0.5771141288489547,14
3651,86,35,80,18,-0.5771607275339606,17
3652,84,18,90,9,-0.5795253040496205,9
3653,68,16,81,8,-0.5833845458965539,8
3654,112,28,63,14,-0.5834223269951164,14
3655,20,24,55,12,-0.5874553964616281,12
3656,36,13,76,9,-0.5885035889042698,4
3657,13,42,50,21,-0.5885113336676766,21
3658,88,14,94,8,-0.594908220356331,6
3659,23,10,71,6,-0.6000287508458257,4
3660,12,10,111,4,-0.6003907747378741,6
3661,106,32,71,17,-0.6009609652453869,15
3662,34,15,63,8,-0.6010869874219955,7
3663,16,31,111,15,-0.6048643985902039,16
3664,70,16,91,9,-0.6063303701253777,7
3665,86,27,108,15,-0.6161917981442351,12
3666,11,55,28,29,-0.616199549727456,26
3667,58,22,31,11,-0.6168553703735028,11
3668,38,12,40,7,-0.6179079194784384,5
3669,71,33,36,16,-0.6241330409639598,17
3670,43,14,103,6,-0.6267197914442149,8
3671,37,40,65,19,-0.6273579146862459,21
3672,1,23,60,12,-0.6297573562891176,11
3673,47,30,87,15,-0.6310013424305154,15
3674,64,28,4,15,-0.6316212138641698,13
3675,20,34,13,18,-0.6324978295967559,16
3676,20,16,93,9,-0.6327174645108351,7
3677,65,36,15,19,-0.6362049460258813,17
3678,36,17,111,9,-0.6365354853619557,8
3679,41,25,25,11,-0.6394054706376676,14
3680,69,15,85,8,-0.6408165415497269,7
3681,13,19,61,8,-0.6439949798249884,11
3682,109,10,2,5,-0.6444253237530958,5
3683,84,28,65,14,-0.6478183306385067,14
3684,3,18,109,9,-0.6619795062104478,9
3685,114,40,37,22,-0.6680388190804033,18
3686,86,69,30,37,-0.6698254739623947,32
3687,60,26,109,13,-0.6737568590431613,13
3688,38,10,50,6,-0.675293514097801,4
3689,79,13,29,8,-0.6757838864896706,5
3690,39,39,50,20,-0.6773303120820158,19
3691,23,14,109,7,-0.6795387556597896,7
3692,25,19,18,9,-0.6816652439852758,10
3693,76,30,8,16,-0.6822031764790518,14
3694,86,69,68,34,-0.6897584561737039,35
3695,93,17,11,7,-0.6934063282822591,10
3696,62,22,49,12,-0.693736048513461,10
3697,39,11,61,5,-0.6964131355147433,6
3698,79,11,60,6,-0.6985956608890178,5
3699,95,11,57,7,-0.6989616542578677,4
3700,91,11,38,6,-0.7003822911270713,5
3701,104,23,18,10,-0.7012089452274208,13
3702,65,23,47,12,-0.7020951602660523,11
3703,11,49,63,28,-0.7041449631736966,21
3704,27,18,106,11,-0.7074485049679552,7
3705,71,18,43,8,-0.71222852771467,10
3706,28,13,82,6,-0.7153587234866207,7
3707,40,18,61,9,-0.7154895706830816,9
3708,17,24,8,12,-0.7243993806611906,12
3709,88,63,46,31,-0.7264738004913419,32
3710,4,10,57,6,-0.7276499847388465,4
3711,96,10,71,5,-0.7278695572627789,5
3712,99,13,27,6,-0.7284055341482082,7
3713,5,41,95,20,-0.7316066534315533,21
3714,112,22,9,12,-0.7326551262265775,10
3715,86,77,40,41,-0.7352757671814375,36
3716,63,40,5,18,-0.7358500176759462,22
3717,106,43,50,21,-0.738942307634008,22
3718,15,24,25,11,-0.7394428200536295,13
3719,108,12,7,7,-0.7404080910313952,5
3720,64,22,38,11,-0.741675899909911,11
3721,74,13,36,8,-0.743717573303844,5
3722,84,24,46,13,-0.7446057703540011,11
3723,28,85,107,45,-0.7466282052500216,40
3724,65,64,39,31,-0.7504610739617337,33
3725,13,15,14,9,-0.751185424264851,6
3726,19,22,88,12,-0.7587478785169104,10
3727,3,28,9,14,-0.7589069260840974,14
3728,57,49,16,26,-0.7612209797599413,23
3729,12,28,49,11,-0.7621614334198294,17
3730,20,83,86,43,-0.7625493429797979,40
3731,65,19,34,9,-0.7628058558484428,10
3732,109,58,28,31,-0.7644849013466701,27
3733,93,20,97,10,-0.7717644600090567,10
3734,84,19,10,10,-0.7730240789929577,9
3735,69,32,88,17,-0.7753807063240767,15
3736,99,22,87,12,-0.7762165713325071,10
3737,28,51,13,26,-0.7790491963091725,25
3738,30,44,100,24,-0.7807836199006856,20
3739,109,24,41,14,-0.7843283171697225,10
3740,50,22,27,13,-0.7868338103994941,9
3741,104,18,4,8,-0.7872554057904768,10
3742,38,15,80,7,-0.7882565864146641,8
3743,3,15,96,7,-0.7883607611625825,8
3744,33,14,75,8,-0.7900898585820659,6
3745,89,16,28,9,-0.7901986413516622,7
3746,88,22,2,11,-0.7956469041111237,11
3747,62,11,98,6,-0.7995773049352679,5
3748,40,26,30,13,-0.8045580871786177,13
3749,40,14,56,7,-0.8062835825274064,7
3750,50,31,84,15,-0.8064114901977935,16
3751,79,16,7,8,-0.8085663274395147,8
3752,41,80,7,40,-0.8113607765595651,40
3753,20,27,74,13,-0.8203305748765273,14
3754,45,19,114,10,-0.8205689132017484,9
3755,54,67,50,34,-0.8208738895797711,33
3756,95,15,84,8,-0.8218033746912378,7
3757,16,48,112,24,-0.8246003504596763,24
3758,65,107,13,56,-0.8251358063632326,51
3759,37,48,28,24,-0.8263140292594411,24
3760,106,12,29,6,-0.8264692442725535,6
3761,49,54,88,28,-0.8267825014615153,26
3762,11,79,16,36,-0.8268511307599921,43
3763,46,16,2,8,-0.8285194662826783,8
3764,27,29,8,15,-0.829520292190887,14
3765,29,20,103,9,-0.8306165364205732,11
3766,88,78,8,40,-0.8346650298713413,38
3767,12,28,68,14,-0.8414646030794424,14
3768,16,45,15,22,-0.8420020533369177,23
3769,98,14,60,7,-0.8439389777307166,7
3770,102,13,39,7,-0.8492100400200481,6
3771,38,12,41,7,-0.851438988412223,5
3772,64,14,77,6,-0.8550421959375909,8
3773,114,10,10,6,-0.8617397018011254,4
3774,37,67,8,34,-0.8700084298071528,33
3775,84,17,60,7,-0.8716143564890693,10
3776,1,15,27,9,-0.8721383199452194,6
3777,91,17,84,9,-0.8755346549877636,8
3778,88,21,83,10,-0.8798897555023183,11
3779,3,13,93,8,-0.8808947328421428,5
3780,51,63,27,33,-0.8881383616064759,30
3781,107,29,94,17,-0.8910851843021007,12
3782,15,18,64,8,-0.8917722371685374,10
3783,69,30,3,14,-0.8962278395321779,16
3784,74,17,68,10,-0.9001065237726515,7
3785,55,17,78,8,-0.9002458878614066,9
3786,49,39,30,21,-0.9014628194587326,18
3787,50,14,62,8,-0.9017457082495504,6
3788,111,12,60,5,-0.9019980300500793,7
3789,14,11,112,5,-0.9022319115654427,6
3790,77,10,58,5,-0.9030195437216471,5
3791,75,35,36,16,-0.9076169876586756,19
3792,95,16,76,8,-0.9107888940485349,8
3793,50,17,43,10,-0.911659904777202,7
3794,1,14,39,9,-0.9120351629887077,5
3795,68,38,15,21,-0.9158662466441888,17
3796,114,27,75,14,-0.9181862737012573,13
3797,113,14,86,8,-0.9183338417210523,6
3798,15,15,28,7,-0.9292417398610756,8
3799,40,29,18,17,-0.9358054757186769,12
3800,39,51,8,25,-0.939563300762841,26
3801,53,23,63,12,-0.9461903574638926,11
3802,5,14,14,8,-0.9561035605846475,6
3803,103,11,106,5,-0.9583580547252434,6
3804,106,38,104,19,-0.9604760273979325,19
3805,107,62,11,33,-0.9614829755615019,29
3806,50,31,76,18,-0.9653541591978413,13
3807,57,15,64,8,-0.9686108755747862,7
3808,63,20,15,10,-0.9688742288483313,10
3809,87,52,63,28,-0.969466480560497,24
3810,60,60,107,31,-0.9741291318407891,29
3811,9,12,78,6,-0.9745877106891214,6
3812,5,65,107,33,-0.9748363761521153,32
3813,3,59,87,31,-0.9818248085674075,28
3814,78,24,88,13,-0.9845371119711127,11
3815,30,44,27,23,-0.9855491206279575,21
3816,107,32,69,17,-0.9867318989974738,15
3817,27,13,20,7,-0.9871413726704222,6
3818,17,37,37,21,-0.9978108601802036,16
3819,3,60,86,32,-1.0009741066188798,28
3820,93,11,114,5,-1.0049906589581687,6
3821,13,73,41,37,-1.0052100802031871,36
3822,75,43,13,23,-1.0053644322647692,20
3823,88,12,45,7,-1.005819520359159,5
3824,33,18,54,10,-1.007742555451587,8
3825,49,84,13,47,-1.0099479042920758,37
3826,86,32,85,17,-1.0113399236982104,15
3827,28,52,87,26,-1.0126365910584707,26
3828,60,13,57,7,-1.0152034376280947,6
3829,107,92,8,45,-1.0168882870821123,47
3830,18,41,107,19,-1.0183255345448867,22
3831,51,49,9,24,-1.020301320412343,25
3832,27,13,61,7,-1.0219872336964406,6
3833,33,10,70,5,-1.0222975969230645,5
3834,44,20,63,11,-1.0233184771026504,9
3835,97,33,2,17,-1.0254110764857562,16
3836,3,14,45,7,-1.0349134798027073,7
3837,18,59,7,29,-1.0365595161190124,30
3838,88,21,90,10,-1.0373159148886413,11
3839,33,16,104,9,-1.037548645615811,7
3840,51,35,18,17,-1.0414861976482428,18
3841,27,28,64,14,-1.0430680242323191,14
3842,11,31,78,17,-1.0433591571301233,14
3843,13,60,4,32,-1.0440840904331994,28
3844,27,65,13,33,-1.0485281337521837,32
3845,45,18,71,8,-1.050024616634439,10
3846,8,17,80,8,-1.0587286140181777,9
3847,44,14,100,7,-1.059041314786415,7
3848,109,30,104,15,-1.063865849600061,15
3849,8,55,70,28,-1.0665028298167962,27
3850,71,14,58,7,-1.067952436399428,7
3851,3,22,81,12,-1.0692123151536586,10
3852,37,20,67,11,-1.0707700527635244,9
3853,97,16,9,7,-1.0715415510849833,9
3854,70,41,107,20,-1.0723253683389227,21
3855,97,19,64,10,-1.0748997556854094,9
3856,15,14,17,8,-1.0815196129384665,6
3857,65,54,75,27,-1.0834874610355845,27
3858,74,13,40,7,-1.0901529369074696,6
3859,51,83,68,45,-1.0958426568834054,38
3860,78,31,63,17,-1.0960862617400506,14
3861,106,39,70,19,-1.1024614638047292,20
3862,46,35,107,17,-1.1031099530770958,18
3863,2,18,96,9,-1.1039761816908782,9
3864,45,19,40,10,-1.1043531225931214,9
3865,47,12,91,6,-1.104710696366028,6
3866,55,13,73,7,-1.1082443575059588,6
3867,6,16,51,9,-1.1096986250731458,7
3868,88,58,41,31,-1.1098846450807431,27
3869,114,44,16,24,-1.1112389462801515,20
3870,7,19,29,12,-1.1170674633929274,7
3871,18,13,27,6,-1.1211992327384528,7
3872,86,45,23,23,-1.127225198734144,22
3873,11,21,29,11,-1.1293738650195773,10
3874,31,26,3,12,-1.1304098830558946,14
3875,106,26,36,13,-1.1307287364062808,13
3876,46,56,11,29,-1.1334073720436313,27
3877,38,24,88,14,-1.139732880510929,10
3878,112,21,50,12,-1.1411219571120237,9
3879,45,20,64,11,-1.143150033869323,9
3880,74,29,11,15,-1.1468410073590314,14
3881,55,54,87,28,-1.152766532731669,26
3882,87,21,58,11,-1.1584001852761194,10
3883,23,16,104,7,-1.1585628201755829,9
3884,63,108,65,56,-1.1623875158855317,52
3885,74,14,12,7,-1.1676100167547812,7
3886,55,52,39,28,-1.1740266098053438,24
3887,48,26,8,14,-1.1767574962584832,12
3888,96,31,76,17,-1.1853039288193825,14
3889,110,16,87,9,-1.1878037867151192,7
3890,41,12,48,6,-1.1910839111619829,6
3891,16,67,25,35,-1.193286529710067,32
3892,78,41,86,21,-1.1995063387988516,20
3893,97,33,25,17,-1.2112097532933461,16
3894,63,16,58,7,-1.211674081917942,9
3895,74,11,98,6,-1.2137114800422124,5
3896,65,92,86,45,-1.2239963595428656,47
3897,9,26,71,14,-1.2262156519313807,12
3898,41,33,60,16,-1.2319535203548821,17
3899,38,16,51,9,-1.2327496347880251,7
3900,107,88,51,50,-1.2335246266798194,38
3901,95,16,63,8,-1.233969730193377,8
3902,93,21,107,10,-1.2375139728583175,11
3903,31,25,71,13,-1.2380158081615502,12
3904,4,30,107,15,-1.2387516471106224,15
3905,55,16,108,9,-1.242512686909534,7
3906,13,28,34,15,-1.24811363763098,13
3907,62,11,17,6,-1.2486647888480198,5
3908,70,27,63,14,-1.2550372321498742,13
3909,46,10,27,6,-1.2550991025341744,4
3910,16,15,73,7,-1.2607482082851342,8
3911,14,15,107,7,-1.262180496300674,8
3912,108,19,50,9,-1.270167576199734,10
3913,3,42,68,21,-1.272725683953071,21
3914,1,11,71,5,-1.2732152302328004,6
3915,80,12,17,7,-1.2769817296361932,5
3916,107,59,96,32,-1.2779661064945946,27
3917,35,22,88,11,-1.284113043358928,11
3918,112,10,34,5,-1.286970932662993,5
3919,74,53,16,28,-1.2870673809929654,25
3920,51,15,58,8,-1.2882165138599926,7
3921,88,17,89,8,-1.2888997749635154,9
3922,99,19,51,9,-1.2892082407104553,10
3923,74,22,2,12,-1.2925512141562505,10
3924,48,15,57,8,-1.2933503211639656,7
3925,98,18,50,10,-1.2936360808559442,8
3926,8,22,7,12,-1.2952715014492404,10
3927,39,23,70,11,-1.3007482514942401,12
3928,13,44,5,23,-1.3023509853743016,21
3929,64,11,84,7,-1.3059634387921004,4
3930,114,28,41,14,-1.307338108043571,14
3931,58,28,9,15,-1.3102681358219028,13
3932,85,16,100,8,-1.3140606350637054,8
3933,51,12,32,6,-1.314434714983353,6
3934,80,18,74,9,-1.3199661328668575,9
3935,96,57,8,30,-1.3267739850117202,27
3936,37,13,94,7,-1.3280387948229058,6
3937,51,32,50,16,-1.3326103812189873,16
3938,81,13,108,7,-1.3379621241230497,6
3939,54,49,39,25,-1.3384616724370857,24
3940,23,10,6,5,-1.3385415186806267,5
3941,84,25,34,13,-1.3462587503063752,12
3942,63,72,107,34,-1.3468604650887521,38
3943,40,17,108,8,-1.3479697301696822,9
3944,88,37,97,19,-1.3490743629309028,18
3945,13,105,68,55,-1.3490900975622373,50
3946,81,14,30,7,-1.3508923221630345,7
3947,13,23,33,12,-1.3545846538800839,11
3948,87,17,111,9,-1.3561671479223416,8
3949,16,35,72,19,-1.3606835972281952,16
3950,74,12,112,6,-1.3616749140437368,6
3951,30,26,25,12,-1.3633847180345777,14
3952,76,47,106,22,-1.3637390504385927,25
3953,12,32,39,17,-1.366373910737338,15
3954,48,10,75,5,-1.3711471542080287,5
3955,55,66,86,35,-1.3714897734674971,31
3956,62,15,55,8,-1.3800432063216195,7
3957,16,24,4,11,-1.3802504001914415,13
3958,41,30,106,15,-1.3806292559177735,15
3959,7,31,95,17,-1.3809406634768695,14
3960,29,11,36,5,-1.3837445576600587,6
3961,9,13,91,7,-1.3946381880594534,6
3962,44,12,75,7,-1.3998373775330364,5
3963,95,17,70,8,-1.4011695857654913,9
3964,64,36,87,18,-1.4019068150674143,18
3965,9,25,46,12,-1.4052752923291365,13
3966,71,20,12,10,-1.4059148964814152,10
3967,62,29,100,14,-1.4095954922785314,15
3968,40,16,12,8,-1.412082266616442,8
3969,78,22,29,12,-1.4120834575153558,10
3970,87,17,6,9,-1.4122521547017293,8
3971,72,11,66,6,-1.416761062195627,5
3972,78,24,65,14,-1.4172751469538447,10
3973,48,19,109,9,-1.4189826622084476,10
3974,90,35,16,17,-1.4190191744987375,18
3975,53,11,1,6,-1.4196819324858239,5
3976,55,23,71,11,-1.421958484011042,12
3977,45,35,36,16,-1.4232731245081227,19
3978,100,23,94,10,-1.4346520455492109,13
3979,25,28,50,14,-1.4391705454909016,14
3980,97,21,20,10,-1.4395279608818727,11
3981,69,33,65,17,-1.4425642416495137,16
3982,62,29,39,16,-1.4474002147033358,13
3983,48,21,39,12,-1.4474709554841445,9
3984,11,44,50,23,-1.4477856494836994,21
3985,63,55,106,28,-1.4485566818099482,27
3986,13,73,39,39,-1.450285772990475,34
3987,83,23,25,13,-1.459720188055496,10
3988,47,21,31,11,-1.4606130980712662,10
3989,51,64,40,33,-1.4624658901194143,31
3990,50,18,100,10,-1.4641740921081965,8
3991,3,24,71,13,-1.4668209780059573,11
3992,69,13,6,6,-1.4672562795661197,7
3993,7,24,35,12,-1.4676220715119415,12
3994,32,17,11,8,-1.4729852723414758,9
3995,43,20,106,10,-1.474165054679951,10
3996,63,15,73,7,-1.4760785674332912,8
3997,79,17,103,9,-1.4762996181953623,8
3998,69,20,109,10,-1.4769023355605448,10
3999,84,10,68,6,-1.4788993773509191,4
4000,71,74,60,39,-1.4843115108657061,35
4001,62,17,76,9,-1.4886483429037691,8
4002,11,16,112,8,-1.4950492246382485,8
4003,25,47,107,24,-1.4967278623744356,23
4004,5,52,46,28,-1.4974094901037482,24
4005,63,34,9,18,-1.4983458266579128,16
4006,107,29,98,15,-1.4990839762128414,14
4007,50,31,17,15,-1.49970720548843,16
4008,8,37,30,20,-1.5081255824989241,17
4009,18,22,30,11,-1.5109053995571684,11
4010,55,12,46,7,-1.514859018089955,5
4011,85,16,12,8,-1.5174687419154704,8
4012,62,26,27,13,-1.5182408665379916,13
4013,37,14,35,7,-1.523131742310598,7
4014,27,72,68,38,-1.524949709281465,34
4015,84,20,114,11,-1.52828266290098,9
4016,57,12,30,6,-1.5296400941091364,6
4017,81,15,64,8,-1.5315551836921653,7
4018,53,13,29,8,-1.5317670028644754,5
4019,11,21,94,10,-1.5369194320927224,11
4020,74,61,107,33,-1.5445233108407423,28
4021,78,21,72,10,-1.5468833871004857,11
4022,86,43,49,20,-1.5469593224920284,23
4023,102,25,57,13,-1.548376076980684,12
4024,74,41,87,22,-1.5487349955501406,19
4025,34,14,12,8,-1.5500196524049754,6
4026,11,20,80,10,-1.553265227546683,10
4027,55,44,75,25,-1.5547955200380577,19
4028,30,35,54,18,-1.5563350804518044,17
4029,83,23,104,13,-1.5563880557352991,10
4030,106,26,109,13,-1.5621072878912867,13
4031,111,14,9,7,-1.5621342613374538,7
4032,12,16,50,6,-1.5648641628940974,10
4033,86,100,106,52,-1.5692663469089445,48
4034,41,43,63,23,-1.570459310802143,20
4035,107,38,78,20,-1.573516585613413,18
4036,46,25,60,13,-1.5735893742532685,12
4037,41,56,51,29,-1.5763915002540378,27
4038,90,22,55,10,-1.578656952498874,12
4039,81,22,107,12,-1.5816989267901087,10
4040,100,12,58,6,-1.5819008855655043,6
4041,25,15,2,7,-1.5845186001024019,8
4042,75,11,14,6,-1.594721022285632,5
4043,30,59,87,31,-1.6047073415490758,28
4044,79,20,28,10,-1.6049020016645688,10
4045,86,28,19,14,-1.6087609845926834,14
4046,69,29,30,15,-1.6139022710932374,14
4047,13,32,38,15,-1.6143148990855232,17
4048,18,19,81,10,-1.6163568658399634,9
4049,87,17,44,9,-1.6239279411647838,8
4050,16,76,54,39,-1.63246944764868,37
4051,68,18,6,8,-1.6346986227731553,10
4052,47,13,72,6,-1.638774654515319,7
4053,49,10,102,6,-1.6394569107680623,4
4054,78,16,15,8,-1.6428031530867082,8
4055,66,14,86,7,-1.6453880931803606,7
4056,68,23,36,12,-1.6511686348202665,11
4057,19,12,48,6,-1.655121822541789,6
4058,74,47,37,24,-1.6628163329711265,23
4059,76,25,46,13,-1.663016320573292,12
4060,48,19,106,10,-1.6634533717988316,9
4061,17,16,85,9,-1.6640468368595824,7
4062,60,48,87,24,-1.6692465502528933,24
4063,31,28,45,15,-1.6710870406691087,13
4064,7,45,63,27,-1.6735738766299244,18
4065,64,18,17,10,-1.674226151428344,8
4066,60,37,3,20,-1.6810408129313321,17
4067,106,40,55,22,-1.6835382667235002,18
4068,51,29,47,14,-1.68572259250394,15
4069,50,13,58,6,-1.6904606159972515,7
4070,28,59,88,32,-1.691739512223794,27
4071,5,64,28,33,-1.6933141899778517,31
4072,23,15,36,6,-1.6972875274185715,9
4073,102,16,20,8,-1.6989391239814924,8
4074,13,17,79,8,-1.7034569955860273,9
4075,37,10,48,5,-1.703593750319215,5
4076,7,40,54,21,-1.7088310244062668,19
4077,71,28,62,14,-1.7107847940783525,14
4078,34,20,50,11,-1.7118812894704334,9
4079,86,67,109,35,-1.721442978661476,32
4080,45,15,63,8,-1.7260545689947928,7
4081,107,35,17,18,-1.7269738989467145,17
4082,28,10,77,5,-1.7274479044716362,5
4083,68,13,32,8,-1.7311662598089228,5
4084,75,19,70,9,-1.7314858975507368,10
4085,96,38,106,21,-1.7318320126651903,17
4086,106,19,48,10,-1.7335189393534853,9
4087,8,73,54,41,-1.7343257229328222,32
4088,88,62,114,32,-1.7381598169967112,30
4089,88,37,36,21,-1.7392851936744331,16
4090,6,11,18,6,-1.7414584600944745,5
4091,36,33,60,17,-1.7416473627060742,16
4092,19,58,16,32,-1.742985440894449,26
4093,60,29,11,16,-1.7486537890116292,13
4094,70,26,84,14,-1.7530345342228948,12
4095,61,14,51,9,-1.7556008416768158,5
4096,110,11,88,5,-1.7642228121429868,6
4097,69,21,50,10,-1.7758250016074644,11
4098,90,25,37,13,-1.7816453937181784,12
4099,8,20,29,12,-1.7818268121537415,8
4100,100,13,61,7,-1.7880372053867668,6
4101,48,19,20,11,-1.7888857426975089,8
4102,39,35,114,17,-1.7909993968165123,18
4103,103,10,63,6,-1.799391808148131,4
4104,41,32,18,16,-1.8004819942826362,16
4105,31,34,51,20,-1.8036645224364214,14
4106,86,57,70,31,-1.8046372203949796,26
4107,25,22,36,11,-1.8071440138268584,11
4108,112,32,13,16,-1.8090394068654707,16
4109,111,18,40,9,-1.8104998545748818,9
4110,86,115,107,61,-1.8107861974861128,54
4111,77,66,60,34,-1.8116715104085266,32
4112,99,13,102,7,-1.8212893413036864,6
4113,114,13,44,7,-1.8263733365516708,6
4114,114,15,11,7,-1.8276036019184323,8
4115,13,29,74,15,-1.8278354237299068,14
4116,39,72,86,36,-1.8341898704877513,36
4117,96,38,84,19,-1.835648682700679,19
4118,79,10,100,6,-1.8395053000006605,4
4119,20,30,114,16,-1.839540566254475,14
4120,76,27,30,15,-1.8425803619698329,12
4121,97,22,53,12,-1.8492466822191078,10
4122,112,34,107,17,-1.851120124068946,17
4123,114,21,43,10,-1.8643335671695762,11
4124,5,95,37,49,-1.865428870342572,46
4125,88,13,33,8,-1.8654907442235076,5
4126,61,20,3,13,-1.8795333987269633,7
4127,8,41,2,21,-1.8848654476169693,20
4128,30,16,96,9,-1.8850748786904887,7
4129,49,28,17,13,-1.8850836144226466,15
4130,64,23,25,12,-1.8857238852847689,11
4131,106,35,20,19,-1.890590591428699,16
4132,99,27,55,15,-1.895072402151854,12
4133,28,67,8,36,-1.9053784571291421,31
4134,88,21,12,11,-1.9079727374799846,10
4135,1,38,68,20,-1.9099752765436673,18
4136,17,11,110,6,-1.9155371371930654,5
4137,106,32,97,16,-1.9159665785715099,16
4138,76,11,99,5,-1.9173589523208336,6
4139,64,43,53,23,-1.9214578200473016,20
4140,100,18,98,10,-1.9217645875630167,8
4141,88,56,55,32,-1.9221308051774746,24
4142,70,32,104,17,-1.9224071285610191,15
4143,79,10,9,6,-1.9224211679655938,4
4144,50,40,63,22,-1.9230864117365445,18
4145,18,21,114,11,-1.923577249757447,10
4146,28,89,16,48,-1.9239787295163941,41
4147,54,28,17,14,-1.9259736473512514,14
4148,40,19,70,11,-1.9276789997691202,8
4149,86,18,33,9,-1.928147837977611,9
4150,97,14,23,7,-1.9330528734436563,7
4151,98,10,32,5,-1.9380052263831622,5
4152,7,49,71,24,-1.9387153694352766,25
4153,104,13,110,8,-1.9388474450810558,5
4154,31,14,23,8,-1.9392936999416424,6
4155,55,20,25,11,-1.9429576796619947,9
4156,48,16,7,8,-1.9478692265013033,8
4157,64,34,36,17,-1.9485056781764598,17
4158,35,11,50,6,-1.9581460146246743,5
4159,33,14,39,7,-1.9600955952261445,7
4160,84,42,87,23,-1.9615694257244276,19
4161,112,24,41,13,-1.964220147900722,11
4162,70,49,16,27,-1.9664047334731969,22
4163,16,45,78,24,-1.9681863481881376,21
4164,35,10,54,6,-1.9706076038783524,4
4165,3,46,39,23,-1.973168826489563,23
4166,70,31,88,17,-1.9762934359596291,14
4167,53,28,95,17,-1.9769373995573178,11
4168,29,19,77,11,-1.981161054072831,8
4169,18,20,3,12,-1.9827434721081492,8
4170,25,38,28,22,-1.983389891159918,16
4171,4,15,30,8,-1.9875071363114745,7
4172,4,19,53,10,-1.987694792892672,9
4173,11,23,12,11,-1.987712815559192,12
4174,15,42,57,22,-1.990578601095105,20
4175,88,15,85,8,-1.9929645574579284,7
4176,112,15,104,8,-1.9939359727925703,7
4177,74,26,114,13,-1.997597253168688,13
4178,27,11,66,6,-1.9992664520674241,5
4179,11,56,87,32,-2.000245875012727,24
4180,87,32,75,17,-2.0004298974911783,15
4181,46,26,68,14,-2.0015169846627177,12
4182,49,15,109,8,-2.005068879120546,7
4183,100,39,8,21,-2.0058865806606954,18
4184,97,22,83,10,-2.007636873207568,12
4185,100,10,6,5,-2.007704936202784,5
4186,12,21,88,11,-2.0143660264494705,10
4187,70,29,68,15,-2.015118158104638,14
4188,37,14,69,7,-2.015512849900142,7
4189,60,11,93,7,-2.018629631632218,4
4190,90,37,8,21,-2.01946478207178,16
4191,17,27,114,16,-2.021159075364869,11
4192,60,32,18,17,-2.0244266182620265,15
4193,13,11,32,6,-2.026181507027533,5
4194,9,29,60,17,-2.026686622824744,12
4195,114,14,91,7,-2.031242634143396,7
4196,104,41,8,22,-2.032634893277436,19
4197,17,21,104,11,-2.0345116655508884,10
4198,50,13,83,6,-2.034563553464953,7
4199,88,59,40,32,-2.0357313010299647,27
4200,88,21,93,12,-2.047097578055207,9
4201,104,43,39,23,-2.050102147252709,20
4202,90,45,86,25,-2.0574221764428238,20
4203,68,14,102,7,-2.0609826392691493,7
4204,84,29,109,16,-2.0613350089090186,13
4205,63,10,82,5,-2.0779758612966877,5
4206,65,47,74,24,-2.0847963525870905,23
4207,51,14,44,9,-2.0848742289559725,5
4208,68,43,64,25,-2.0864244028015873,18
4209,11,18,40,9,-2.089442100461012,9
4210,91,12,17,7,-2.0932516032559643,5
4211,8,22,97,11,-2.094799206270941,11
4212,55,34,83,17,-2.0962093979720193,17
4213,79,18,84,9,-2.0988599029371886,9
4214,23,19,112,11,-2.1018527652621195,8
4215,41,50,39,25,-2.10448155220201,25
4216,38,33,86,18,-2.1054154187023446,15
4217,107,32,108,17,-2.10558050439271,15
4218,94,28,68,15,-2.1065110625469554,13
4219,13,38,57,19,-2.1070868819342956,19
4220,25,11,69,6,-2.112059751085246,5
4221,33,12,74,6,-2.113811361821,6
4222,72,17,7,9,-2.1143024060967655,8
4223,70,11,53,6,-2.117480208536356,5
4224,63,24,49,12,-2.1212323385530327,12
4225,9,62,7,31,-2.1219031094822904,31
4226,84,26,37,14,-2.1240499046478805,12
4227,114,32,102,18,-2.1240842876015074,14
4228,55,22,3,12,-2.1265127169489646,10
4229,61,12,2,7,-2.133108515807601,5
4230,30,20,7,9,-2.135688474905444,11
4231,39,39,71,21,-2.140211900940766,18
4232,69,11,55,6,-2.141856565606558,5
4233,19,35,43,19,-2.1526474044832455,16
4234,49,11,89,6,-2.1552213251273216,5
4235,86,14,6,8,-2.158350497876565,6
4236,98,16,55,9,-2.1617935333932956,7
4237,53,13,23,7,-2.1639220781507644,6
4238,109,39,87,22,-2.165231989316594,17
4239,81,30,60,16,-2.1697382345262226,14
4240,68,46,41,24,-2.171804807510052,22
4241,93,16,84,8,-2.173203038685071,8
4242,74,64,8,36,-2.1866220406514896,28
4243,54,10,31,5,-2.1866689261471493,5
4244,47,13,19,7,-2.1915786077930717,6
4245,43,12,72,7,-2.1927570530466096,5
4246,40,33,41,17,-2.193580777269949,16
4247,106,35,68,19,-2.1936858069827965,16
4248,11,60,8,32,-2.1947518664362273,28
4249,40,75,7,42,-2.1957521283064807,33
4250,27,27,75,15,-2.203651126537084,12
4251,96,50,5,28,-2.21142719225076,22
4252,51,12,93,6,-2.216632142916852,6
4253,62,11,72,6,-2.217469660829094,5
4254,69,25,11,14,-2.219760563258797,11
4255,98,14,18,6,-2.2211477971408065,8
4256,99,13,98,6,-2.22125816779338,7
4257,15,10,84,5,-2.223805292340998,5
4258,12,11,112,5,-2.224733688615062,6
4259,39,43,75,21,-2.225217366532354,22
4260,25,16,90,9,-2.226157693683706,7
4261,15,21,23,11,-2.2295883568640167,10
4262,74,27,20,15,-2.230377352624161,12
4263,54,41,11,22,-2.230757582585554,19
4264,87,21,77,11,-2.2320061106464215,10
4265,65,18,46,11,-2.232998478058102,7
4266,20,14,18,8,-2.233452860395892,6
4267,114,26,4,13,-2.2345648368573685,13
4268,68,29,77,15,-2.23546153490707,14
4269,65,102,54,54,-2.239671261645842,48
4270,55,89,8,45,-2.2400324745199134,44
4271,49,21,64,12,-2.2416010602386143,9
4272,13,65,104,35,-2.2428038741485192,30
4273,27,10,70,5,-2.243263258457554,5
4274,51,61,3,30,-2.2447693620745093,31
4275,4,38,88,20,-2.24592170041755,18
4276,83,11,63,7,-2.251852755522098,4
4277,25,30,95,16,-2.25397314365567,14
4278,106,62,87,32,-2.262204101784014,30
4279,88,45,106,26,-2.2639858690375605,19
4280,50,10,94,6,-2.2653355679184144,4
4281,7,12,85,7,-2.267272935114745,5
4282,96,66,28,35,-2.2674069446039327,31
4283,8,84,86,42,-2.2684162276686486,42
4284,31,10,61,5,-2.2696136748473594,5
4285,68,108,7,58,-2.2702884441480373,50
4286,57,42,78,22,-2.27291629046943,20
4287,88,14,79,8,-2.276041062004084,6
4288,69,12,77,6,-2.2797993708458972,6
4289,40,47,9,26,-2.2806450266015688,21
4290,65,19,48,9,-2.2816603054261098,10
4291,109,38,51,23,-2.281756727176486,15
4292,81,10,38,5,-2.2819621266449897,5
4293,16,70,104,38,-2.28381800550583,32
4294,88,26,81,14,-2.2857834835265276,12
4295,4,13,106,6,-2.287883468044352,7
4296,112,38,86,21,-2.2924646864380605,17
4297,5,24,100,13,-2.2932427434044693,11
4298,39,47,15,27,-2.2955897445088542,20
4299,29,28,3,15,-2.2964696243286857,13
4300,81,15,9,8,-2.297406284952818,7
4301,7,20,80,11,-2.2986689861273333,9
4302,32,21,86,11,-2.2989864902239,10
4303,95,26,60,14,-2.3000350580848172,12
4304,37,23,57,12,-2.3105129908375908,11
4305,63,31,71,17,-2.3112629873314643,14
4306,91,32,88,17,-2.315767764685103,15
4307,102,21,104,10,-2.320627297470276,11
4308,29,18,54,10,-2.3209749235438757,8
4309,88,21,77,11,-2.324899205812002,10
4310,42,10,72,6,-2.3285230567907305,4
4311,5,51,109,26,-2.3285813949081646,25
4312,53,28,25,14,-2.3301510854690832,14
4313,17,19,90,9,-2.330539928781356,10
4314,78,41,13,22,-2.339514133808602,19
4315,15,40,19,21,-2.3408156894478664,19
4316,50,13,6,7,-2.341492332331065,6
4317,38,12,114,6,-2.3415263774379937,6
4318,31,36,4,21,-2.3535355966794675,15
4319,33,12,99,7,-2.354570382478156,5
4320,109,14,96,8,-2.3566759619593642,6
4321,97,14,100,8,-2.3583259709010784,6
4322,88,44,64,25,-2.359083003612554,19
4323,5,23,99,12,-2.3616219022642833,11
4324,97,13,49,8,-2.3668261814242064,5
4325,50,24,40,14,-2.3671440474550494,10
4326,63,32,25,16,-2.368826537360261,16
4327,55,31,53,17,-2.372089532662412,14
4328,107,40,71,23,-2.3760609676092477,17
4329,79,11,78,6,-2.376529733586171,5
4330,112,14,8,8,-2.379829723910836,6
4331,29,33,16,17,-2.380578748651451,16
4332,18,35,88,18,-2.3825741558006106,17
4333,56,13,75,8,-2.3840139649043506,5
4334,104,25,96,14,-2.3866419839158355,11
4335,71,21,4,13,-2.3871750117365993,8
4336,95,40,104,22,-2.389034218387607,18
4337,48,13,23,7,-2.3894452247322278,6
4338,8,12,111,6,-2.390343846489093,6
4339,86,60,114,31,-2.391660443497049,29
4340,45,22,16,13,-2.3925466679441407,9
4341,51,37,20,18,-2.3967661114188865,19
4342,109,21,97,11,-2.398141101921527,10
4343,28,38,46,22,-2.3990178798165633,16
4344,98,15,114,8,-2.3992721750256893,7
4345,88,65,60,36,-2.4017826009914702,29
4346,80,26,20,14,-2.4033351571638573,12
4347,69,18,9,10,-2.4050002453980612,8
4348,66,13,106,8,-2.407503356329986,5
4349,104,54,88,30,-2.4081437217002213,24
4350,93,33,8,17,-2.4111455321691304,16
4351,92,11,65,6,-2.411285975254871,5
4352,28,28,60,13,-2.412225021834092,15
4353,94,19,28,11,-2.414960475317553,8
4354,43,29,3,16,-2.41644529730548,13
4355,99,11,109,6,-2.419517402501058,5
4356,33,17,87,9,-2.4230636639179637,8
4357,9,56,88,30,-2.4233671798250107,26
4358,38,17,8,9,-2.4272670792995714,8
4359,12,15,19,7,-2.4297810431287763,8
4360,75,20,91,7,-2.4323694332612673,13
4361,23,54,16,29,-2.4326142049861335,25
4362,51,19,14,12,-2.4338441230915153,7
4363,102,24,109,13,-2.4374588964673864,11
4364,47,15,64,9,-2.441201731533323,6
4365,50,10,32,4,-2.4440541907162716,6
4366,61,15,63,9,-2.4454100802634517,6
4367,3,12,97,7,-2.446105897661353,5
4368,86,17,110,9,-2.4597124602837575,8
4369,25,32,102,17,-2.4608896969250464,15
4370,1,17,17,9,-2.4627610735098764,8
4371,69,17,74,8,-2.466497282082454,9
4372,81,17,4,10,-2.467812477706327,7
4373,72,11,30,6,-2.4724333071348408,5
4374,20,20,17,11,-2.47595507024807,9
4375,77,11,112,7,-2.477085644096597,4
4376,11,37,76,21,-2.481209953490073,16
4377,111,11,18,6,-2.489910872635885,5
4378,11,21,64,13,-2.490493863054093,8
4379,69,17,112,8,-2.4934455672651232,9
4380,107,44,34,25,-2.494421871197337,19
4381,111,37,65,21,-2.4964278491140752,16
4382,109,18,37,10,-2.5010134043415313,8
4383,107,52,50,27,-2.5022496828069007,25
4384,86,50,60,27,-2.514680285061447,23
4385,36,15,12,8,-2.5163199425137495,7
4386,39,35,57,18,-2.5204234652197326,17
4387,102,28,16,15,-2.521941049128146,13
4388,13,115,16,64,-2.5228893283347715,51
4389,11,17,14,10,-2.5264878637219237,7
4390,4,18,39,10,-2.5267698999647226,8
4391,9,33,36,18,-2.527924078037467,15
4392,43,32,51,16,-2.529488938008268,16
4393,30,19,99,11,-2.5303882936847786,8
4394,107,15,44,8,-2.5305445670994087,7
4395,17,29,7,16,-2.5320894413613915,13
4396,95,20,20,11,-2.5325274069422727,9
4397,65,35,97,19,-2.5397394280205696,16
4398,3,33,12,19,-2.5398688762738417,14
4399,20,40,88,20,-2.541950104212904,20
4400,38,22,60,11,-2.5449702313683376,11
4401,36,74,7,40,-2.54935875079736,34
4402,76,14,44,8,-2.550414193143335,6
4403,47,33,16,18,-2.552088838549869,15
4404,1,19,73,11,-2.5534291003907295,8
4405,107,88,65,47,-2.553865684153762,41
4406,11,21,7,12,-2.554018943860652,9
4407,68,66,88,36,-2.5571874870396614,30
4408,43,18,78,10,-2.5626001498536604,8
4409,65,10,21,6,-2.570147671925826,4
4410,51,29,1,15,-2.5741193049184683,14
4411,109,14,78,7,-2.574648131751719,7
4412,47,10,62,6,-2.5775304802735826,4
4413,29,20,41,11,-2.5826644120051867,9
4414,18,33,86,19,-2.5923706641316473,14
4415,109,10,1,5,-2.592960677140225,5
4416,27,44,41,25,-2.596716183086402,19
4417,80,32,65,17,-2.5986356922004106,15
4418,107,67,27,37,-2.600197427060506,30
4419,34,20,100,10,-2.6003627137625096,10
4420,91,23,36,13,-2.600483205457647,10
4421,1,29,40,16,-2.608102727316189,13
4422,64,28,75,15,-2.614396425436705,13
4423,89,10,39,6,-2.6189716831037586,4
4424,28,42,39,22,-2.623339407780362,20
4425,85,10,8,6,-2.6233679922969846,4
4426,8,33,23,18,-2.626483448480395,15
4427,86,36,91,19,-2.627461430980282,17
4428,79,15,3,9,-2.6331342611336157,6
4429,54,13,110,7,-2.6358849029934492,6
4430,11,40,13,22,-2.637307973213511,18
4431,95,14,33,8,-2.6415453896084555,6
4432,5,60,16,35,-2.643518445682432,25
4433,102,32,54,17,-2.645569582100471,15
4434,20,20,19,10,-2.646933293157401,10
4435,51,83,88,41,-2.6527671316453136,42
4436,36,13,57,8,-2.653116090105381,5
4437,88,29,92,16,-2.65412565592523,13
4438,89,13,51,7,-2.656220632059645,6
4439,20,33,11,19,-2.658025854837769,14
4440,91,13,74,7,-2.658254293210725,6
4441,46,26,97,14,-2.665342497244284,12
4442,1,29,41,17,-2.6671220598664935,12
4443,43,30,27,16,-2.6707275997821665,14
4444,7,118,13,63,-2.6708973171944717,55
4445,44,17,25,9,-2.673535476281759,8
4446,12,10,48,6,-2.675775448389388,4
4447,5,25,39,13,-2.6791322172692884,12
4448,65,83,87,45,-2.680279974076959,38
4449,58,14,43,8,-2.6806335210316137,6
4450,37,15,43,7,-2.6829353153059516,8
4451,107,21,93,12,-2.6848247910711387,9
4452,65,28,50,15,-2.6863314341926143,13
4453,30,26,28,13,-2.6864332481864484,13
4454,71,40,65,23,-2.6867803351656674,17
4455,102,20,13,12,-2.6891186576501758,8
4456,88,33,96,17,-2.6907640557858503,16
4457,31,22,87,11,-2.6915087275033085,11
4458,11,26,48,14,-2.6929391751506655,12
4459,30,17,9,10,-2.6960180413408095,7
4460,76,30,70,15,-2.70093044855826,15
4461,79,11,39,7,-2.7039365709334438,4
4462,54,62,87,35,-2.7078927354800775,27
4463,60,39,43,21,-2.71188258861537,18
4464,70,16,49,8,-2.7131214221068403,8
4465,87,24,103,14,-2.7158173600618896,10
4466,4,20,63,11,-2.7170319642618344,9
4467,80,11,95,6,-2.7197438471090796,5
4468,54,19,41,10,-2.720244948724289,9
4469,88,16,44,8,-2.7255415222047015,8
4470,98,22,51,12,-2.729369792679445,10
4471,60,28,19,14,-2.7305066977711108,14
4472,106,50,65,27,-2.735321183024918,23
4473,63,21,47,10,-2.7370968886641953,11
4474,63,12,99,6,-2.7377253409939377,6
4475,104,22,97,11,-2.7396377781056187,11
4476,109,16,100,10,-2.7455001332531204,6
4477,43,14,70,8,-2.753352748891417,6
4478,96,34,97,17,-2.7556888339056815,17
4479,94,17,1,8,-2.7623810098011994,9
4480,77,17,5,9,-2.7658375671945885,8
4481,10,11,5,5,-2.7716738654503192,6
4482,85,17,28,9,-2.7808523631648976,8
4483,84,87,86,44,-2.7811330297923607,43
4484,103,11,77,6,-2.7849069943634928,5
4485,91,31,28,17,-2.78581966806185,14
4486,16,76,60,41,-2.7858947879210136,35
4487,11,36,65,19,-2.785930817574865,17
4488,104,19,43,9,-2.787160724490262,10
4489,102,12,70,5,-2.7906887378625402,7
4490,36,13,100,7,-2.7923934619121096,6
4491,1,26,7,14,-2.793205495238504,12
4492,44,14,68,7,-2.795327721392829,7
4493,8,32,83,16,-2.795775595052066,16
4494,3,23,8,11,-2.8033767802912277,12
4495,112,14,106,7,-2.805082024542768,7
4496,72,11,20,6,-2.8074079366688274,5
4497,41,15,99,8,-2.808167291861728,7
4498,36,32,1,16,-2.8095303452930684,16
4499,39,18,34,9,-2.816812397698095,9
4500,48,14,68,7,-2.820644331468806,7
4501,71,13,18,7,-2.821320109059578,6
4502,62,18,54,10,-2.824080555827827,8
4503,112,21,75,12,-2.824219405034075,9
4504,50,44,2,24,-2.824465738990298,20
4505,81,23,53,13,-2.832269045840244,10
4506,17,28,28,15,-2.8369834071231876,13
4507,39,33,95,18,-2.8414955259540986,15
4508,102,25,8,13,-2.845551076408804,12
4509,44,13,28,6,-2.846139863099275,7
4510,33,13,97,7,-2.8486496222061595,6
4511,96,16,73,9,-2.853430398009382,7
4512,19,43,100,24,-2.860542842478712,19
4513,28,25,69,13,-2.86191295640514,12
4514,88,14,72,8,-2.866088260356642,6
4515,63,23,46,11,-2.867241869896345,12
4516,17,10,88,4,-2.869337502995377,6
4517,1,14,112,9,-2.8723250567679255,5
4518,53,12,57,6,-2.8739584447786406,6
4519,54,25,78,14,-2.8740511913830233,11
4520,30,21,75,11,-2.874328227945735,10
4521,77,14,106,7,-2.8755893681261506,7
4522,27,32,29,19,-2.8799159327708006,13
4523,87,23,83,12,-2.880053494146307,11
4524,65,78,51,43,-2.8823521214796037,35
4525,88,69,87,35,-2.889262156899855,34
4526,89,17,50,10,-2.89533112730357,7
4527,70,10,44,5,-2.8975248911261424,5
4528,51,31,70,16,-2.904546585958991,15
4529,37,19,91,10,-2.9050960547005253,9
4530,51,52,8,28,-2.907356769978413,24
4531,54,36,80,18,-2.9116630961094714,18
4532,28,100,86,56,-2.9116733038896894,44
4533,108,12,25,7,-2.9132670669268257,5
4534,33,10,37,6,-2.9157377490462184,4
4535,106,19,102,9,-2.9207255392565092,10
4536,86,82,74,43,-2.9212877807151494,39
4537,62,14,1,7,-2.9215215839903856,7
4538,88,30,43,17,-2.92618574646361,13
4539,66,12,9,6,-2.9315079085260156,6
4540,28,21,33,10,-2.934003356051787,11
4541,87,20,36,12,-2.9355732508976633,8
4542,49,27,68,15,-2.9363199373932996,12
4543,65,27,83,14,-2.938404758323201,13
4544,9,10,72,5,-2.9405168738711245,5
4545,46,18,71,9,-2.9448527741935417,9
4546,27,51,39,30,-2.9449854360453984,21
4547,87,37,18,21,-2.947620136311878,16
4548,46,23,114,13,-2.9631435316072414,10
4549,57,18,25,10,-2.964934950553877,8
4550,37,21,2,11,-2.96975801126945,10
4551,4,32,36,19,-2.9739066740354194,13
4552,106,36,84,18,-2.9754739608250116,18
4553,30,14,103,7,-2.976866318655369,7
4554,1,13,46,6,-2.9771068452784495,7
4555,3,40,107,20,-2.984243390869899,20
4556,48,15,80,9,-2.9854010336942434,6
4557,18,26,77,16,-2.9857786317703017,10
4558,34,11,114,5,-2.988482941118179,6
4559,16,34,34,19,-2.9893147765582273,15
4560,12,31,86,17,-2.9975154055898097,14
4561,65,27,62,14,-2.999159330673646,13
4562,69,11,4,6,-2.9994841766617175,5
4563,34,14,96,8,-3.001763014782562,6
4564,37,47,20,25,-3.0049852144749636,22
4565,39,43,9,22,-3.012148514540606,21
4566,48,20,30,12,-3.014647330297821,8
4567,88,29,47,15,-3.0208806441241425,14
4568,98,13,39,8,-3.033232316977352,5
4569,65,39,25,23,-3.0368934823131157,16
4570,96,13,38,7,-3.0422152322461713,6
4571,41,16,103,8,-3.051077769785081,8
4572,19,37,78,21,-3.0511264570922707,16
4573,8,17,10,10,-3.0558998323304016,7
4574,86,42,71,22,-3.0606693617391714,20
4575,25,18,71,10,-3.0644100067848146,8
4576,25,30,75,17,-3.069551733540898,13
4577,87,14,45,8,-3.086220297325659,6
4578,33,11,77,6,-3.0866280393594177,5
4579,37,59,107,32,-3.087858660035624,27
4580,96,22,51,12,-3.0911457625040346,10
4581,107,28,85,15,-3.093409619052362,13
4582,27,17,6,9,-3.0947871865212924,8
4583,91,10,64,6,-3.0993479020870796,4
4584,74,16,88,10,-3.1000151762465555,6
4585,68,14,99,8,-3.100103615084465,6
4586,27,13,74,6,-3.1002755903304386,7
4587,60,15,92,9,-3.101629065738581,6
4588,87,38,29,22,-3.101661587985348,16
4589,34,31,17,16,-3.1027643782130485,15
4590,86,21,111,12,-3.1037611827633413,9
4591,30,23,20,12,-3.104651925893034,11
4592,9,48,107,25,-3.1085442155518606,23
4593,79,19,107,10,-3.1100913431447434,9
4594,4,24,50,12,-3.1105592371369597,12
4595,17,25,25,14,-3.1106502600539105,11
4596,48,41,16,22,-3.113708375861776,19
4597,80,11,36,6,-3.1158574211756616,5
4598,11,26,34,15,-3.1224893996672782,11
4599,58,12,19,7,-3.124268878014424,5
4600,2,15,76,9,-3.135016863493125,6
4601,45,12,112,6,-3.1460936650177533,6
4602,23,23,75,11,-3.148733601092015,12
4603,65,28,19,15,-3.1512195160354017,13
4604,64,15,46,8,-3.1520483223972673,7
4605,88,53,27,28,-3.153984002430582,25
4606,7,51,104,28,-3.158219418007504,23
4607,82,21,86,12,-3.1586560919846263,9
4608,74,14,90,9,-3.168061351028922,5
4609,60,25,106,15,-3.171261503808182,10
4610,30,12,74,6,-3.175828716417198,6
4611,69,16,103,8,-3.1785957104061207,8
4612,114,31,54,16,-3.1847921316014234,15
4613,50,54,37,28,-3.1883352760136074,26
4614,108,16,30,9,-3.189212250817133,7
4615,5,61,88,32,-3.1946532218196624,29
4616,39,41,36,23,-3.1998605067578225,18
4617,29,25,51,13,-3.20147334056082,12
4618,86,93,7,53,-3.2025353891099275,40
4619,17,28,106,17,-3.2039846830051117,11
4620,51,51,106,28,-3.2074755817578335,23
4621,87,26,12,15,-3.20799575125261,11
4622,97,12,56,6,-3.2085312435870676,6
4623,31,47,60,23,-3.2094707274879264,24
4624,97,19,50,11,-3.210625734622642,8
4625,74,16,17,9,-3.21177055102783,7
4626,86,48,9,27,-3.2178537695188663,21
4627,28,39,55,23,-3.2184704312839756,16
4628,60,76,13,44,-3.2190331836725954,32
4629,87,122,86,63,-3.2205248546398186,59
4630,7,55,23,30,-3.222928305376168,25
4631,36,49,107,26,-3.234838704648262,23
4632,86,93,63,54,-3.236835270517722,39
4633,34,18,9,10,-3.2368917561941424,8
4634,60,25,99,14,-3.238194459102709,11
4635,15,18,72,9,-3.24029148504924,9
4636,81,12,23,7,-3.2407035870770007,5
4637,96,10,64,6,-3.247034103841878,4
4638,25,47,114,27,-3.2540864225169766,20
4639,74,24,7,15,-3.257493143792889,9
4640,53,56,18,30,-3.2615252410170648,26
4641,54,56,28,31,-3.262278028179984,25
4642,65,57,8,31,-3.2717260560147303,26
4643,13,20,85,12,-3.272077258935019,8
4644,67,13,114,7,-3.274670651234843,6
4645,53,50,39,28,-3.277161726088196,22
4646,68,31,19,18,-3.2786498819088243,13
4647,78,31,68,17,-3.2853723279616904,14
4648,78,16,28,8,-3.2870042494978406,8
4649,60,25,90,15,-3.2889183131065622,10
4650,35,15,55,8,-3.2899027901624813,7
4651,74,20,100,11,-3.292910754624951,9
4652,5,60,104,32,-3.3007473735225057,28
4653,61,13,47,7,-3.3043540506366424,6
4654,64,21,114,12,-3.304666725448282,9
4655,85,12,19,7,-3.3060773006740143,5
4656,96,14,41,9,-3.308894289236027,5
4657,77,21,19,11,-3.31320182242276,10
4658,75,31,60,17,-3.313915862803686,14
4659,84,16,97,10,-3.316428205809935,6
4660,97,14,98,7,-3.3185319117606182,7
4661,74,34,104,20,-3.3198927626210826,14
4662,51,46,28,24,-3.330644392104213,22
4663,50,19,41,11,-3.331657114556132,8
4664,5,13,68,7,-3.3380294056441127,6
4665,98,20,54,11,-3.3414082574983,9
4666,91,15,40,8,-3.345577169162442,7
4667,102,23,11,12,-3.3462843676169043,11
4668,60,61,51,37,-3.3463130273558974,24
4669,20,10,83,5,-3.347889825164404,5
4670,107,15,14,9,-3.3479962116917545,6
4671,106,17,14,10,-3.3600594128266095,7
4672,8,23,14,13,-3.3634201583462153,10
4673,97,25,54,13,-3.364815342765676,12
4674,20,17,40,10,-3.3649339637959637,7
4675,51,29,49,16,-3.3662600839742853,13
4676,57,27,69,16,-3.367166221655228,11
4677,87,32,15,17,-3.370814069097881,15
4678,39,40,64,22,-3.3772164918090795,18
4679,98,15,73,8,-3.3800553651819163,7
4680,55,28,36,15,-3.383336577257353,13
4681,104,10,73,6,-3.391491099464731,4
4682,5,50,55,28,-3.393419962444799,22
4683,28,13,4,7,-3.3940824912486858,6
4684,84,29,55,16,-3.4012305577969593,13
4685,79,20,34,12,-3.408526065897862,8
4686,43,25,11,13,-3.4122915261232536,12
4687,36,11,17,5,-3.417273645156755,6
4688,112,17,54,10,-3.4203709759608767,7
4689,37,12,4,7,-3.4218717037755084,5
4690,69,10,108,4,-3.4269138907252144,6
4691,11,49,55,29,-3.4281320850013386,20
4692,27,35,34,19,-3.429203163509601,16
4693,81,11,78,5,-3.4320246992935264,6
4694,40,58,60,32,-3.4423663485116376,26
4695,90,38,107,20,-3.442650987354403,18
4696,96,10,15,6,-3.443141355329044,4
4697,54,24,15,12,-3.443630034544425,12
4698,55,28,76,17,-3.4438952481653042,11
4699,49,17,50,9,-3.4453653867888487,8
4700,87,37,95,20,-3.4486313771107993,17
4701,20,16,57,9,-3.448692312551491,7
4702,114,14,112,7,-3.4529529803290626,7
4703,23,21,37,11,-3.4530437057487418,10
4704,5,23,33,12,-3.454327509177194,11
4705,54,53,46,29,-3.462224315333584,24
4706,107,76,88,43,-3.4647697731145515,33
4707,48,12,69,6,-3.4680662481377893,6
4708,5,60,74,32,-3.4699961467083447,28
4709,11,44,51,25,-3.472776128070486,19
4710,98,10,112,6,-3.474493961605603,4
4711,54,57,96,29,-3.47661338595835,28
4712,18,16,55,8,-3.481046717374471,8
4713,114,41,60,19,-3.4828028477548303,22
4714,70,20,25,11,-3.484518115943737,9
4715,45,16,41,10,-3.4850666688674528,6
4716,51,30,36,16,-3.4874600225025065,14
4717,36,13,62,7,-3.489528327052378,6
4718,109,26,20,16,-3.492917739743867,10
4719,68,39,30,21,-3.4930427027418873,18
4720,55,19,48,11,-3.494162257250903,8
4721,114,36,97,20,-3.494809729950691,16
4722,51,39,114,20,-3.4973322349486486,19
4723,47,12,58,7,-3.4979705643460655,5
4724,9,26,50,15,-3.4989626487903873,11
4725,108,13,37,7,-3.5019197237718496,6
4726,109,27,25,15,-3.504136926234725,12
4727,107,90,13,49,-3.504344737880479,41
4728,23,16,74,9,-3.5053157619270587,7
4729,46,12,19,7,-3.505736847161332,5
4730,3,21,23,12,-3.5128096943873843,9
4731,100,14,53,8,-3.519519789056673,6
4732,103,13,76,8,-3.521454752878398,5
4733,25,17,93,9,-3.530039788975629,8
4734,7,15,44,8,-3.535266020755452,7
4735,68,26,47,15,-3.538637049708469,11
4736,36,65,40,37,-3.5400829247343655,28
4737,27,29,47,16,-3.5439664319349258,13
4738,19,31,13,18,-3.544087166327379,13
4739,49,17,114,8,-3.5487282111911385,9
4740,74,25,75,15,-3.5502981320595746,10
4741,65,49,53,26,-3.552341058928982,23
4742,30,15,114,8,-3.554559185886989,7
4743,36,19,28,10,-3.554999615354126,9
4744,64,41,107,22,-3.561300386963444,19
4745,108,13,79,8,-3.562523700236057,5
4746,7,28,6,13,-3.5631855242339143,15
4747,57,33,27,17,-3.567304350446322,16
4748,43,19,25,12,-3.5730773529480744,7
4749,87,22,14,13,-3.5746572289058,9
4750,30,20,15,11,-3.577386070586795,9
4751,19,30,11,18,-3.5810282563758857,12
4752,95,10,97,6,-3.58943247133478,4
4753,30,12,17,6,-3.5949084621895326,6
4754,16,57,75,31,-3.5952902080350193,26
4755,18,19,91,11,-3.6010074197876603,8
4756,39,17,69,9,-3.6024816939136084,8
4757,88,36,1,19,-3.612486249864136,17
4758,28,26,80,14,-3.6230809501897747,12
4759,51,21,103,12,-3.6244073517277062,9
4760,18,19,43,9,-3.6267699505365183,10
4761,11,15,33,7,-3.6324699886469727,8
4762,28,52,20,29,-3.638022846799735,23
4763,107,57,41,34,-3.639009088239298,23
4764,19,10,104,6,-3.642386124584971,4
4765,70,10,14,5,-3.6470421341148493,5
4766,66,16,63,9,-3.650382654951078,7
4767,80,34,16,20,-3.650847383014163,14
4768,18,11,17,5,-3.6519056838531805,6
4769,20,11,62,6,-3.653244367006128,5
4770,9,15,109,7,-3.6538651478462696,8
4771,77,20,55,11,-3.6546881978963213,9
4772,32,21,107,11,-3.6546977761524695,10
4773,71,10,90,5,-3.656103603020123,5
4774,15,27,49,14,-3.659149591383062,13
4775,31,24,39,14,-3.6610558433956144,10
4776,46,65,13,38,-3.6628360066144348,27
4777,69,35,87,21,-3.6755337261952814,14
4778,61,14,86,8,-3.691831205405496,6
4779,28,19,23,10,-3.6970356039584393,9
4780,3,16,58,10,-3.702835253111891,6
4781,35,10,112,5,-3.704644012481237,5
4782,14,16,65,8,-3.707339765184437,8
4783,46,48,51,27,-3.7101860641282087,21
4784,64,21,1,11,-3.714096825641642,10
4785,5,21,15,13,-3.7147342263498238,8
4786,11,14,85,8,-3.719074703847315,6
4787,77,19,12,10,-3.719515550896186,9
4788,104,15,89,8,-3.71970917274833,7
4789,54,64,20,33,-3.7237387131550492,31
4790,60,14,89,7,-3.723763452657912,7
4791,57,22,19,12,-3.7238854840272495,10
4792,12,14,54,7,-3.727845074231436,7
4793,107,34,29,22,-3.7321236169755405,12
4794,25,65,86,35,-3.735239092039536,30
4795,4,13,1,8,-3.7360390878519714,5
4796,7,31,15,15,-3.741081293807926,16
4797,40,42,53,23,-3.7429391558119995,19
4798,109,28,76,17,-3.743667571855247,11
4799,76,21,41,10,-3.750106309053706,11
4800,17,14,102,8,-3.765627490194503,6
4801,51,134,16,73,-3.770534397041784,61
4802,49,32,76,18,-3.771534220140117,14
4803,19,39,39,24,-3.7723271053894094,15
4804,15,11,48,6,-3.772338500797656,5
4805,92,13,104,6,-3.7768187223532292,7
4806,93,10,7,5,-3.7802315490169662,5
4807,109,43,16,25,-3.786928751470041,18
4808,103,15,65,9,-3.7910147297492114,6
4809,3,27,11,16,-3.7934397307353986,11
4810,39,11,6,6,-3.7966207547038056,5
4811,86,136,16,78,-3.8008141345777244,58
4812,30,11,47,5,-3.805010691364058,6
4813,102,16,62,9,-3.80648773210449,7
4814,5,16,110,9,-3.8138584796050923,7
4815,91,28,5,17,-3.814625093066516,11
4816,79,31,16,18,-3.819316250104339,13
4817,46,23,57,13,-3.8194502266473846,10
4818,60,19,62,10,-3.822113325977996,9
4819,3,11,4,6,-3.825046392091852,5
4820,39,31,17,18,-3.8276026993227674,13
4821,13,26,91,14,-3.8317482607331113,12
4822,55,44,7,26,-3.8332053851439998,18
4823,46,13,38,8,-3.8338597693432233,5
4824,7,26,20,14,-3.839940256500115,12
4825,109,21,65,10,-3.8409983091529707,11
4826,31,23,18,12,-3.8430258307678655,11
4827,47,12,109,7,-3.8566604611588287,5
4828,62,33,86,18,-3.857981546675883,15
4829,104,29,30,15,-3.861841224882902,14
4830,63,41,74,22,-3.8635092916190312,19
4831,104,33,41,17,-3.881745214521683,16
4832,29,19,76,9,-3.891834089248112,10
4833,54,25,1,14,-3.8929886538978167,11
4834,57,23,28,13,-3.8971175709019774,10
4835,63,30,55,16,-3.900377194965694,14
4836,91,15,102,8,-3.901213400624812,7
4837,37,26,102,15,-3.901578428361024,11
4838,90,11,64,6,-3.902108781861291,5
4839,52,14,30,8,-3.910728614777823,6
4840,3,32,15,18,-3.92106671332567,14
4841,70,38,37,22,-3.9227382855891673,16
4842,54,20,94,11,-3.922994883894534,9
4843,2,28,5,16,-3.923277825320168,12
4844,20,15,85,8,-3.925425491644285,7
4845,16,35,97,19,-3.9340820840887147,16
4846,15,30,60,16,-3.934539265699295,14
4847,97,10,80,6,-3.9365866928471034,4
4848,98,15,102,8,-3.939114797619031,7
4849,40,11,6,6,-3.9442678680230827,5
4850,43,19,35,10,-3.946831407739413,9
4851,65,61,28,35,-3.946950789839021,26
4852,49,26,78,14,-3.9527522510286137,12
4853,93,24,74,13,-3.960101768879081,11
4854,96,15,78,9,-3.9616133541960434,6
4855,19,36,49,20,-3.9635770729884743,16
4856,15,37,100,21,-3.968832459588713,16
4857,14,12,96,7,-3.975747798085754,5
4858,97,18,60,9,-3.9792005525226375,9
4859,69,29,41,18,-3.9797729258891983,11
4860,6,18,88,10,-3.9856102257236907,8
4861,3,12,106,7,-3.9869286680549827,5
4862,68,13,89,7,-3.9920034832972595,6
4863,100,18,9,11,-3.995326860016922,7
4864,112,16,31,10,-4.001730552260451,6
4865,54,40,13,23,-4.002518666516474,17
4866,68,69,16,41,-4.006196981457339,28
4867,71,33,30,18,-4.006253796204616,15
4868,31,12,66,7,-4.0087548725586535,5
4869,110,20,8,12,-4.013172679497405,8
4870,35,21,16,13,-4.016361918873652,8
4871,96,21,39,13,-4.016816457185763,8
4872,65,35,43,18,-4.024058672562781,17
4873,13,60,100,33,-4.025269708163584,27
4874,47,31,7,18,-4.025431088719288,13
4875,47,13,71,7,-4.030916530509354,6
4876,10,10,104,5,-4.031221485043642,5
4877,114,41,63,26,-4.037972989054352,15
4878,43,10,1,5,-4.03897671575872,5
4879,51,25,71,14,-4.0432752193478,11
4880,69,12,84,7,-4.046782427990888,5
4881,40,10,32,5,-4.050021677419869,5
4882,20,10,14,6,-4.051966837258037,4
4883,11,20,79,12,-4.052675901080834,8
4884,39,11,56,5,-4.06142915092174,6
4885,95,10,43,6,-4.0633983206079485,4
4886,38,12,20,8,-4.067291998076463,4
4887,31,68,7,38,-4.069172309295859,30
4888,8,38,60,20,-4.0695105804007685,18
4889,5,117,86,66,-4.074944655375777,51
4890,20,46,87,25,-4.0812172079394005,21
4891,98,17,78,9,-4.084899624702041,8
4892,19,11,36,6,-4.0885902184216905,5
4893,51,51,17,27,-4.088673144397257,24
4894,39,17,80,9,-4.091599339844536,8
4895,43,25,69,14,-4.093607533799894,11
4896,54,33,104,18,-4.094488077381487,15
4897,35,24,20,14,-4.098728722002913,10
4898,62,15,30,8,-4.099340749559773,7
4899,88,50,11,29,-4.099807958399285,21
4900,93,20,83,11,-4.100880722204593,9
4901,63,30,97,17,-4.107378727934806,13
4902,51,100,13,54,-4.111497448243518,46
4903,3,30,88,17,-4.111985456729516,13
4904,108,28,16,17,-4.112388701031792,11
4905,107,35,15,22,-4.114504008486899,13
4906,2,12,7,7,-4.115660194227726,5
4907,54,38,55,20,-4.117783078696892,18
4908,62,44,16,27,-4.118561981785128,17
4909,65,22,45,11,-4.125923170388699,11
4910,94,16,112,10,-4.1306598471384035,6
4911,106,51,107,28,-4.131711792879518,23
4912,27,51,7,28,-4.136091254496651,23
4913,20,11,71,7,-4.136430557393971,4
4914,20,17,15,10,-4.140150315603612,7
4915,71,47,53,27,-4.141303557057988,20
4916,65,49,23,26,-4.142109485382541,23
4917,95,12,100,6,-4.142851413596655,6
4918,73,13,20,8,-4.146065391689571,5
4919,76,18,84,10,-4.146116027740745,8
4920,68,14,43,8,-4.147550463856526,6
4921,17,12,99,7,-4.14837583337694,5
4922,84,60,28,34,-4.150279635735799,26
4923,19,46,30,26,-4.151554483610669,20
4924,84,24,27,13,-4.1560592219163555,11
4925,5,40,83,21,-4.1637099044245005,19
4926,96,24,60,16,-4.164982345638211,8
4927,23,53,107,29,-4.172486813229873,24
4928,58,11,30,7,-4.175585583157349,4
4929,7,33,43,20,-4.178253566474207,13
4930,16,15,89,8,-4.180346950354626,7
4931,25,27,23,15,-4.182190113226027,12
4932,1,36,13,22,-4.187998461115464,14
4933,40,70,13,39,-4.189895916000412,31
4934,49,34,87,18,-4.192296058776266,16
4935,103,12,112,7,-4.192929666832579,5
4936,74,18,108,11,-4.201041319943182,7
4937,40,11,15,6,-4.201647176656486,5
4938,79,18,63,11,-4.2028913266701835,7
4939,4,22,55,12,-4.203282539310471,10
4940,36,56,65,32,-4.205692860728475,24
4941,102,24,100,15,-4.2083430152928,9
4942,87,28,90,16,-4.209781806456323,12
4943,63,20,17,11,-4.21709530073227,9
4944,18,19,4,11,-4.220670692754493,8
4945,44,11,71,6,-4.223524348839462,5
4946,38,21,9,12,-4.224156596688182,9
4947,109,12,71,7,-4.235965151087514,5
4948,55,23,100,12,-4.241351231766236,11
4949,71,44,16,26,-4.241804878716307,18
4950,34,14,106,7,-4.243674039664674,7
4951,19,22,62,14,-4.244721565594646,8
4952,72,10,6,5,-4.248570153213719,5
4953,18,11,94,6,-4.250781715158487,5
4954,109,18,43,11,-4.257138547767673,7
4955,107,30,91,18,-4.264126621091654,12
4956,55,15,29,9,-4.266015075713762,6
4957,19,37,54,22,-4.273230986533749,15
4958,15,20,114,11,-4.2831762689104504,9
4959,98,11,85,7,-4.293458254788543,4
4960,35,12,13,7,-4.295164540193832,5
4961,68,30,69,17,-4.297953280916607,13
4962,54,28,25,16,-4.300413553073274,12
4963,84,18,75,10,-4.30081159040195,8
4964,53,27,106,14,-4.302319600135899,13
4965,78,29,100,17,-4.3065041234398125,12
4966,52,10,50,5,-4.308197298973348,5
4967,8,10,31,6,-4.309099443279481,4
4968,90,13,76,8,-4.309550016746243,5
4969,66,11,51,6,-4.311917297275017,5
4970,72,24,86,14,-4.313346082418059,10
4971,17,23,97,13,-4.313428551304956,10
4972,98,27,104,13,-4.313899934387767,14
4973,71,14,70,7,-4.315612188206777,7
4974,40,22,4,12,-4.316643149060896,10
4975,41,21,47,11,-4.32003722756243,10
4976,51,37,57,21,-4.3302921484367625,16
4977,41,19,95,11,-4.332143979792176,8
4978,22,12,60,7,-4.334241842742782,5
4979,12,19,16,11,-4.336425549327283,8
4980,48,20,34,11,-4.343261719849951,9
4981,65,29,70,18,-4.3439841796636145,11
4982,6,16,65,9,-4.346168811124812,7
4983,41,85,65,51,-4.349905991599895,34
4984,48,30,28,17,-4.353346769104993,13
4985,39,24,76,15,-4.35477451293687,9
4986,83,11,19,6,-4.359398192701051,5
4987,71,31,64,19,-4.35947313780117,12
4988,23,20,95,11,-4.361896262769259,9
4989,9,15,74,9,-4.36741522698094,6
4990,23,23,40,13,-4.36842332680331,10
4991,58,13,55,7,-4.369004483506263,6
4992,9,24,55,14,-4.371040618945101,10
4993,51,63,54,35,-4.373143801169512,28
4994,8,24,49,14,-4.374514809997582,10
4995,25,33,87,18,-4.379098196808543,15
4996,54,10,99,6,-4.3797228746123675,4
4997,77,17,109,9,-4.388954278604654,8
4998,64,12,12,7,-4.3938981464127,5
4999,2,22,16,13,-4.395353237879596,9
5000,11,18,62,10,-4.400361109158304,8
5001,108,14,71,8,-4.402422140240547,6
5002,76,16,34,8,-4.406030161353481,8
5003,13,46,114,23,-4.412752578147675,23
5004,64,24,50,13,-4.415510499418938,11
5005,53,64,7,36,-4.416213736910661,28
5006,87,29,71,16,-4.418670539958073,13
5007,13,30,99,17,-4.420966828834257,13
5008,20,14,23,8,-4.42777867543601,6
5009,27,17,108,10,-4.43028987016657,7
5010,109,15,95,9,-4.444131433700797,6
5011,16,44,95,24,-4.453378575583385,20
5012,73,12,50,8,-4.454782630059153,4
5013,97,11,77,7,-4.454901155383999,4
5014,102,14,3,8,-4.459245823871048,6
5015,60,43,30,27,-4.465540888570279,16
5016,32,18,37,10,-4.466542082918519,8
5017,57,10,91,5,-4.468260927215542,5
5018,25,31,96,17,-4.472832877552798,14
5019,109,15,40,9,-4.473863564525377,6
5020,107,33,95,18,-4.475609109265347,15
5021,8,12,56,7,-4.475636615156397,5
5022,7,30,100,17,-4.479542671667202,13
5023,64,46,7,25,-4.4812400569888355,21
5024,33,13,64,8,-4.484055738358922,5
5025,40,50,65,28,-4.488092661947341,22
5026,37,15,93,9,-4.4934456656390305,6
5027,39,21,58,12,-4.494576390875354,9
5028,79,16,8,8,-4.494949825171059,8
5029,69,12,76,8,-4.499300236532236,4
5030,43,23,41,13,-4.501627913311958,10
5031,87,41,23,24,-4.512300706037801,17
5032,93,16,20,8,-4.515352163146577,8
5033,55,43,37,23,-4.516821858156877,20
5034,50,23,74,13,-4.520207268757788,10
5035,60,17,61,9,-4.5273940858246595,8
5036,43,14,29,8,-4.527570070329543,6
5037,48,19,13,11,-4.529838045170984,8
5038,67,12,88,8,-4.530239274992248,4
5039,28,71,50,41,-4.530365152854882,30
5040,75,23,106,12,-4.532198108241345,11
5041,29,14,9,8,-4.534452930887615,6
5042,94,11,103,6,-4.541587827748174,5
5043,15,18,99,11,-4.551461310618722,7
5044,46,15,83,8,-4.551826612706302,7
5045,23,15,70,8,-4.554568026577778,7
5046,5,18,43,10,-4.5592775438308895,8
5047,104,16,99,8,-4.562749239239297,8
5048,95,14,99,8,-4.572737764013027,6
5049,60,56,39,31,-4.573736342935888,25
5050,58,23,7,12,-4.575034525669345,11
5051,65,16,99,9,-4.579704538683142,7
5052,71,25,28,15,-4.584215619303487,10
5053,96,32,50,18,-4.592653394244437,14
5054,65,19,94,10,-4.593379853346694,9
5055,102,14,19,9,-4.600303598104888,5
5056,95,13,77,7,-4.601493224452909,6
5057,18,15,38,8,-4.607415756411176,7
5058,86,72,37,40,-4.607837359690986,32
5059,48,17,60,10,-4.610503350738815,7
5060,68,20,85,13,-4.615895850726343,7
5061,40,10,72,6,-4.6161082317709115,4
5062,58,20,60,11,-4.62148171402165,9
5063,92,15,51,8,-4.63031933752528,7
5064,89,13,65,7,-4.632113459581728,6
5065,110,15,106,8,-4.633960085739299,7
5066,25,22,60,12,-4.636282806493915,10
5067,109,19,73,11,-4.637139105733963,8
5068,69,11,80,6,-4.638884395252677,5
5069,25,13,48,7,-4.641698897655362,6
5070,13,14,73,8,-4.6427133386229835,6
5071,50,53,87,29,-4.6442046515061275,24
5072,96,39,63,24,-4.649023449526139,15
5073,1,16,15,10,-4.6493508409190305,6
5074,79,13,27,7,-4.65158326253367,6
5075,54,62,63,36,-4.6520172622159,26
5076,47,15,25,8,-4.655390231832644,7
5077,94,25,30,14,-4.661470203954234,11
5078,38,19,109,12,-4.668016203688245,7
5079,84,50,51,29,-4.68222685849612,21
5080,5,16,71,9,-4.686451238703376,7
5081,46,60,86,37,-4.689511214815467,23
5082,84,36,16,21,-4.697024903080797,15
5083,84,12,62,7,-4.699556310812963,5
5084,46,23,20,15,-4.708713070266484,8
5085,18,37,28,20,-4.710953949587104,17
5086,12,14,74,8,-4.7158981291394015,6
5087,61,15,107,8,-4.722903053660275,7
5088,8,13,19,8,-4.728766252515099,5
5089,75,14,15,9,-4.7291616067808215,5
5090,46,11,6,6,-4.730994669309113,5
5091,77,16,25,9,-4.745845616411638,7
5092,5,30,90,18,-4.752640516818982,12
5093,109,40,88,24,-4.752683686865941,16
5094,50,23,7,13,-4.754905099968965,10
5095,50,16,93,10,-4.755526241513055,6
5096,107,121,16,74,-4.7579191821602915,47
5097,107,72,100,38,-4.762001775036689,34
5098,79,12,55,7,-4.763372141256467,5
5099,60,23,76,15,-4.763967746356448,8
5100,94,16,55,9,-4.767452995148862,7
5101,31,15,12,8,-4.770632464521183,7
5102,70,13,90,7,-4.771084444295363,6
5103,37,10,9,6,-4.7723167368365935,4
5104,23,14,33,8,-4.772846471482118,6
5105,5,12,9,7,-4.777710715122403,5
5106,104,57,86,32,-4.778923035703436,25
5107,81,25,15,14,-4.783657780343267,11
5108,5,33,76,19,-4.788314400539968,14
5109,76,24,97,13,-4.7891970450006545,11
5110,17,44,16,28,-4.792262993794134,16
5111,1,17,9,8,-4.79405950293998,9
5112,20,13,52,8,-4.795236183864801,5
5113,25,11,111,6,-4.797175922879397,5
5114,46,23,7,15,-4.797661017581172,8
5115,96,22,75,15,-4.80138149231193,7
5116,56,11,16,7,-4.802141402722699,4
5117,12,16,1,9,-4.804302234326598,7
5118,88,44,75,26,-4.804702938088101,18
5119,106,25,2,14,-4.808494527305082,11
5120,106,12,6,7,-4.810944704219048,5
5121,85,11,74,6,-4.812388004493803,5
5122,54,15,14,10,-4.820525855929131,5
5123,25,19,31,10,-4.823839301099763,9
5124,9,47,65,28,-4.82612869570304,19
5125,90,13,41,7,-4.828201040811693,6
5126,67,15,8,9,-4.8319098461555825,6
5127,65,21,18,11,-4.833176383328017,10
5128,49,56,16,33,-4.834838818558967,23
5129,64,20,83,11,-4.840996077098241,9
5130,83,17,39,10,-4.845386042652696,7
5131,77,33,86,19,-4.850093446016942,14
5132,32,12,97,7,-4.851459349576838,5
5133,112,31,100,17,-4.858414274039212,14
5134,107,12,52,8,-4.8612628499818085,4
5135,89,10,5,7,-4.862465640901751,3
5136,106,54,37,29,-4.865641247327304,25
5137,1,11,29,7,-4.8669345755887905,4
5138,57,26,88,14,-4.87081224887015,12
5139,84,17,100,11,-4.876415167032029,6
5140,88,44,23,27,-4.876485476342165,17
5141,95,11,69,7,-4.882909765417962,4
5142,101,10,39,6,-4.8897412781033625,4
5143,51,47,75,26,-4.890410363576285,21
5144,77,16,23,9,-4.892331871891682,7
5145,54,14,38,8,-4.897121063973307,6
5146,11,32,15,19,-4.9040772238924895,13
5147,55,78,13,45,-4.906868608686052,33
5148,28,12,38,6,-4.907164394244693,6
5149,38,37,107,22,-4.90842815232726,15
5150,77,38,13,22,-4.916454321567023,16
5151,12,34,100,19,-4.919682270592969,15
5152,87,35,76,21,-4.9222225313957875,14
5153,86,41,43,24,-4.92338257505701,17
5154,11,20,72,11,-4.923870308975731,9
5155,106,56,74,32,-4.924754963776778,24
5156,36,40,86,23,-4.927433251240003,17
5157,9,22,114,15,-4.931319071415344,7
5158,69,23,100,13,-4.932564056039485,10
5159,71,11,49,6,-4.9409457894604065,5
5160,28,27,93,17,-4.941127481170006,10
5161,81,23,39,14,-4.943832581007466,9
5162,106,29,80,17,-4.946009667025365,12
5163,18,14,76,8,-4.948055179076069,6
5164,68,19,56,10,-4.94813216675333,9
5165,100,12,20,7,-4.948684351907288,5
5166,41,33,64,20,-4.951397157092104,13
5167,60,31,78,17,-4.962540163380289,14
5168,64,10,85,6,-4.962701184974939,4
5169,107,44,76,28,-4.963511886446056,16
5170,90,23,96,14,-4.963939687748077,9
5171,107,49,40,30,-4.964616090179718,19
5172,114,21,27,12,-4.967571693509977,9
5173,23,11,98,6,-4.9699651611390046,5
5174,44,10,80,5,-4.973541413806909,5
5175,107,109,87,63,-4.975819901828633,46
5176,77,24,30,14,-4.985977046098046,10
5177,65,36,64,20,-4.987841540773512,16
5178,55,34,80,18,-4.987967529735274,16
5179,94,19,63,11,-4.988953899876624,8
5180,31,23,50,13,-4.991999785997781,10
5181,71,15,74,8,-4.993812181109021,7
5182,50,50,16,29,-4.998659270607032,21
5183,106,41,7,21,-5.003800212982272,20
5184,5,26,93,16,-5.004460526821323,10
5185,83,13,102,8,-5.00532757458448,5
5186,41,12,74,6,-5.00781552916323,6
5187,3,27,41,18,-5.0080500461002275,9
5188,17,17,72,10,-5.008619057376982,7
5189,43,39,107,23,-5.010968143772531,16
5190,112,22,87,12,-5.011651976630038,10
5191,88,100,7,57,-5.012449658177524,43
5192,64,49,13,26,-5.0266998971793155,23
5193,87,36,94,20,-5.028702412089721,16
5194,41,24,20,13,-5.0314400771852865,11
5195,52,12,65,8,-5.036995856643753,4
5196,86,53,27,31,-5.039375523056416,22
5197,38,31,39,18,-5.039769505176328,13
5198,104,61,37,36,-5.041376355525097,25
5199,85,15,63,8,-5.044437930195333,7
5200,51,48,104,30,-5.045842035260691,18
5201,75,20,95,12,-5.050260152484932,8
5202,100,28,28,17,-5.05340960327885,11
5203,10,16,7,9,-5.060407065651959,7
5204,61,10,41,6,-5.060781095904467,4
5205,43,45,16,27,-5.069196531127909,18
5206,33,13,90,8,-5.072843762888294,5
5207,28,16,47,9,-5.079195021327367,7
5208,64,23,3,13,-5.079848362911409,10
5209,20,10,32,7,-5.08216341529211,3
5210,87,70,8,40,-5.084902312273524,30
5211,65,23,90,12,-5.084911236528136,11
5212,104,25,53,14,-5.094260383198605,11
5213,103,19,13,12,-5.101332010728284,7
5214,68,35,54,21,-5.101670061333945,14
5215,108,13,28,7,-5.102919930198643,6
5216,70,23,55,13,-5.1032220329288345,10
5217,47,30,107,17,-5.104713660133338,13
5218,54,30,9,17,-5.1065751437855,13
5219,1,10,30,6,-5.107240382060612,4
5220,4,18,75,11,-5.1124286444655915,7
5221,58,30,40,16,-5.133397385337809,14
5222,3,21,36,13,-5.136055944816986,8
5223,8,17,72,9,-5.13781996064983,8
5224,3,54,27,30,-5.141074049941984,24
5225,9,20,49,11,-5.141308839362197,9
5226,97,13,11,7,-5.149154391162877,6
5227,9,24,106,14,-5.150083731218861,10
5228,28,16,35,8,-5.1531236605423,8
5229,58,11,12,7,-5.156947077751297,4
5230,5,12,67,7,-5.159840528973067,5
5231,93,13,98,7,-5.16002306712359,6
5232,56,11,91,6,-5.160182814393273,5
5233,96,20,114,12,-5.164351476040406,8
5234,96,29,65,16,-5.165027076154162,13
5235,80,10,27,6,-5.166088753800779,4
5236,29,18,49,10,-5.174835217534595,8
5237,78,16,41,10,-5.177820611113413,6
5238,97,17,75,10,-5.183439015487436,7
5239,43,14,23,8,-5.189120753246301,6
5240,71,10,6,6,-5.19369227829273,4
5241,113,13,40,8,-5.193726392686624,5
5242,80,18,104,10,-5.194103195079233,8
5243,39,25,46,12,-5.196853389468722,13
5244,8,26,64,16,-5.197739409340508,10
5245,53,36,16,22,-5.201094174764714,14
5246,7,106,16,60,-5.201721932894633,46
5247,43,21,63,12,-5.2076884486347055,9
5248,109,22,50,13,-5.207842202449344,9
5249,91,12,33,6,-5.213867650447791,6
5250,8,14,69,8,-5.216534828858884,6
5251,76,18,20,9,-5.218902337593748,9
5252,37,22,40,12,-5.218981261850287,10
5253,27,23,76,14,-5.219691338614381,9
5254,77,24,3,13,-5.221969486388194,11
5255,106,54,54,29,-5.222938310920249,25
5256,39,23,92,12,-5.223931097826438,11
5257,27,45,100,25,-5.225929681829357,20
5258,5,11,35,6,-5.226534281744142,5
5259,3,24,104,14,-5.226681542928666,10
5260,88,32,100,19,-5.230559691269659,13
5261,23,12,9,7,-5.231512665759891,5
5262,77,11,102,6,-5.2331199808141164,5
5263,25,21,91,12,-5.23677892954369,9
5264,16,14,52,8,-5.238731564661997,6
5265,40,15,98,8,-5.239271076053038,7
5266,40,26,25,15,-5.242222631716463,11
5267,94,15,114,8,-5.246364560187277,7
5268,51,21,102,12,-5.246852253062097,9
5269,65,14,85,8,-5.254482148208554,6
5270,31,11,35,6,-5.255104723881262,5
5271,1,11,34,8,-5.259854618241473,3
5272,77,18,78,10,-5.262082538691967,8
5273,75,55,86,30,-5.26427494208678,25
5274,92,11,28,7,-5.266199037582341,4
5275,62,23,13,13,-5.279557581763118,10
5276,86,82,11,47,-5.279987079766375,35
5277,88,11,56,6,-5.280224334897691,5
5278,109,13,62,6,-5.284405260681885,7
5279,28,19,14,12,-5.2887953454841945,7
5280,86,21,99,13,-5.291638236148403,8
5281,94,14,3,8,-5.292066621883356,6
5282,42,10,87,6,-5.296399197387675,4
5283,11,17,77,10,-5.296719838615225,7
5284,11,28,30,16,-5.300890666717556,12
5285,98,16,27,9,-5.307731237447107,7
5286,102,14,97,9,-5.335160623731844,5
5287,62,19,7,11,-5.339510147514966,8
5288,103,14,15,8,-5.340852738797559,6
5289,12,10,47,6,-5.346203816219379,4
5290,63,47,37,28,-5.351566239537104,19
5291,60,46,55,26,-5.354179807158422,20
5292,65,15,81,9,-5.355649781765625,6
5293,97,35,7,19,-5.356987360153851,16
5294,50,24,90,14,-5.361711287754656,10
5295,65,109,16,63,-5.37373641063977,46
5296,86,40,64,23,-5.391204217901306,17
5297,90,31,54,18,-5.397442007333916,13
5298,3,30,49,17,-5.401791564500848,13
5299,58,11,4,7,-5.405037105567146,4
5300,19,21,64,14,-5.407502005048123,7
5301,87,55,100,30,-5.414312511098982,25
5302,76,27,98,16,-5.421334528995662,11
5303,25,38,104,21,-5.42238345531963,17
5304,63,33,104,19,-5.4225005902868935,14
5305,69,13,42,7,-5.432900919803644,6
5306,68,29,71,18,-5.435653336862234,11
5307,41,41,87,24,-5.437630720258515,17
5308,84,25,85,16,-5.43974367052044,9
5309,63,31,100,17,-5.452576532321479,14
5310,71,43,75,27,-5.454468163058883,16
5311,3,33,65,20,-5.4556526835599515,13
5312,76,14,71,7,-5.456476326439049,7
5313,51,31,5,20,-5.465657211287607,11
5314,34,23,78,13,-5.465824513333961,10
5315,74,13,31,8,-5.468299370651384,5
5316,25,22,100,12,-5.476003695191371,10
5317,77,25,39,14,-5.495514516614706,11
5318,102,10,67,6,-5.497246561771841,4
5319,3,25,62,15,-5.499799252341511,10
5320,38,27,16,18,-5.501435833243271,9
5321,102,26,76,16,-5.502301667327311,10
5322,64,15,44,9,-5.503275136525506,6
5323,88,63,65,39,-5.5046516766744285,24
5324,40,13,2,8,-5.504797437287729,5
5325,109,13,32,7,-5.508051897308618,6
5326,81,10,80,5,-5.509744831821596,5
5327,83,19,95,12,-5.510188596504647,7
5328,37,59,87,35,-5.516733087496061,24
5329,87,28,80,17,-5.518166010205806,11
5330,68,47,114,27,-5.519247268707076,20
5331,7,33,28,20,-5.522079859732704,13
5332,102,11,64,7,-5.525256448935202,4
5333,23,21,64,12,-5.5388775759536575,9
5334,12,21,23,12,-5.539017913653241,9
5335,33,15,68,9,-5.539648915480053,6
5336,27,23,40,11,-5.543091094529357,12
5337,2,22,20,13,-5.544865436021075,9
5338,75,42,18,24,-5.546579166688544,18
5339,84,18,25,11,-5.5466876181289715,7
5340,23,16,29,9,-5.547160957253139,7
5341,31,53,36,30,-5.548564460468652,23
5342,25,41,8,25,-5.550067480025435,16
5343,54,16,69,9,-5.552096999235808,7
5344,4,11,46,6,-5.55622187464566,5
5345,95,30,13,17,-5.556983808516705,13
5346,95,10,31,6,-5.5581891593402775,4
5347,50,15,15,9,-5.558685181571873,6
5348,88,98,86,57,-5.562390170991595,41
5349,27,27,72,15,-5.564531854050937,12
5350,38,23,7,13,-5.575438881033769,10
5351,44,22,20,13,-5.576158683247875,9
5352,86,38,69,22,-5.57780243243977,16
5353,88,14,14,8,-5.580858903619988,6
5354,53,13,89,7,-5.581720835788214,6
5355,65,81,104,46,-5.584887655129079,35
5356,58,23,16,14,-5.587223743497611,9
5357,34,14,102,9,-5.587343030075011,5
5358,96,38,20,23,-5.5910643603065,15
5359,64,17,80,9,-5.593698551425535,8
5360,10,11,23,6,-5.611414438981714,5
5361,90,14,30,8,-5.614315415339312,6
5362,84,20,38,11,-5.614806649443392,9
5363,91,26,68,14,-5.6194663727720915,12
5364,50,26,95,15,-5.619957219349124,11
5365,84,24,9,14,-5.622843694169617,10
5366,5,10,19,6,-5.6233787755961275,4
5367,17,21,5,14,-5.625033929201381,7
5368,73,28,86,15,-5.62531345595925,13
5369,20,16,78,9,-5.6294679305494935,7
5370,81,15,19,9,-5.630310593885413,6
5371,9,43,75,26,-5.632694127818325,17
5372,46,16,109,9,-5.636528034552768,7
5373,74,23,73,14,-5.649045009007229,9
5374,97,13,39,8,-5.649731064357227,5
5375,97,10,4,6,-5.649870700339136,4
5376,60,32,49,19,-5.652266603264942,13
5377,61,13,9,8,-5.652969843590385,5
5378,16,44,20,28,-5.653886889078911,16
5379,75,31,46,18,-5.654705399493304,13
5380,82,11,54,7,-5.66427830231393,4
5381,34,24,109,14,-5.665532316173583,10
5382,99,31,16,18,-5.66581833704302,13
5383,37,39,75,25,-5.670197882049106,14
5384,19,32,29,20,-5.671111826185553,12
5385,25,10,94,5,-5.671887186214519,5
5386,13,37,63,21,-5.677540897301028,16
5387,95,10,102,6,-5.68531996234082,4
5388,9,37,28,20,-5.685359581946876,17
5389,40,21,35,13,-5.689140213576859,8
5390,5,46,106,28,-5.689619439430468,18
5391,32,10,70,5,-5.692479372096212,5
5392,50,13,23,9,-5.694114757145069,4
5393,62,17,53,10,-5.701449545318568,7
5394,109,18,68,12,-5.704488776223907,6
5395,72,16,107,9,-5.708684864640733,7
5396,60,10,33,5,-5.709637334703968,5
5397,47,14,11,9,-5.7112915010697805,5
5398,12,16,69,8,-5.715951067980107,8
5399,37,18,41,11,-5.716493275276267,7
5400,17,13,98,7,-5.72342530511381,6
5401,51,26,25,15,-5.726135112848949,11
5402,9,14,45,9,-5.727853500458989,5
5403,25,48,13,26,-5.729332953997916,22
5404,30,24,29,15,-5.734998612686146,9
5405,106,42,25,26,-5.737688222420908,16
5406,39,50,40,30,-5.739978674185259,20
5407,77,12,36,7,-5.751140829309579,5
5408,47,13,23,8,-5.7551420632928085,5
5409,53,13,58,6,-5.756559382638664,7
5410,68,15,80,9,-5.759836210772863,6
5411,54,10,61,6,-5.763750710129652,4
5412,76,19,13,11,-5.766341264416831,8
5413,112,13,85,8,-5.770596297207226,5
5414,49,46,27,27,-5.772784624967785,19
5415,100,69,16,41,-5.7825713517167205,28
5416,78,11,33,7,-5.795548252452772,4
5417,31,19,91,12,-5.801858258461768,7
5418,106,11,10,8,-5.803672894932928,3
5419,48,16,27,10,-5.804150884921918,6
5420,3,14,103,7,-5.804756675353106,7
5421,98,19,8,12,-5.806615359942182,7
5422,37,52,16,30,-5.806896201742739,22
5423,20,13,79,8,-5.810117746469,5
5424,5,16,40,9,-5.82052725169565,7
5425,107,32,19,20,-5.84051993924663,12
5426,29,32,39,17,-5.842404121121412,15
5427,88,19,58,11,-5.842538876771353,8
5428,65,10,108,5,-5.847992745343311,5
5429,79,12,80,6,-5.851472407179256,6
5430,20,62,107,36,-5.856840758569811,26
5431,65,61,55,35,-5.858765777581568,26
5432,112,21,7,13,-5.863389950487481,8
5433,7,17,34,10,-5.863504951401834,7
5434,95,36,54,20,-5.865979569344108,16
5435,9,17,62,10,-5.866001447424248,7
5436,55,64,107,37,-5.87153194979236,27
5437,31,12,28,7,-5.87633787823225,5
5438,68,27,97,16,-5.880460614845397,11
5439,36,12,46,7,-5.88209418081934,5
5440,74,22,102,13,-5.882481039476403,9
5441,108,17,75,10,-5.88550634585497,7
5442,103,18,39,11,-5.887093677643695,7
5443,43,16,17,9,-5.888801333071093,7
5444,84,34,74,18,-5.89139952158172,16
5445,68,15,101,10,-5.891939886749793,5
5446,43,34,39,19,-5.8937669125434455,15
5447,91,16,51,10,-5.8958428007861405,6
5448,103,12,54,8,-5.896465334872947,4
5449,107,59,75,39,-5.896729059645905,20
5450,29,12,50,7,-5.9053142051653245,5
5451,57,27,84,14,-5.910397185802948,13
5452,7,23,78,12,-5.919551023484503,11
5453,94,17,78,10,-5.920679153259384,7
5454,93,14,75,8,-5.9232430439307135,6
5455,114,20,73,12,-5.924435121305104,8
5456,40,15,57,9,-5.936628176580016,6
5457,3,17,34,10,-5.941229806680978,7
5458,43,10,74,5,-5.941779824004124,5
5459,33,12,49,8,-5.9430630012189605,4
5460,53,15,28,9,-5.945744364633271,6
5461,76,31,28,17,-5.950271226300689,14
5462,10,12,97,6,-5.950831581917707,6
5463,53,52,68,31,-5.964244334939566,21
5464,40,18,97,11,-5.966918416140385,7
5465,60,16,94,10,-5.969950979611428,6
5466,87,21,102,13,-5.971447061156248,8
5467,18,20,64,12,-5.974775055211904,8
5468,27,17,81,10,-5.980960922697962,7
5469,86,22,29,13,-5.9859883975534425,9
5470,84,20,98,13,-5.9888897315784195,7
5471,31,25,114,14,-5.9918765203954925,11
5472,100,19,37,12,-6.000890669706825,7
5473,15,27,29,16,-6.01976791579235,11
5474,17,17,103,11,-6.022913063656272,6
5475,37,24,98,14,-6.023716027404387,10
5476,46,20,95,12,-6.027785407812037,8
5477,50,17,91,11,-6.027790824025908,6
5478,68,10,26,6,-6.030745942778486,4
5479,31,31,75,17,-6.03348213428737,14
5480,98,24,7,15,-6.033686003781978,9
5481,32,16,8,9,-6.041444852098721,7
5482,88,18,76,10,-6.043471817882156,8
5483,93,15,70,9,-6.04469500542117,6
5484,112,30,53,16,-6.0449768388221905,14
5485,18,24,63,15,-6.046455003215171,9
5486,14,14,39,8,-6.049336679853417,6
5487,60,43,23,26,-6.05331122826769,17
5488,65,57,30,34,-6.057922998064296,23
5489,41,27,23,16,-6.068042449918635,11
5490,16,23,6,12,-6.074728029131809,11
5491,102,13,23,7,-6.080684731147943,6
5492,38,20,30,13,-6.083418085357015,7
5493,107,23,111,12,-6.08814286411973,11
5494,16,10,26,6,-6.090476145744291,4
5495,108,14,96,8,-6.092516088942793,6
5496,47,11,54,6,-6.095812400128514,5
5497,103,11,49,6,-6.096089027289713,5
5498,69,16,62,9,-6.0981418118710495,7
5499,87,13,10,8,-6.098821416398099,5
5500,10,13,16,8,-6.102410867550437,5
5501,7,12,90,7,-6.108519045195329,5
5502,31,13,81,9,-6.1171597913254026,4
5503,88,35,25,23,-6.12387967695023,12
5504,6,20,13,12,-6.125282920128936,8
5505,19,11,50,7,-6.139898808996972,4
5506,46,43,8,24,-6.1501810225894875,19
5507,16,23,81,14,-6.151567538462688,9
5508,47,27,75,18,-6.156969718274411,9
5509,81,11,50,6,-6.158903696641065,5
5510,33,11,27,6,-6.161047087897558,5
5511,36,47,13,29,-6.167141158071527,18
5512,8,14,43,8,-6.169495664997545,6
5513,77,23,107,13,-6.174961839792211,10
5514,93,10,80,5,-6.175234905241036,5
5515,81,17,114,9,-6.179669023614306,8
5516,71,12,91,7,-6.18747414228945,5
5517,97,26,87,17,-6.190868250218131,9
5518,65,54,27,33,-6.196724957991716,21
5519,2,28,63,16,-6.200018491851487,12
5520,20,49,65,31,-6.200424954113156,18
5521,70,28,74,15,-6.203999405338755,13
5522,12,14,63,7,-6.204748395941869,7
5523,84,15,35,9,-6.209299301194262,6
5524,70,24,114,15,-6.214622620602992,9
5525,104,65,107,39,-6.217712152560083,26
5526,49,25,54,14,-6.225454221982543,11
5527,91,42,16,27,-6.227187272730331,15
5528,55,26,111,16,-6.228608034123604,10
5529,50,41,104,25,-6.230364171354916,16
5530,3,39,7,24,-6.232217973074319,15
5531,51,67,100,37,-6.2337070928175695,30
5532,86,31,34,18,-6.237009896243482,13
5533,5,48,114,28,-6.237633533478722,20
5534,79,12,112,7,-6.244469819410296,5
5535,95,12,15,7,-6.265255655621161,5
5536,5,45,20,28,-6.270373633442783,17
5537,102,26,65,17,-6.271132053863889,9
5538,4,21,86,13,-6.2794844995496994,8
5539,68,35,11,20,-6.280005613646358,15
5540,93,14,29,8,-6.281843189307091,6
5541,72,15,50,9,-6.282212191469299,6
5542,86,21,47,13,-6.282505529772493,8
5543,108,13,54,9,-6.288035508418626,4
5544,37,24,30,15,-6.294754233158862,9
5545,94,20,76,13,-6.29880756689131,7
5546,19,21,76,13,-6.301901405511211,8
5547,13,43,81,27,-6.312623636344118,16
5548,98,18,70,12,-6.319051319272617,6
5549,57,22,3,13,-6.321062035763722,9
5550,51,37,77,21,-6.323702748298249,16
5551,18,24,15,15,-6.3402318230961585,9
5552,40,22,62,11,-6.340588914856938,11
5553,96,17,85,12,-6.345069391274802,5
5554,27,13,92,7,-6.356396578041118,6
5555,15,18,47,10,-6.359572158435768,8
5556,43,19,64,11,-6.3596171770522805,8
5557,56,21,7,12,-6.361794853449643,9
5558,50,12,57,8,-6.36698198689182,4
5559,102,15,33,9,-6.371524301983965,6
5560,57,35,87,21,-6.372641139100553,14
5561,27,16,28,11,-6.382931621067471,5
5562,51,29,108,17,-6.386940693154833,12
5563,69,12,33,7,-6.387028758243514,5
5564,96,13,33,6,-6.392035038140809,7
5565,87,102,16,61,-6.394271520479402,41
5566,37,20,80,12,-6.401050818487372,8
5567,54,18,91,10,-6.414686940093467,8
5568,23,10,61,6,-6.419517618014351,4
5569,80,23,96,14,-6.423400971659429,9
5570,100,21,75,11,-6.426877840881264,10
5571,33,16,40,11,-6.427211772717695,5
5572,87,34,48,21,-6.428953060902676,13
5573,8,92,16,56,-6.429444057927856,36
5574,107,16,89,10,-6.429821795264184,6
5575,94,18,69,11,-6.432434124144747,7
5576,23,47,13,26,-6.4340973489419495,21
5577,28,10,6,6,-6.452419128804086,4
5578,91,20,8,12,-6.453847873736644,8
5579,86,61,100,35,-6.455390201337672,26
5580,57,19,97,11,-6.465009515620628,8
5581,12,13,98,8,-6.466454254397779,5
5582,60,38,104,26,-6.467802328258812,12
5583,68,11,98,7,-6.4699276959750645,4
5584,9,20,70,13,-6.477071321597405,7
5585,103,10,18,7,-6.501498615339008,3
5586,55,29,74,17,-6.503619546467788,12
5587,112,20,3,11,-6.506335949972266,9
5588,77,24,41,15,-6.512816462619649,9
5589,79,15,76,10,-6.514592595269537,5
5590,66,20,60,13,-6.515171561917162,7
5591,57,32,8,20,-6.5215022443527495,12
5592,37,35,13,21,-6.522302273576748,14
5593,49,69,39,43,-6.52686668255468,26
5594,38,12,102,9,-6.529266346603463,3
5595,80,13,91,8,-6.531108694088673,5
5596,29,23,98,14,-6.531113392896417,9
5597,50,32,60,17,-6.533035543984182,15
5598,70,58,54,35,-6.543056803225656,23
5599,112,16,58,9,-6.546457957272807,7
5600,23,32,106,17,-6.5490553960891695,15
5601,30,15,112,10,-6.562692428407148,5
5602,63,31,75,18,-6.570041946714375,13
5603,114,26,53,15,-6.571088082289226,11
5604,87,21,72,12,-6.57495584584389,9
5605,81,12,77,7,-6.5752456736487765,5
5606,101,11,27,7,-6.582303845846212,4
5607,67,16,34,8,-6.586851367561421,8
5608,63,31,64,18,-6.595351994440166,13
5609,35,25,11,15,-6.6098986532599575,10
5610,12,24,78,16,-6.611127678275721,8
5611,30,14,23,8,-6.618468991829209,6
5612,68,21,20,12,-6.619136630374986,9
5613,46,38,74,24,-6.622188071735937,14
5614,5,48,25,29,-6.626414170343123,19
5615,13,43,47,26,-6.630254291387857,17
5616,37,22,39,13,-6.632156694863052,9
5617,41,32,11,21,-6.634181851160083,11
5618,65,30,4,18,-6.635600395573753,12
5619,17,38,86,21,-6.641619574926921,17
5620,5,26,32,16,-6.6474470604519045,10
5621,63,59,8,34,-6.653552632837189,25
5622,37,19,71,11,-6.65399605348867,8
5623,71,11,83,6,-6.6562053803338666,5
5624,80,13,19,8,-6.6570365011750905,5
5625,57,12,10,8,-6.658857003244836,4
5626,3,23,78,13,-6.662759037015144,10
5627,54,20,85,13,-6.664179187550933,7
5628,68,31,23,17,-6.676959480055365,14
5629,37,14,49,8,-6.682600721323248,6
5630,98,24,11,14,-6.689063597940291,10
5631,28,54,104,32,-6.697414309723438,22
5632,106,11,111,8,-6.697425895741327,3
5633,86,18,10,10,-6.698064905065152,8
5634,23,25,63,16,-6.701335055503609,9
5635,38,11,108,7,-6.702463242169256,4
5636,74,15,83,8,-6.703298030488857,7
5637,97,35,28,22,-6.716635909782018,13
5638,32,10,65,6,-6.718474357729474,4
5639,95,13,14,8,-6.731405281187272,5
5640,96,38,74,24,-6.731828732252354,14
5641,78,14,40,10,-6.732885786530082,4
5642,69,20,15,13,-6.736896270525392,7
5643,29,10,18,7,-6.739197778395282,3
5644,48,26,84,16,-6.740791105108492,10
5645,68,13,45,8,-6.747691137383073,5
5646,71,10,94,6,-6.748460655059317,4
5647,97,54,86,32,-6.749652418711037,22
5648,79,12,19,7,-6.749688848415009,5
5649,109,27,63,15,-6.749986635160669,12
5650,69,21,81,12,-6.750068761353671,9
5651,50,17,33,10,-6.750798742645295,7
5652,8,39,13,24,-6.751757053519926,15
5653,96,82,86,50,-6.757041595559337,32
5654,29,26,84,15,-6.760641343975314,11
5655,65,27,49,16,-6.761581477384983,11
5656,63,63,51,35,-6.773843003389744,28
5657,55,28,109,15,-6.787411237199465,13
5658,38,14,2,8,-6.792448237787324,6
5659,81,34,86,23,-6.793767976423694,11
5660,31,10,55,6,-6.798197972656263,4
5661,87,23,108,14,-6.799580586486786,9
5662,49,16,28,9,-6.8012848235530035,7
5663,50,17,3,10,-6.80135709994392,7
5664,13,50,71,29,-6.804323620324037,21
5665,103,25,86,16,-6.806637205037491,9
5666,9,32,8,17,-6.810878783728156,15
5667,4,13,56,7,-6.816273515879698,6
5668,31,69,68,41,-6.8216343585610195,28
5669,65,14,79,8,-6.821859416038812,6
5670,77,26,49,17,-6.8274953131174225,9
5671,106,25,95,16,-6.830338155584793,9
5672,51,28,62,17,-6.837263314130047,11
5673,51,99,7,62,-6.849475435937795,37
5674,60,18,108,11,-6.856532886501664,7
5675,4,43,60,24,-6.864343045215706,19
5676,98,12,3,6,-6.866274172778351,6
5677,87,58,68,35,-6.867242541807756,23
5678,69,19,29,11,-6.87026975866342,8
5679,38,12,34,8,-6.8714448233593854,4
5680,38,15,12,9,-6.874303116736781,6
5681,99,15,106,10,-6.882359612487446,5
5682,62,33,107,18,-6.9022637475512845,15
5683,68,21,58,13,-6.90465268486649,8
5684,29,17,28,10,-6.905526522456792,7
5685,77,33,27,20,-6.913052068345059,13
5686,8,17,12,11,-6.921568362260988,6
5687,19,20,41,13,-6.929115235665348,7
5688,88,12,99,7,-6.939131232028662,5
5689,69,39,13,24,-6.946273853388926,15
5690,51,25,4,16,-6.952578906103856,9
5691,63,20,90,12,-6.95733483322538,8
5692,104,18,32,12,-6.959225086389547,6
5693,39,15,111,9,-6.9608600117118025,6
5694,36,34,16,21,-6.96230955324868,13
5695,97,23,18,14,-6.965163575719862,9
5696,30,30,53,18,-6.98498975026545,12
5697,55,20,17,11,-6.987444025974705,9
5698,13,23,111,13,-6.988942249892523,10
5699,13,36,12,25,-6.988963075323021,11
5700,5,15,62,9,-6.9927087595973925,6
5701,87,21,4,14,-6.993636995986407,7
5702,54,14,79,9,-6.993661154009002,5
5703,54,26,93,17,-7.002072182522708,9
5704,69,13,40,9,-7.006717860168283,4
5705,53,47,107,29,-7.009171118597259,18
5706,38,25,63,17,-7.013791456544737,8
5707,87,38,43,23,-7.017763648674249,15
5708,102,35,28,21,-7.019438813144855,14
5709,43,15,12,10,-7.021564164922878,5
5710,53,27,87,15,-7.0226395127694765,12
5711,40,15,95,9,-7.026458120737084,6
5712,13,13,89,7,-7.027546797235387,6
5713,48,15,76,10,-7.031929988428476,5
5714,27,19,37,12,-7.034792767414986,7
5715,16,65,30,40,-7.037548989274952,25
5716,114,11,72,6,-7.039741382461142,5
5717,97,25,55,16,-7.041738062020974,9
5718,100,17,72,11,-7.0428030784388875,6
5719,19,14,17,9,-7.043328257314955,5
5720,73,16,65,10,-7.056062739811477,6
5721,36,18,99,12,-7.061516094995873,6
5722,63,27,98,16,-7.061533653908025,11
5723,12,11,52,6,-7.062340699088408,5
5724,53,10,85,7,-7.0781457464371815,3
5725,70,35,28,21,-7.078735797739843,14
5726,76,37,16,20,-7.082520344517178,17
5727,12,18,104,11,-7.0886853950001445,7
5728,64,26,30,16,-7.0955835601535755,10
5729,17,14,38,8,-7.099034060595349,6
5730,45,10,1,6,-7.100044646871247,4
5731,54,32,100,20,-7.10626505268504,12
5732,7,33,45,20,-7.114147641228475,13
5733,83,30,86,20,-7.114862976089347,10
5734,76,27,65,18,-7.121500914302365,9
5735,107,12,67,8,-7.124134838046419,4
5736,38,11,62,7,-7.1316627039169695,4
5737,15,39,27,22,-7.136849333340001,17
5738,57,35,11,19,-7.140027278328804,16
5739,55,50,40,31,-7.142420946012767,19
5740,60,17,5,11,-7.144002600647478,6
5741,69,12,111,7,-7.144443379259754,5
5742,19,18,84,11,-7.145362039647058,7
5743,37,14,29,8,-7.14724630286853,6
5744,30,13,80,8,-7.153305949978541,5
5745,33,19,8,12,-7.156947433543343,7
5746,87,76,13,48,-7.157698235890788,28
5747,14,14,86,8,-7.166696838482464,6
5748,55,39,104,24,-7.167673821947763,15
5749,57,19,114,12,-7.16817977917647,7
5750,61,13,30,8,-7.1697153559652405,5
5751,86,41,98,24,-7.171894084868248,17
5752,112,16,36,10,-7.175574629533439,6
5753,107,56,30,34,-7.185278655411904,22
5754,43,15,112,9,-7.1893251112725896,6
5755,22,13,109,8,-7.19047287621624,5
5756,19,45,87,28,-7.1933818495767206,17
5757,52,22,86,14,-7.203855363753252,8
5758,8,27,18,18,-7.207241863382852,9
5759,76,21,100,12,-7.225478225762562,9
5760,51,100,39,61,-7.23792784970119,39
5761,40,27,114,18,-7.240772461331045,9
5762,51,44,78,24,-7.241009645438842,20
5763,5,14,31,9,-7.246607645789562,5
5764,96,12,69,8,-7.2527556906488755,4
5765,91,29,87,18,-7.256753645120718,11
5766,79,30,86,19,-7.258463117259924,11
5767,81,19,75,12,-7.259552889264539,7
5768,10,14,63,9,-7.261720580359904,5
5769,48,14,100,8,-7.263809625362936,6
5770,98,17,20,11,-7.267496359610283,6
5771,70,16,110,10,-7.267896542251016,6
5772,96,10,62,7,-7.268496266352443,3
5773,57,13,106,7,-7.272492874678534,6
5774,68,20,55,13,-7.273979151335479,7
5775,29,16,97,10,-7.284915525257297,6
5776,104,20,9,12,-7.285236260424964,8
5777,40,31,43,18,-7.287691070183636,13
5778,55,30,30,19,-7.297909474841512,11
5779,40,33,54,20,-7.298767912387552,13
5780,87,34,78,20,-7.300924654949367,14
5781,87,26,34,16,-7.317543768028026,10
5782,93,20,16,11,-7.319623013756244,9
5783,5,42,70,25,-7.323141246130922,17
5784,88,30,62,18,-7.323841783087013,12
5785,2,16,75,9,-7.332326563651874,7
5786,104,41,40,26,-7.342291894534161,15
5787,114,18,23,12,-7.344942637597017,6
5788,79,24,48,15,-7.345817828277464,9
5789,103,15,34,10,-7.35445655282352,5
5790,9,19,17,11,-7.358179157868899,8
5791,8,25,73,15,-7.3587900254771785,10
5792,114,10,77,6,-7.365477220397804,4
5793,33,16,25,11,-7.36592627296452,5
5794,55,72,16,46,-7.367072119933609,26
5795,80,14,31,10,-7.367135464628977,4
5796,71,10,73,6,-7.373234065194552,4
5797,81,19,71,12,-7.374213709282582,7
5798,30,21,34,13,-7.377448858621609,8
5799,94,31,27,19,-7.381571713402097,12
5800,71,29,50,17,-7.386130219514863,12
5801,5,10,1,6,-7.391988711274882,4
5802,107,35,58,22,-7.402010340100229,13
5803,84,17,43,10,-7.402871468291519,7
5804,94,11,20,7,-7.40491165274963,4
5805,20,30,70,19,-7.408681007686701,11
5806,41,34,36,18,-7.412500474371831,16
5807,57,15,9,9,-7.427077607114285,6
5808,29,40,65,24,-7.437434404374382,16
5809,9,46,16,30,-7.4405406867592765,16
5810,51,109,86,64,-7.441494700898954,45
5811,71,12,11,7,-7.444969376445684,5
5812,110,21,37,12,-7.457046552670356,9
5813,70,12,100,7,-7.4587771296449565,5
5814,53,12,45,7,-7.463487107897495,5
5815,39,18,110,12,-7.464111416570426,6
5816,8,31,34,19,-7.466974677979833,12
5817,57,13,38,7,-7.4728731492750295,6
5818,31,37,64,23,-7.4738922265185375,14
5819,63,15,108,9,-7.475559971035059,6
5820,36,14,70,8,-7.476080415111231,6
5821,109,21,7,13,-7.49374057253885,8
5822,69,18,104,12,-7.510735223332436,6
5823,47,11,85,8,-7.514718359567324,3
5824,87,52,7,33,-7.517208318589071,19
5825,100,34,104,21,-7.519540201693835,13
5826,49,39,107,24,-7.524333331566161,15
5827,55,11,6,8,-7.526848268362213,3
5828,7,16,33,9,-7.532188482638043,7
5829,77,15,17,9,-7.533332094576503,6
5830,55,22,34,13,-7.5346031268462745,9
5831,46,10,85,7,-7.538229298143678,3
5832,55,13,49,8,-7.5458342197342585,5
5833,40,38,87,22,-7.562449238427529,16
5834,45,19,60,11,-7.562934672858015,8
5835,49,23,75,14,-7.565086245339051,9
5836,68,66,40,42,-7.570321994315703,24
5837,5,14,34,10,-7.5706698448560905,4
5838,77,12,46,7,-7.574271980014295,5
5839,114,31,28,18,-7.584853881328922,13
5840,36,10,72,6,-7.585561627806541,4
5841,103,24,11,16,-7.585830317962974,8
5842,64,24,55,16,-7.5905103785531685,8
5843,9,38,87,22,-7.592453429043,16
5844,36,20,18,12,-7.59490287850123,8
5845,29,24,100,14,-7.595247987937732,10
5846,88,79,54,49,-7.595941854238027,30
5847,58,18,54,10,-7.606404400860017,8
5848,88,25,108,16,-7.612957755702023,9
5849,69,32,60,18,-7.613845124007753,14
5850,72,22,54,14,-7.618738189484295,8
5851,27,14,71,9,-7.62097447229337,5
5852,19,22,28,14,-7.627099764741289,8
5853,61,11,69,8,-7.633216471104327,3
5854,5,29,97,19,-7.639418302115126,10
5855,60,11,70,7,-7.646435749026202,4
5856,31,13,33,7,-7.647223417443056,6
5857,66,11,104,8,-7.6588091193640615,3
5858,35,27,107,18,-7.659745377736293,9
5859,112,29,27,18,-7.661494705671572,11
5860,69,44,16,28,-7.665479946548732,16
5861,96,24,37,14,-7.66584492569651,10
5862,62,22,28,13,-7.667182073614821,9
5863,38,29,37,18,-7.668156637885105,11
5864,19,27,103,16,-7.669020445123164,11
5865,84,15,103,8,-7.669643891974183,7
5866,104,10,72,6,-7.673968450836452,4
5867,55,35,50,20,-7.677574556383835,15
5868,100,24,23,15,-7.684305486695593,9
5869,11,32,5,20,-7.6874421575338765,12
5870,7,25,111,15,-7.6903234257719815,10
5871,1,28,86,17,-7.696680317913658,11
5872,68,61,75,39,-7.698232004910782,22
5873,15,13,12,8,-7.70170289998976,5
5874,109,34,11,22,-7.7161261049159995,12
5875,101,14,16,9,-7.729447625525013,5
5876,72,12,76,8,-7.731997605583364,4
5877,84,11,44,6,-7.741464370739851,5
5878,54,13,73,8,-7.746921178252214,5
5879,25,49,37,29,-7.755599308877523,20
5880,73,11,53,7,-7.756297558195456,4
5881,18,22,50,13,-7.75840176806416,9
5882,114,14,92,10,-7.774797164908212,4
5883,111,10,47,6,-7.786638633209642,4
5884,78,11,108,7,-7.797957113003336,4
5885,48,15,50,10,-7.798532000224026,5
5886,110,12,114,8,-7.80031681097971,4
5887,46,46,25,27,-7.8204011950255445,19
5888,106,63,13,39,-7.824636159857551,24
5889,107,33,2,21,-7.828664599470125,12
5890,1,20,114,13,-7.837742070296789,7
5891,109,52,54,33,-7.84326822308344,19
5892,91,26,106,17,-7.859341034872017,9
5893,35,12,44,7,-7.859665557157517,5
5894,98,15,108,9,-7.863072789163925,6
5895,53,26,27,17,-7.864216242382975,9
5896,90,25,114,15,-7.8701656835045455,10
5897,29,16,17,9,-7.899676305324425,7
5898,90,14,53,9,-7.901032299292589,5
5899,31,11,78,6,-7.904414780494012,5
5900,38,13,71,9,-7.906029048659733,4
5901,82,10,88,6,-7.9125780836424955,4
5902,61,14,6,9,-7.915350050859162,5
5903,18,22,54,13,-7.917650548154778,9
5904,2,12,30,7,-7.930773013016298,5
5905,107,24,33,14,-7.934508031898854,10
5906,87,17,73,12,-7.94220715025842,5
5907,94,37,43,22,-7.950393521522254,15
5908,48,14,29,9,-7.9511299585905455,5
5909,63,17,111,10,-7.959677987637775,7
5910,39,21,23,13,-7.9630880242589255,8
5911,5,25,65,15,-7.967561696591303,10
5912,68,20,34,12,-7.978044783319167,8
5913,76,26,112,15,-7.97915167815144,11
5914,84,28,5,17,-7.986435375626319,11
5915,3,19,20,12,-7.98758608002235,7
5916,70,16,13,10,-7.990308468406848,6
5917,6,22,44,15,-7.994067314889739,7
5918,96,19,102,12,-7.995631160966494,7
5919,29,15,46,7,-7.9982854128923,8
5920,88,42,39,26,-8.004378009209995,16
5921,81,18,41,12,-8.009042710590084,6
5922,98,31,91,19,-8.010154956050265,12
5923,114,16,76,11,-8.01045549406789,5
5924,88,47,63,31,-8.011636403272155,16
5925,9,11,35,6,-8.012816785902407,5
5926,52,12,63,7,-8.015196003418383,5
5927,50,41,75,27,-8.02466935745211,14
5928,46,45,16,29,-8.034750190065965,16
5929,39,34,84,20,-8.036646698196417,14
5930,84,36,20,25,-8.04861670328596,11
5931,15,10,35,5,-8.056529361763387,5
5932,46,13,53,8,-8.064750592390654,5
5933,68,38,76,27,-8.067259765332077,11
5934,70,18,50,10,-8.072010588554933,8
5935,97,16,110,10,-8.077466293642948,6
5936,74,12,89,7,-8.079770785030162,5
5937,5,61,8,37,-8.080732178020163,24
5938,4,17,43,10,-8.083539648296872,7
5939,8,44,109,26,-8.084532850874995,18
5940,12,29,60,15,-8.086986992461757,14
5941,78,45,27,30,-8.094234380040165,15
5942,46,42,37,28,-8.095895819595153,14
5943,49,11,95,8,-8.095998639719069,3
5944,19,17,38,12,-8.100688864380347,5
5945,85,10,3,5,-8.102330604310954,5
5946,48,15,74,8,-8.108554922899495,7
5947,74,16,34,11,-8.118744758398412,5
5948,111,11,81,8,-8.120062859865854,3
5949,110,11,20,7,-8.125291114928718,4
5950,107,14,56,8,-8.142413744294045,6
5951,63,74,16,46,-8.144368650075489,28
5952,112,10,4,6,-8.145974306589782,4
5953,43,51,13,29,-8.149900091412464,22
5954,112,16,18,11,-8.155957753880717,5
5955,20,17,33,11,-8.157924685534638,6
5956,9,20,76,13,-8.161384986883025,7
5957,81,15,47,10,-8.165398445346261,5
5958,39,25,74,15,-8.19553508787693,10
5959,69,26,58,15,-8.200000948757868,11
5960,93,24,87,15,-8.201353690040278,9
5961,51,42,64,26,-8.201880887276833,16
5962,40,14,112,8,-8.221202026655053,6
5963,71,10,99,6,-8.22496630028886,4
5964,106,21,69,13,-8.230262561693124,8
5965,15,29,8,17,-8.25475655550095,12
5966,14,12,37,7,-8.266467835075433,5
5967,91,18,41,12,-8.276671952774393,6
5968,107,33,12,22,-8.279348331324147,11
5969,51,25,97,17,-8.281393452159698,8
5970,106,31,90,21,-8.28384546124837,10
5971,86,46,41,30,-8.290720857944356,16
5972,41,21,8,14,-8.297019486473621,7
5973,56,17,86,11,-8.300855291965847,6
5974,109,23,74,15,-8.306575916019822,8
5975,81,15,104,8,-8.308547186806486,7
5976,94,30,13,19,-8.309149852706645,11
5977,48,13,90,8,-8.30973168111364,5
5978,43,18,57,13,-8.312131327998166,5
5979,108,16,19,10,-8.312758842928977,6
5980,9,15,25,10,-8.323455878342047,5
5981,89,12,48,9,-8.328549669565296,3
5982,84,29,8,19,-8.33757645831541,10
5983,39,93,16,58,-8.33759857757141,35
5984,96,25,48,16,-8.343995751105185,9
5985,31,32,41,20,-8.353957395244585,12
5986,5,22,7,14,-8.357081514884824,8
5987,88,121,16,78,-8.372604714725346,43
5988,25,45,7,29,-8.372806618348289,16
5989,68,25,62,15,-8.382615098007268,10
5990,98,21,13,14,-8.382728400092747,7
5991,104,10,67,6,-8.393331116483225,4
5992,62,10,43,6,-8.394379014204606,4
5993,67,14,109,7,-8.41022889195963,7
5994,102,21,50,12,-8.41869338516401,9
5995,27,74,16,47,-8.419832628912095,27
5996,102,12,41,8,-8.421036787338009,4
5997,3,12,108,8,-8.422087883882751,4
5998,90,19,73,12,-8.424101991862472,7
5999,103,14,88,9,-8.430464226549898,5
6000,114,20,55,13,-8.432483182241098,7
6001,70,24,96,13,-8.437417991026262,11
6002,96,14,95,9,-8.450373982592183,5
6003,3,24,114,16,-8.461132150785257,8
6004,106,16,12,11,-8.461406597257815,5
6005,107,39,48,24,-8.464254422847032,15
6006,112,26,39,16,-8.46467402651886,10
6007,85,14,55,9,-8.476039600481302,5
6008,77,14,74,9,-8.485489523270209,5
6009,12,17,28,11,-8.494896988707827,6
6010,40,28,64,18,-8.49607162432113,10
6011,34,18,29,11,-8.49996347208046,7
6012,45,10,91,6,-8.504304930616431,4
6013,61,20,53,14,-8.524850655507478,6
6014,63,11,110,7,-8.534985747455591,4
6015,35,12,94,7,-8.545638882275087,5
6016,63,11,93,7,-8.547776338932225,4
6017,67,15,16,10,-8.550473387804695,5
6018,2,11,94,7,-8.550586885180518,4
6019,36,11,78,7,-8.552435160203329,4
6020,66,15,65,10,-8.555650294431567,5
6021,80,12,41,8,-8.558761558111074,4
6022,104,11,48,7,-8.568096491349037,4
6023,93,10,49,6,-8.572163796775683,4
6024,114,23,100,15,-8.573771541164337,8
6025,55,23,95,15,-8.57500650986488,8
6026,77,18,53,11,-8.576780251337032,7
6027,68,13,108,8,-8.580585833252005,5
6028,7,12,12,7,-8.583277537702376,5
6029,93,44,65,26,-8.591281807406075,18
6030,64,33,16,22,-8.600084445704605,11
6031,88,29,30,17,-8.60623014790001,12
6032,14,22,16,14,-8.60697123103142,8
6033,35,10,39,6,-8.620295444874086,4
6034,65,24,1,14,-8.633116949744032,10
6035,97,19,41,12,-8.638943706099203,7
6036,35,17,27,11,-8.645931055549601,6
6037,58,12,70,8,-8.662523092509444,4
6038,54,11,53,7,-8.670288326383613,4
6039,31,12,19,8,-8.67684008479621,4
6040,31,31,9,20,-8.678153869820548,11
6041,68,67,39,41,-8.679610428054554,26
6042,3,46,16,30,-8.68148645178151,16
6043,20,41,39,24,-8.683414479878408,17
6044,76,49,86,30,-8.683760649202954,19
6045,29,21,112,13,-8.702796116095774,8
6046,104,10,29,6,-8.703420471548785,4
6047,68,28,28,19,-8.707268087933775,9
6048,86,15,45,9,-8.710518828201982,6
6049,45,10,58,6,-8.721721801464438,4
6050,87,59,27,37,-8.722585860088166,22
6051,8,20,62,14,-8.725180325771555,6
6052,17,22,4,15,-8.72773506800961,7
6053,106,14,38,7,-8.74501943352997,7
6054,3,25,19,16,-8.752555261006782,9
6055,64,17,70,12,-8.763483643924097,5
6056,8,26,78,17,-8.770169351910752,9
6057,1,27,16,19,-8.77734005429633,8
6058,18,23,106,15,-8.778191080978738,8
6059,99,14,77,10,-8.784719144285262,4
6060,107,11,26,7,-8.789963547813729,4
6061,28,17,41,11,-8.792780130820775,6
6062,42,10,106,7,-8.802546839644418,3
6063,63,24,57,14,-8.808573587871944,10
6064,47,18,36,12,-8.810892372607713,6
6065,77,22,63,15,-8.81999753264251,7
6066,36,19,63,12,-8.822881427312195,7
6067,50,17,85,11,-8.828432540960764,6
6068,12,10,20,6,-8.842914423325945,4
6069,87,15,32,10,-8.84415502943487,5
6070,3,53,13,35,-8.848258470598868,18
6071,51,16,35,10,-8.849945437990398,6
6072,66,22,107,14,-8.85129730206017,8
6073,30,24,50,15,-8.864762243264124,9
6074,12,15,6,8,-8.873687126500895,7
6075,53,11,49,7,-8.876928289416243,4
6076,13,23,90,15,-8.883764352926041,8
6077,109,18,75,12,-8.883837567249163,6
6078,97,12,69,8,-8.888377862411463,4
6079,43,14,49,9,-8.897240688987178,5
6080,60,22,17,14,-8.913811593594376,8
6081,25,19,110,13,-8.917701672558223,6
6082,88,10,26,6,-8.91952728239028,4
6083,49,17,72,11,-8.921503010914295,6
6084,13,27,58,19,-8.92184464761992,8
6085,91,10,11,7,-8.923724837318142,3
6086,51,48,76,32,-8.925061488027247,16
6087,84,22,13,15,-8.926224969766146,7
6088,12,27,94,16,-8.928894535544233,11
6089,31,12,73,8,-8.93891957013575,4
6090,74,26,51,18,-8.938947542412075,8
6091,109,20,53,13,-8.945178102898181,7
6092,11,35,100,23,-8.950423282440326,12
6093,98,10,57,6,-8.957212394612133,4
6094,12,10,79,6,-8.960795438791044,4
6095,18,30,68,19,-8.962998195734913,11
6096,32,11,28,7,-8.963821007682874,4
6097,81,14,11,9,-8.967824856070845,5
6098,114,20,47,12,-8.969382880850324,8
6099,36,18,97,11,-8.970668153566264,7
6100,112,20,88,13,-8.974262508725221,7
6101,52,15,28,9,-8.975367013246691,6
6102,57,10,6,6,-8.977559393727242,4
6103,49,26,98,17,-8.98655452597872,9
6104,81,10,48,7,-8.989696104511108,3
6105,80,15,78,10,-8.990142670025005,5
6106,60,12,72,8,-8.99404292735546,4
6107,72,10,38,6,-8.999506480702255,4
6108,36,15,5,9,-9.008614310253614,6
6109,33,16,63,10,-9.020049921268521,6
6110,45,16,35,9,-9.0400315918615,7
6111,20,36,63,22,-9.052296628830995,14
6112,86,29,44,19,-9.073857704921481,10
6113,107,39,80,26,-9.074881524481423,13
6114,55,11,89,7,-9.077967122900677,4
6115,8,34,95,21,-9.07920947405897,13
6116,75,12,94,8,-9.080901166069642,4
6117,72,20,85,14,-9.102410285550633,6
6118,6,10,15,7,-9.111932883212011,3
6119,31,15,109,10,-9.113887572404183,5
6120,17,11,92,7,-9.114563540800457,4
6121,39,49,30,30,-9.117859548344383,19
6122,106,25,39,15,-9.155969378752744,10
6123,5,43,50,26,-9.156049369840705,17
6124,63,21,62,13,-9.161474645821366,8
6125,72,14,63,10,-9.168022793278983,4
6126,40,15,92,10,-9.168940871834318,5
6127,91,13,15,7,-9.175439096539634,6
6128,38,14,53,9,-9.17946873124013,5
6129,91,14,23,8,-9.188824217195519,6
6130,63,16,81,10,-9.193429569946268,6
6131,19,17,34,11,-9.197297882858841,6
6132,76,36,63,24,-9.197425932191027,12
6133,40,17,73,11,-9.199997222971483,6
6134,90,11,93,7,-9.204947446014161,4
6135,108,16,48,11,-9.209950001192905,5
6136,103,21,107,14,-9.216518894849145,7
6137,69,16,70,11,-9.227346228401576,5
6138,79,19,30,13,-9.232107450931762,6
6139,3,17,54,10,-9.232444908063064,7
6140,4,14,12,10,-9.233113169427765,4
6141,20,23,91,14,-9.233435902067152,9
6142,62,12,18,8,-9.23480098215858,4
6143,68,21,29,14,-9.235353168378582,7
6144,48,34,86,22,-9.236642112579283,12
6145,53,15,78,9,-9.245467105519943,6
6146,51,22,34,14,-9.254702967852264,8
6147,50,15,78,10,-9.279334063465152,5
6148,29,14,70,8,-9.28377551108064,6
6149,15,22,43,14,-9.285637239526942,8
6150,112,16,49,10,-9.28817796315771,6
6151,18,17,100,10,-9.29762264727719,7
6152,38,10,45,7,-9.31109379184883,3
6153,9,15,43,9,-9.316210412036984,6
6154,84,10,77,7,-9.326879307665175,3
6155,51,15,111,10,-9.328246716797015,5
6156,2,29,28,19,-9.34282167881126,10
6157,87,20,1,12,-9.344990956449259,8
6158,23,19,55,11,-9.354242967773875,8
6159,34,13,94,8,-9.35579132587053,5
6160,84,21,104,13,-9.37162724208143,8
6161,4,16,27,10,-9.378715415982104,6
6162,36,11,109,8,-9.390936468630553,3
6163,38,16,27,11,-9.401601002215298,5
6164,41,25,100,16,-9.403294591957573,9
6165,57,17,103,11,-9.414120229975815,6
6166,2,15,13,9,-9.422510080465482,6
6167,63,11,32,7,-9.44232166344675,4
6168,89,19,41,13,-9.453124323035377,6
6169,96,47,16,33,-9.462953828826512,14
6170,57,16,23,10,-9.474501256774834,6
6171,77,15,72,9,-9.475978955314686,6
6172,84,11,18,7,-9.493458888054228,4
6173,7,29,37,18,-9.500511382222342,11
6174,99,22,37,15,-9.502759058160713,7
6175,51,35,15,22,-9.503627084553733,13
6176,2,13,114,8,-9.50915856241785,5
6177,80,14,90,10,-9.509239360264804,4
6178,36,17,8,11,-9.51236026695053,6
6179,64,14,62,8,-9.515284324050947,6
6180,9,27,18,18,-9.520249042639605,9
6181,25,32,20,21,-9.520523686179052,11
6182,43,22,55,16,-9.522955985168734,6
6183,31,22,1,13,-9.525804060927038,9
6184,51,15,48,8,-9.527077025607763,7
6185,75,11,20,7,-9.527707505687719,4
6186,108,13,106,9,-9.535201707134298,4
6187,49,19,34,12,-9.543174969435785,7
6188,34,13,18,9,-9.550016463821068,4
6189,13,23,26,16,-9.562123129591576,7
6190,31,28,27,16,-9.569633624787404,12
6191,48,12,17,7,-9.570482008629265,5
6192,7,20,73,12,-9.582485903794177,8
6193,112,27,64,19,-9.59501283307151,8
6194,19,19,72,13,-9.595014549233712,6
6195,53,13,8,9,-9.596286006275326,4
6196,103,13,78,10,-9.604884456182543,3
6197,84,18,83,11,-9.60947373437216,7
6198,8,14,99,8,-9.611065592860308,6
6199,19,12,40,8,-9.612489725967157,4
6200,109,17,70,11,-9.623350653501726,6
6201,12,18,103,10,-9.627784072806602,8
6202,53,23,41,15,-9.631953807885303,8
6203,114,10,22,5,-9.649313306364819,5
6204,75,11,85,8,-9.651599660168168,3
6205,13,10,101,7,-9.652646543094523,3
6206,71,12,100,8,-9.66068752031631,4
6207,60,47,64,32,-9.661747726131638,15
6208,69,27,78,17,-9.666260825143704,10
6209,114,34,8,23,-9.699231858321152,11
6210,11,18,75,11,-9.710887852205726,7
6211,8,30,68,19,-9.713048677811617,11
6212,27,27,54,17,-9.714708549956658,10
6213,8,15,52,10,-9.715026692600487,5
6214,31,19,43,9,-9.720852773553686,10
6215,19,16,63,11,-9.723573687889939,5
6216,3,20,72,12,-9.745718908399102,8
6217,18,49,16,33,-9.751591518104966,16
6218,53,14,15,9,-9.759389882181187,5
6219,43,29,100,18,-9.777155136981534,11
6220,83,24,37,15,-9.783726366978415,9
6221,93,10,62,6,-9.798162399200404,4
6222,62,16,114,10,-9.799890996069498,6
6223,55,20,27,14,-9.808864964478701,6
6224,17,24,40,16,-9.815776001763277,8
6225,57,13,54,10,-9.824315369895016,3
6226,69,17,47,11,-9.824856595944096,6
6227,47,17,9,11,-9.833363334347146,6
6228,57,12,85,8,-9.833564112026494,4
6229,98,10,53,6,-9.839111782848335,4
6230,13,21,44,14,-9.844973608163802,7
6231,33,26,51,19,-9.853114112635922,7
6232,27,12,22,8,-9.866452926590911,4
6233,1,17,75,12,-9.87310906944801,5
6234,71,15,17,9,-9.874078720771612,6
6235,13,30,108,20,-9.878575082747142,10
6236,54,17,2,12,-9.883928701627932,5
6237,49,33,100,21,-9.885330346900627,12
6238,29,14,20,9,-9.888770035938014,5
6239,16,20,110,13,-9.89345041941321,7
6240,51,18,79,10,-9.895968302837433,8
6241,83,14,11,10,-9.896151919094907,4
6242,54,47,37,31,-9.89694629679085,16
6243,68,21,103,13,-9.904114100948439,8
6244,75,35,28,23,-9.910859132469225,12
6245,60,34,54,23,-9.913747967452048,11
6246,70,18,30,11,-9.913973705469935,7
6247,57,11,1,7,-9.916035104284742,4
6248,84,50,63,31,-9.919938234846498,19
6249,2,10,95,7,-9.9203126299905,3
6250,29,15,75,9,-9.923300198268764,6
6251,103,25,27,16,-9.957896040787112,9
6252,90,14,46,9,-9.960134782518512,5
6253,78,27,39,18,-9.97321227502198,9
6254,88,18,73,12,-9.974203425238962,6
6255,12,21,53,13,-9.979940044053077,8
6256,109,14,93,9,-9.987067099161266,5
6257,65,25,95,16,-9.987438820754939,9
6258,84,27,30,19,-10.023299208241367,8
6259,91,19,30,13,-10.028289002870833,6
6260,107,13,110,9,-10.034721322746934,4
6261,46,14,78,8,-10.036009292919493,6
6262,38,10,44,7,-10.048373138060267,3
6263,83,23,13,15,-10.067954696106943,8
6264,19,41,27,28,-10.068063409604914,13
6265,49,16,40,10,-10.077718304922938,6
6266,106,12,79,8,-10.079963228120917,4
6267,17,17,23,11,-10.090670558592322,6
6268,76,32,23,20,-10.095144638641566,12
6269,88,39,15,28,-10.099200841488777,11
6270,3,15,17,9,-10.104489232217418,6
6271,70,30,87,18,-10.114463896406376,12
6272,36,36,53,25,-10.11473282468799,11
6273,60,45,27,31,-10.118873670344408,14
6274,114,12,78,7,-10.123963867745248,5
6275,109,10,92,7,-10.132066653367776,3
6276,31,37,53,23,-10.136338371296794,14
6277,109,15,94,9,-10.140509349254694,6
6278,23,11,96,7,-10.143008283174424,4
6279,68,16,92,11,-10.14730683848729,5
6280,81,32,51,20,-10.158277615855122,12
6281,9,12,6,7,-10.175309866966634,5
6282,37,41,97,27,-10.190687502541847,14
6283,33,13,71,9,-10.195530501937561,4
6284,2,15,98,9,-10.198603389321665,6
6285,39,24,91,16,-10.206322081312436,8
6286,28,14,10,10,-10.2079261309438,4
6287,31,17,30,10,-10.214096274935343,7
6288,91,35,63,24,-10.225389928816243,11
6289,23,21,49,14,-10.242959754676487,7
6290,106,16,67,10,-10.252161434234205,6
6291,39,43,18,29,-10.257246202371956,14
6292,68,22,72,15,-10.275897741373276,7
6293,112,24,60,16,-10.282975838759182,8
6294,107,23,45,15,-10.289536165233189,8
6295,9,18,11,12,-10.295204027504083,6
6296,31,29,107,16,-10.30345756995746,13
6297,88,43,53,29,-10.308417089519109,14
6298,15,13,108,9,-10.31501087444828,4
6299,65,10,35,7,-10.321578642281732,3
6300,10,14,11,9,-10.326527517070998,5
6301,46,18,30,12,-10.329090932236761,6
6302,1,13,37,8,-10.34216426905315,5
6303,69,35,49,21,-10.342242920046678,14
6304,102,16,40,10,-10.346146758066936,6
6305,27,15,17,9,-10.354549099588288,6
6306,7,10,94,7,-10.355621654064775,3
6307,88,39,50,25,-10.364860984100913,14
6308,69,24,63,16,-10.366973166191583,8
6309,55,16,15,12,-10.37053728825799,4
6310,93,16,106,10,-10.37915501513517,6
6311,92,14,16,11,-10.38158487536854,3
6312,35,26,76,17,-10.390096019432454,9
6313,103,14,72,9,-10.391960458595065,5
6314,12,10,72,7,-10.399951670168408,3
6315,114,19,95,12,-10.422604339796184,7
6316,57,17,76,12,-10.424696568875106,5
6317,39,16,44,10,-10.434810009571377,6
6318,94,10,77,7,-10.443428313097055,3
6319,33,11,30,8,-10.449500632702227,3
6320,31,10,6,6,-10.459894630543896,4
6321,49,14,94,10,-10.474432971630804,4
6322,48,37,63,25,-10.480037623792747,12
6323,48,10,62,6,-10.487894133335649,4
6324,9,27,64,19,-10.495957554452968,8
6325,102,16,63,10,-10.517349087153978,6
6326,37,14,89,8,-10.519274673853,6
6327,36,27,27,17,-10.523349599331356,10
6328,97,19,71,13,-10.523533962196899,6
6329,60,28,100,19,-10.527238331999772,9
6330,17,16,41,11,-10.533333329606139,5
6331,108,13,76,9,-10.539317855686345,4
6332,20,39,50,26,-10.540260354284218,13
6333,11,15,49,10,-10.54175783006079,5
6334,3,26,28,17,-10.54496551322771,9
6335,40,17,28,10,-10.551622113062638,7
6336,54,19,71,12,-10.56377327137223,7
6337,9,15,95,9,-10.569002592922953,6
6338,75,26,104,17,-10.574353916694225,9
6339,49,21,41,14,-10.608235357108475,7
6340,91,31,7,22,-10.60910028610159,9
6341,103,13,28,9,-10.6092467019397,4
6342,91,12,69,7,-10.612845012106748,5
6343,71,18,98,12,-10.627953776602759,6
6344,35,11,3,7,-10.637414854102069,4
6345,98,25,5,16,-10.662918685540621,9
6346,9,21,20,14,-10.676297323703047,7
6347,76,13,75,8,-10.684711333832395,5
6348,36,13,43,8,-10.713552025008546,5
6349,111,11,54,8,-10.714143810197228,3
6350,106,64,16,44,-10.722961682071126,20
6351,17,22,53,15,-10.723383781136489,7
6352,108,23,53,14,-10.749834986479383,9
6353,57,21,65,14,-10.760244548071404,7
6354,7,11,59,8,-10.771239818059199,3
6355,19,25,7,18,-10.775977198177875,7
6356,91,25,55,18,-10.791612827626562,7
6357,89,12,63,9,-10.816669680392751,3
6358,81,17,106,10,-10.816681182916206,7
6359,94,16,85,11,-10.818759630623866,5
6360,65,26,38,16,-10.83463870682702,10
6361,15,14,62,9,-10.843943580538047,5
6362,114,31,87,19,-10.855794018644563,12
6363,67,17,86,11,-10.856458271232285,6
6364,88,12,34,8,-10.870595643696577,4
6365,43,15,34,10,-10.890919445406585,5
6366,66,10,11,6,-10.898142591848792,4
6367,5,17,73,11,-10.90738305979487,6
6368,86,37,102,25,-10.919714046293317,12
6369,66,10,78,6,-10.927212098742269,4
6370,88,19,102,14,-10.972125082564368,5
6371,97,25,13,16,-10.985857531237674,9
6372,110,20,51,14,-11.000148170458745,6
6373,3,26,40,18,-11.007177692487943,8
6374,71,13,15,9,-11.00914391321026,4
6375,92,14,41,9,-11.016394202336143,5
6376,102,16,30,10,-11.0178981442201,6
6377,66,13,7,8,-11.034566799554375,5
6378,32,17,16,11,-11.045561391190384,6
6379,114,12,32,8,-11.045874107216177,4
6380,1,39,55,27,-11.047135752371082,12
6381,11,11,99,7,-11.04788337752713,4
6382,29,33,60,21,-11.07047089279055,12
6383,109,20,15,15,-11.089378066263171,5
6384,104,15,62,11,-11.098747349135209,4
6385,32,13,74,9,-11.101664191982367,4
6386,65,18,72,12,-11.109219542203151,6
6387,70,15,46,10,-11.123543654837002,5
6388,91,16,43,11,-11.128114127049445,5
6389,102,22,107,14,-11.147471989575463,8
6390,1,13,78,9,-11.156578268103178,4
6391,51,29,95,21,-11.161050582896516,8
6392,107,44,57,29,-11.168813176635187,15
6393,37,18,64,12,-11.185324034227655,6
6394,1,11,89,7,-11.20901106938993,4
6395,46,12,100,8,-11.210309669403358,4
6396,3,15,25,10,-11.21463496022273,5
6397,106,18,98,12,-11.217270403208776,6
6398,51,13,73,9,-11.219804453521853,4
6399,8,36,75,25,-11.220741251540183,11
6400,96,20,46,12,-11.223825219116964,8
6401,77,16,98,11,-11.231262510023575,5
6402,68,25,25,17,-11.235607083018872,8
6403,81,13,40,9,-11.249205674756395,4
6404,7,52,75,35,-11.2746633859962,17
6405,55,14,2,9,-11.276816159574057,5
6406,27,11,111,8,-11.279710088837586,3
6407,61,10,75,6,-11.283854363299366,4
6408,5,10,80,7,-11.295210617596885,3
6409,96,25,7,18,-11.300422106484014,7
6410,94,24,39,16,-11.32703813285409,8
6411,20,12,64,9,-11.331308462604776,3
6412,112,11,108,7,-11.335603356831987,4
6413,77,30,104,20,-11.335858846829382,10
6414,62,21,74,14,-11.355871307801838,7
6415,102,15,75,11,-11.3579023724584,4
6416,112,22,28,15,-11.372427658976596,7
6417,10,14,107,9,-11.38119632500004,5
6418,85,15,30,10,-11.389802877653427,5
6419,38,11,4,8,-11.395009854616482,3
6420,95,10,29,7,-11.401888238693147,3
6421,13,10,42,7,-11.411149524623212,3
6422,103,28,100,19,-11.432959735169575,9
6423,18,47,13,31,-11.43817217657445,16
6424,106,41,114,27,-11.462749893343954,14
6425,18,15,11,10,-11.496523839067972,5
6426,75,14,98,9,-11.497093707313171,5
6427,81,15,7,9,-11.525413070422037,6
6428,7,12,110,7,-11.526061320417652,5
6429,76,15,74,9,-11.544600382799558,6
6430,3,15,38,10,-11.55575224939262,5
6431,71,10,111,7,-11.563837134119527,3
6432,104,16,36,10,-11.564722196156035,6
6433,37,38,11,26,-11.566356283581701,12
6434,39,15,90,10,-11.577976501423594,5
6435,109,37,107,26,-11.580870472269066,11
6436,13,41,30,27,-11.600993566247702,14
6437,70,23,11,16,-11.609570033059052,7
6438,88,81,13,56,-11.623960396790293,25
6439,38,17,75,13,-11.628826987325242,4
6440,40,12,100,8,-11.638460148115906,4
6441,83,17,107,12,-11.644521740420235,5
6442,103,14,55,10,-11.665396814547549,4
6443,9,28,15,17,-11.665769067286677,11
6444,104,11,93,7,-11.670878710804795,4
6445,88,10,21,7,-11.67738292245627,3
6446,81,10,8,7,-11.678569579324556,3
6447,28,23,34,16,-11.682170467841411,7
6448,96,13,91,9,-11.692854193124042,4
6449,69,12,34,10,-11.742698738008174,2
6450,43,20,54,13,-11.759609270938485,7
6451,62,10,112,7,-11.78047192200998,3
6452,65,12,91,8,-11.784658313781671,4
6453,54,10,44,7,-11.791894285038754,3
6454,40,21,8,15,-11.791921402372775,6
6455,41,11,15,8,-11.80165523386963,3
6456,108,11,8,8,-11.805411430354427,3
6457,91,10,53,7,-11.811611902058761,3
6458,17,10,83,6,-11.812775268760374,4
6459,111,16,28,11,-11.820301223407922,5
6460,64,10,74,6,-11.828764368523549,4
6461,28,47,63,33,-11.828866423716303,14
6462,37,10,78,7,-11.831707242150298,3
6463,86,17,92,11,-11.83357437507567,6
6464,3,30,30,21,-11.833742535667648,9
6465,28,34,74,23,-11.834419909257845,11
6466,109,16,57,11,-11.845104860145758,5
6467,41,22,111,14,-11.859477089655313,8
6468,104,18,90,12,-11.89837391797068,6
6469,77,17,71,12,-11.915487518479782,5
6470,65,46,114,30,-11.938229846486397,16
6471,18,27,95,18,-11.951490678023534,9
6472,60,16,37,10,-11.9668638856867,6
6473,57,18,79,11,-11.9698264771124,7
6474,55,18,102,12,-11.983866194974432,6
6475,29,16,64,12,-12.010507228979478,4
6476,81,29,87,18,-12.01535695996611,11
6477,104,12,1,8,-12.020108292717424,4
6478,89,10,7,7,-12.029257289487045,3
6479,89,10,10,7,-12.051235053807009,3
6480,63,18,1,11,-12.054495717242014,7
6481,85,19,39,12,-12.059881057913875,7
6482,71,22,104,14,-12.060518806565574,8
6483,3,20,53,14,-12.068087567340713,6
6484,28,11,26,8,-12.079045982156575,3
6485,35,11,8,8,-12.093356369533684,3
6486,72,20,28,14,-12.11934808588004,6
6487,70,12,34,8,-12.123530804367727,4
6488,4,10,15,6,-12.1242208434208,4
6489,63,12,92,7,-12.136993324985582,5
6490,47,13,55,8,-12.137143102946048,5
6491,96,40,11,27,-12.14102850879166,13
6492,70,22,2,14,-12.153236389251056,8
6493,99,21,107,14,-12.174640608684573,7
6494,57,25,70,15,-12.177083859404236,10
6495,39,20,108,13,-12.18469562110551,7
6496,84,35,11,24,-12.189911906563859,11
6497,29,26,13,17,-12.196916226476912,9
6498,106,11,78,8,-12.21024325274275,3
6499,43,19,75,14,-12.224767647713705,5
6500,60,22,74,14,-12.230302476711504,8
6501,78,11,38,8,-12.248719399574965,3
6502,19,16,9,11,-12.252328421645837,5
6503,84,11,71,8,-12.255989147154674,3
6504,39,10,32,7,-12.25900875776762,3
6505,41,13,34,8,-12.262731570966233,5
6506,18,15,69,10,-12.281407888329312,5
6507,96,29,98,20,-12.301665445316491,9
6508,57,14,75,10,-12.306540056833528,4
6509,60,24,47,17,-12.306617941323186,7
6510,104,23,49,16,-12.322985298305156,7
6511,19,13,18,9,-12.34789234634166,4
6512,97,12,67,9,-12.35346782744064,3
6513,46,39,104,26,-12.353574327141937,13
6514,12,14,75,9,-12.356839423121746,5
6515,77,22,8,15,-12.389831393600819,7
6516,72,17,39,12,-12.40392712900527,5
6517,50,17,36,10,-12.423703215189779,7
6518,87,31,98,22,-12.43458344819276,9
6519,37,14,18,10,-12.438833593443572,4
6520,85,10,41,6,-12.470634664927642,4
6521,81,12,28,8,-12.485800898870087,4
6522,92,15,64,8,-12.492372460791037,7
6523,5,27,75,17,-12.535083552437035,10
6524,60,17,34,12,-12.542344059494537,5
6525,71,18,41,13,-12.557773267008848,5
6526,5,27,57,19,-12.572003913811173,8
6527,102,12,15,9,-12.597866884640942,3
6528,38,13,100,10,-12.638482369277126,3
6529,38,17,11,12,-12.666110828343466,5
6530,5,15,48,11,-12.675358072710548,4
6531,63,40,80,28,-12.682443988429267,12
6532,57,16,62,12,-12.692635812852643,4
6533,2,12,57,8,-12.707474284723991,4
6534,88,16,111,12,-12.710530076381987,4
6535,48,12,98,9,-12.72400980532305,3
6536,106,24,46,15,-12.725492516069489,9
6537,49,13,80,8,-12.731038457974943,5
6538,106,14,33,10,-12.736963404825662,4
6539,19,24,51,17,-12.738488527069295,7
6540,36,10,95,7,-12.746346244298937,3
6541,1,15,100,10,-12.750379039232412,5
6542,81,12,54,8,-12.757047966098474,4
6543,65,45,100,32,-12.776183066759627,13
6544,51,21,80,14,-12.779249811641693,7
6545,43,19,30,14,-12.796623632801937,5
6546,11,14,108,10,-12.798974196396992,4
6547,3,30,100,21,-12.800572102453428,9
6548,49,15,48,11,-12.81836340341926,4
6549,77,23,100,16,-12.818782405925534,7
6550,109,22,30,16,-12.839209618545274,6
6551,66,10,87,7,-12.884783195379665,3
6552,65,21,2,16,-12.8900275785182,5
6553,109,19,17,13,-12.911257852793488,6
6554,94,13,9,8,-12.936870793436032,5
6555,12,15,114,9,-12.949509468076533,6
6556,60,29,91,19,-12.952631394075716,10
6557,87,25,79,18,-12.975070375784377,7
6558,3,13,47,9,-13.091382859027684,4
6559,57,19,34,13,-13.102180312140826,6
6560,87,11,21,8,-13.114631052870209,3
6561,104,14,78,10,-13.11487230524264,4
6562,70,10,83,6,-13.118339150755117,4
6563,77,18,43,12,-13.132749418487641,6
6564,3,30,63,23,-13.136472607002512,7
6565,88,13,98,10,-13.137787822509532,3
6566,37,28,95,21,-13.149042342745602,7
6567,112,17,47,11,-13.19505835586536,6
6568,89,17,27,12,-13.200102555354917,5
6569,37,12,15,9,-13.204885577431204,3
6570,54,18,36,12,-13.217744798273172,6
6571,54,37,75,25,-13.241406019841683,12
6572,11,23,95,17,-13.263288005084238,6
6573,5,31,102,21,-13.269431869962297,10
6574,99,12,7,8,-13.274517260788413,4
6575,106,19,64,13,-13.295192075566398,6
6576,46,17,50,11,-13.310329365776978,6
6577,18,16,47,12,-13.317575135316673,4
6578,46,12,18,9,-13.322032493347338,3
6579,27,32,104,23,-13.327610656888114,9
6580,32,11,55,7,-13.36363963009391,4
6581,35,12,104,8,-13.369677424437175,4
6582,79,10,15,7,-13.418428089893245,3
6583,112,11,91,8,-13.423237527272477,3
6584,53,15,75,10,-13.423496737137004,5
6585,68,16,61,11,-13.424919545398375,5
6586,32,12,25,7,-13.427877456338663,5
6587,45,15,23,11,-13.436468047997268,4
6588,53,19,43,14,-13.438033142991657,5
6589,35,15,36,11,-13.440272285829963,4
6590,60,14,103,10,-13.46964943119417,4
6591,69,24,27,16,-13.483104419153626,8
6592,108,12,84,9,-13.488009207908556,3
6593,63,32,30,22,-13.49817196218878,10
6594,6,10,80,7,-13.522871173076245,3
6595,91,12,76,9,-13.56346091448288,3
6596,74,10,15,7,-13.56932630742914,3
6597,11,31,104,22,-13.57220534859567,9
6598,12,13,9,9,-13.614723999539923,4
6599,12,10,55,7,-13.61833694996344,3
6600,100,10,47,7,-13.638954219983797,3
6601,94,12,17,8,-13.646957443918598,4
6602,18,11,49,8,-13.655065375637419,3
6603,49,13,47,10,-13.686396277061279,3
6604,44,14,104,10,-13.703910249073422,4
6605,31,25,63,18,-13.714594813504094,7
6606,27,10,97,6,-13.735152835550487,4
6607,88,37,95,26,-13.752013257016609,11
6608,20,16,34,12,-13.76310700617088,4
6609,58,26,65,18,-13.766462789610351,8
6610,76,19,7,12,-13.791356001018313,7
6611,112,11,97,9,-13.794615799527321,2
6612,31,74,13,51,-13.800549608099518,23
6613,31,17,98,11,-13.805084918983175,6
6614,112,14,38,11,-13.819485047030144,3
6615,50,18,77,14,-13.854547351284703,4
6616,104,14,34,10,-13.864298464092721,4
6617,50,19,53,13,-13.883151416746287,6
6618,12,25,41,18,-13.88552635420771,7
6619,112,10,25,7,-13.919292260310078,3
6620,112,11,37,8,-13.937736127059297,3
6621,20,14,60,10,-13.93992645286088,4
6622,69,19,75,14,-13.94230448490658,5
6623,109,11,91,8,-13.94618860472034,3
6624,71,24,40,17,-13.948125771645659,7
6625,109,29,114,22,-13.961336538901845,7
6626,75,12,111,8,-13.972281809419961,4
6627,94,41,16,30,-13.991172089526607,11
6628,54,29,48,20,-14.01975726236914,9
6629,39,11,45,7,-14.033377854173942,4
6630,77,29,40,21,-14.048771071022598,8
6631,38,22,104,15,-14.071473191155556,7
6632,9,30,41,21,-14.113579732248974,9
6633,98,15,109,11,-14.143515346576434,4
6634,103,12,109,8,-14.151946322942884,4
6635,75,10,72,7,-14.207053385683185,3
6636,7,17,61,11,-14.217702740281519,6
6637,2,14,100,9,-14.262388309586743,5
6638,68,28,100,19,-14.286728990485932,9
6639,37,12,34,9,-14.300571264435137,3
6640,102,11,46,8,-14.307494713152051,3
6641,57,12,31,8,-14.310689026630849,4
6642,86,25,26,19,-14.32203675657022,6
6643,77,27,7,19,-14.33556677589385,8
6644,83,10,40,8,-14.347262135245904,2
6645,81,15,100,10,-14.382694095158195,5
6646,90,16,20,11,-14.40477443227545,5
6647,78,19,76,15,-14.413574538633682,4
6648,70,26,108,19,-14.427393649276276,7
6649,14,11,80,7,-14.435345395194508,4
6650,35,13,97,10,-14.4445517315995,3
6651,5,12,44,9,-14.447481002517355,3
6652,35,13,63,9,-14.450412261730216,4
6653,2,10,73,7,-14.457830254043136,3
6654,76,10,80,7,-14.461464881129865,3
6655,25,12,34,9,-14.468789684868275,3
6656,62,11,12,8,-14.509530975721363,3
6657,77,15,15,11,-14.526389381898245,4
6658,37,12,73,8,-14.533349572792924,4
6659,9,11,108,7,-14.533752266696007,4
6660,6,10,19,7,-14.554142944413206,3
6661,50,19,80,15,-14.554439051919099,4
6662,99,12,50,8,-14.581629542155014,4
6663,102,10,48,8,-14.635039204661876,2
6664,109,34,27,23,-14.672056456650022,11
6665,78,19,17,13,-14.709203332504178,6
6666,83,19,114,14,-14.71253096490687,5
6667,29,10,74,7,-14.72390247298373,3
6668,31,10,100,7,-14.730848989291465,3
6669,102,11,90,6,-14.739148726840858,5
6670,106,14,32,11,-14.741977351969277,3
6671,51,22,72,15,-14.75505634651796,7
6672,47,12,78,8,-14.759178311128258,4
6673,19,15,55,10,-14.762490489035601,5
6674,109,14,72,11,-14.772801167610014,3
6675,35,11,102,7,-14.787485364380144,4
6676,76,13,15,9,-14.81353391108204,4
6677,38,13,87,9,-14.859584047072818,4
6678,28,12,110,8,-14.8602682733133,4
6679,77,29,16,21,-14.872386678350562,8
6680,22,12,13,9,-14.994671319317485,3
6681,51,22,94,16,-14.997434958358065,6
6682,75,10,45,8,-15.003649946946844,2
6683,99,18,25,13,-15.014737107768294,5
6684,93,10,38,6,-15.046407356806796,4
6685,79,16,104,11,-15.05495488242158,5
6686,77,10,54,9,-15.067841236649627,1
6687,29,10,71,8,-15.14318831762859,2
6688,39,20,109,15,-15.219138622703902,5
6689,46,14,93,11,-15.251126640356869,3
6690,94,12,104,9,-15.27233865597327,3
6691,84,15,41,11,-15.33074063826509,4
6692,3,27,84,18,-15.372916145146673,9
6693,25,14,49,10,-15.43786379260084,4
6694,11,12,2,9,-15.440247463007857,3
6695,94,15,62,11,-15.456678982493086,4
6696,107,25,73,17,-15.460672720698524,8
6697,103,12,74,9,-15.463990000688312,3
6698,39,12,2,9,-15.473797666414958,3
6699,84,22,112,16,-15.486639525748986,6
6700,31,15,69,10,-15.502962092044207,5
6701,2,18,104,12,-15.50344370749933,6
6702,104,20,64,15,-15.515264160119221,5
6703,10,11,37,7,-15.516949569025604,4
6704,14,11,25,9,-15.536643242754739,2
6705,9,16,48,12,-15.537621007215709,4
6706,31,12,104,8,-15.561592201078605,4
6707,5,20,23,15,-15.563915929412014,5
6708,45,14,4,10,-15.600891470448104,4
6709,69,10,23,8,-15.603167423944376,2
6710,85,11,106,8,-15.605731963514037,3
6711,97,13,90,9,-15.62188808576594,4
6712,29,26,88,19,-15.663393885093672,7
6713,97,12,14,10,-15.664913845649806,2
6714,112,14,15,10,-15.700949053545525,4
6715,1,13,8,10,-15.702434313684371,3
6716,51,20,45,15,-15.703190735785386,5
6717,80,13,75,10,-15.71805205236554,3
6718,35,12,80,9,-15.72406211872363,3
6719,77,14,37,10,-15.73169378416834,4
6720,96,16,93,12,-15.73319462766121,4
6721,35,10,75,8,-15.755761764469415,2
6722,93,11,30,8,-15.77720736230077,3
6723,88,19,80,13,-15.78210749106585,6
6724,17,22,95,17,-15.802621580377178,5
6725,31,45,16,33,-15.837412153743443,12
6726,28,29,90,22,-15.880089586771652,7
6727,57,18,94,13,-15.891839037049907,5
6728,28,12,43,8,-15.894105628705272,4
6729,9,30,53,22,-15.894615033798411,8
6730,70,13,80,11,-15.90133341789594,2
6731,51,18,2,12,-15.90559711313002,6
6732,76,18,54,13,-15.916701819672275,5
6733,63,13,14,9,-15.961958621197994,4
6734,5,18,41,12,-16.050377082501456,6
6735,103,11,50,8,-16.107700105307455,3
6736,41,17,30,12,-16.109597077758615,5
6737,112,15,71,11,-16.11687592102847,4
6738,46,13,98,9,-16.12835125202737,4
6739,102,10,43,7,-16.154622115934174,3
6740,35,12,48,9,-16.1584671300222,3
6741,60,16,102,11,-16.199085660218575,5
6742,80,12,34,10,-16.269229317512288,2
6743,57,22,100,16,-16.352929528191847,6
6744,83,13,27,11,-16.36809252264109,2
6745,40,10,29,8,-16.37829418439082,2
6746,39,19,99,15,-16.42872930905631,4
6747,25,25,11,20,-16.429746187224737,5
6748,55,15,14,12,-16.464885141480416,3
6749,87,10,61,7,-16.482333693393567,3
6750,64,10,66,8,-16.526342406123632,2
6751,83,20,16,15,-16.531803021169054,5
6752,81,17,49,12,-16.548537671207548,5
6753,68,22,95,18,-16.550204863156033,4
6754,36,10,101,8,-16.627946704419497,2
6755,68,16,50,11,-16.665846594945688,5
6756,69,23,53,17,-16.67657945090473,6
6757,112,28,78,21,-16.679149831728488,7
6758,71,15,95,10,-16.72675418994599,5
6759,83,13,23,10,-16.744700089549813,3
6760,76,10,1,7,-16.815372977495876,3
6761,97,14,38,11,-16.838290194315167,3
6762,69,14,72,11,-16.843378758894527,3
6763,57,21,7,14,-16.86838035950274,7
6764,12,13,30,10,-16.886629998777657,3
6765,10,12,13,9,-16.89276746041982,3
6766,112,19,20,15,-16.964936240764274,4
6767,31,10,38,6,-16.97274158238424,4
6768,46,11,43,8,-16.991693442801246,3
6769,70,11,48,8,-17.04295857723929,3
6770,102,12,29,10,-17.056577765128154,2
6771,1,14,18,11,-17.058153705270225,3
6772,9,29,27,21,-17.072056537621457,8
6773,2,11,60,8,-17.11684300008854,3
6774,23,13,72,10,-17.14817782244225,3
6775,41,10,6,7,-17.168490702692317,3
6776,5,22,27,16,-17.186967099907662,6
6777,112,12,55,10,-17.232830626787052,2
6778,29,15,109,10,-17.260757725038395,5
6779,106,10,35,7,-17.319051156851785,3
6780,54,11,34,9,-17.37969504408319,2
6781,35,10,60,7,-17.41812694726481,3
6782,29,10,80,8,-17.457200220457587,2
6783,18,14,23,10,-17.468338798211544,4
6784,83,11,110,9,-17.575104905290946,2
6785,67,10,20,8,-17.6724550880506,2
6786,3,11,5,7,-17.694163901939547,4
6787,58,23,86,18,-17.708236566074184,5
6788,55,12,44,9,-17.771847163193563,3
6789,5,18,30,15,-17.81053305502534,3
6790,88,17,32,13,-17.824594134673823,4
6791,114,11,111,8,-17.846918134233796,3
6792,41,10,35,7,-17.84884882348167,3
6793,62,16,78,12,-17.89987876325871,4
6794,30,15,95,11,-17.91990160883281,4
6795,54,10,67,8,-18.121548101252507,2
6796,79,10,75,8,-18.185200748196127,2
6797,43,12,81,9,-18.327617727929386,3
6798,13,20,80,14,-18.335804849316276,6
6799,18,10,5,8,-18.464269170029826,2
6800,31,15,106,11,-18.52908676481624,4
6801,33,19,55,15,-18.562648470025508,4
6802,12,10,45,8,-18.65380711999512,2
6803,28,17,99,13,-18.754584808369174,4
6804,102,12,27,10,-18.772173343475483,2
6805,35,15,87,11,-18.824404565886294,4
6806,66,10,13,8,-18.90151063724733,2
6807,4,13,98,11,-18.936498509144613,2
6808,106,11,89,7,-18.95338953455919,4
6809,106,10,92,8,-19.041690772468705,2
6810,43,12,45,9,-19.04326521517843,3
6811,64,12,109,8,-19.107730490345492,4
6812,54,16,4,14,-19.244087603842104,2
6813,18,14,99,11,-19.290873438644514,3
6814,36,19,30,17,-19.30529767168729,2
6815,51,22,90,18,-19.526276440378883,4
6816,6,11,30,9,-19.605882514870544,2
6817,108,12,114,9,-19.622938702057745,3
6818,5,11,64,9,-19.698196874853632,2
6819,31,11,15,8,-19.738787942525683,3
6820,32,12,95,10,-19.760326388824467,2
6821,94,10,48,8,-19.76499842953398,2
6822,33,15,65,12,-19.770112976636934,3
6823,97,13,73,9,-19.966763707753135,4
6824,84,12,7,10,-20.160900959942534,2
6825,68,38,112,30,-20.161440612174857,8
6826,109,13,12,11,-20.167092417268705,2
6827,34,10,64,8,-20.224712091526342,2
6828,103,10,75,9,-20.241991505098973,1
6829,10,15,51,12,-20.332726180509006,3
6830,3,17,48,13,-20.442566414929487,4
6831,94,23,81,17,-20.51779847980575,6
6832,79,11,17,9,-20.72101316555543,2
6833,68,11,90,9,-20.787956198015944,2
6834,38,11,55,9,-20.87506721402826,2
6835,3,17,75,14,-20.897191698320935,3
6836,62,11,34,9,-20.901478916088543,2
6837,10,14,112,11,-21.02177070913973,3
6838,43,10,110,8,-21.055981543018305,2
6839,112,16,80,12,-21.10879540796462,4
6840,72,11,57,11,-21.2224791597557,0
6841,51,11,101,9,-21.22662017561448,2
6842,91,16,104,15,-21.31971827875211,1
6843,58,11,49,9,-21.376962439830404,2
6844,4,13,25,11,-21.42004260246313,2
6845,4,15,41,10,-21.480590173913868,5
6846,31,12,62,9,-21.790941067775986,3
6847,48,13,78,11,-22.133379125833553,2
6848,57,14,112,11,-22.163408269660163,3
6849,97,12,91,10,-22.175648770183788,2
6850,109,13,19,11,-22.638381086719185,2
6851,1,10,3,8,-22.67051623941871,2
6852,29,12,72,10,-22.84597050029316,2
6853,8,11,4,10,-23.17790508365148,1
6854,66,10,58,9,-23.43526848489906,1
6855,77,19,75,16,-23.528365703077355,3
6856,57,13,29,11,-23.606557237030422,2
6857,97,11,34,9,-24.058676404388496,2
6858,33,10,100,9,-24.40727081526952,1
6859,42,11,104,10,-24.554805995086454,1
6860,57,12,26,10,-24.80508950345583,2
6861,89,11,11,10,-25.076774065413545,1
6862,38,10,69,9,-27.695920761479563,1
6863,23,13,90,12,-28.362481429909796,1
6864,37,11,44,11,-29.883498899257123,0
6865,102,16,112,15,-31.192976791251173,1
