,againstHero,games,hero,losses,shift,wins
0,112,17,102,1,31.59305348177514,16
1,44,11,37,0,29.883498899257123,11
2,90,13,23,1,28.3624814299098,12
3,98,10,61,0,28.323329566102483,10
4,69,10,38,1,27.695920761479563,9
5,11,14,89,1,26.028444475517254,13
6,100,11,33,1,25.460296177649862,10
7,104,11,42,1,24.55480599508645,10
8,75,19,77,3,23.528365703077363,16
9,4,11,8,1,23.177905083651492,10
10,26,14,57,3,23.006782602638847,11
11,3,10,1,2,22.67051623941871,8
12,91,12,97,2,22.175648770183788,10
13,55,12,38,2,22.071024000200875,10
14,62,12,31,3,21.79094106777599,9
15,34,12,62,2,21.778436974548587,10
16,112,15,57,3,21.579966031161536,12
17,41,15,4,5,21.480590173913868,10
18,25,13,4,2,21.42004260246313,11
19,104,16,91,1,21.319718278752113,15
20,101,11,51,2,21.22662017561448,9
21,19,10,37,1,21.121276459586674,9
22,80,16,112,4,21.10879540796462,12
23,109,10,90,1,21.034570289962257,9
24,112,14,10,3,21.02177070913973,11
25,75,17,3,3,20.897191698320935,14
26,90,11,68,2,20.787956198015944,9
27,48,18,3,4,20.77461856356065,14
28,114,13,108,3,20.766174427392738,10
29,48,12,94,2,20.576242864974443,10
30,81,23,94,6,20.51779847980575,17
31,51,15,10,3,20.332726180509006,12
32,75,10,103,1,20.241991505098973,9
33,64,10,34,2,20.22471209152634,8
34,112,38,68,8,20.161440612174857,30
35,7,12,84,2,20.160900959942534,10
36,73,13,97,4,19.966763707753135,9
37,95,12,32,2,19.760326388824463,10
38,15,11,31,3,19.73878794252568,8
39,64,11,5,2,19.698196874853632,9
40,30,11,6,2,19.605882514870544,9
41,114,11,29,3,19.428812885704772,8
42,30,19,36,2,19.30529767168729,17
43,99,14,18,3,19.290873438644514,11
44,4,16,54,2,19.2440876038421,14
45,45,12,43,3,19.04326521517843,9
46,92,10,106,2,19.041690772468705,8
47,89,11,106,4,18.95338953455919,7
48,98,13,4,2,18.936498509144613,11
49,34,12,97,3,18.831202908180156,9
50,55,20,33,4,18.82593244000092,16
51,87,15,35,4,18.8244045658863,11
52,72,14,29,3,18.821794346434423,11
53,27,12,102,2,18.772173343475483,10
54,99,17,28,4,18.754584808369174,13
55,45,10,12,2,18.653807119995122,8
56,19,14,109,3,18.610693282372274,11
57,106,15,31,4,18.52908676481624,11
58,5,10,18,2,18.464269170029823,8
59,34,12,54,2,18.362976743969615,10
60,80,20,13,6,18.33580484931627,14
61,19,11,6,3,18.335706204340305,8
62,81,12,43,3,18.327617727929386,9
63,12,16,109,3,18.236529516658816,13
64,75,10,79,2,18.18520074819613,8
65,67,10,54,2,18.121548101252507,8
66,78,17,62,4,18.093769732536938,13
67,95,15,30,4,17.919901608832813,11
68,35,10,41,3,17.84884882348167,7
69,111,11,114,3,17.846918134233796,8
70,32,17,88,4,17.82459413467382,13
71,30,18,5,3,17.81053305502534,15
72,44,12,55,3,17.77184716319356,9
73,90,23,51,5,17.7178788097309,18
74,5,11,3,4,17.694163901939547,7
75,108,12,9,4,17.68902181325234,8
76,20,10,67,2,17.6724550880506,8
77,110,11,83,2,17.575104905290946,9
78,55,13,12,3,17.50536963681713,10
79,80,10,29,2,17.457200220457587,8
80,60,10,35,3,17.41812694726481,7
81,35,10,106,3,17.319051156851785,7
82,27,22,5,6,17.18696709990766,16
83,72,13,23,3,17.14817782244225,10
84,30,19,41,5,17.133905431137766,14
85,60,11,2,3,17.11684300008854,8
86,27,29,9,8,17.072056537621453,21
87,18,14,1,3,17.058153705270225,11
88,48,11,70,3,17.04295857723929,8
89,38,10,31,4,16.97274158238424,6
90,20,19,112,4,16.964936240764274,15
91,43,12,46,3,16.90387334173946,9
92,29,18,57,4,16.90112236273495,14
93,13,12,10,3,16.892767460419815,9
94,78,14,48,3,16.88793509976696,11
95,88,27,29,7,16.852047860671817,20
96,72,14,69,3,16.843378758894527,11
97,1,10,76,3,16.815372977495876,7
98,23,13,83,3,16.744700089549806,10
99,95,15,71,5,16.72675418994599,10
100,78,28,112,7,16.679149831728484,21
101,53,23,69,6,16.67657945090473,17
102,101,10,36,2,16.6279467044195,8
103,95,22,68,4,16.550204863156036,18
104,49,17,81,5,16.548537671207544,12
105,54,19,76,5,16.540023798121855,14
106,17,12,79,3,16.528587589888385,9
107,66,10,64,2,16.526342406123636,8
108,109,17,29,6,16.51535492742475,11
109,61,10,87,3,16.482333693393567,7
110,14,15,55,3,16.464885141480416,12
111,11,25,25,5,16.429746187224733,20
112,99,19,39,4,16.42872930905631,15
113,74,13,103,3,16.409823032190317,10
114,29,10,40,2,16.378294184390825,8
115,110,11,43,3,16.376498956572302,8
116,27,13,83,2,16.368092522641092,11
117,100,22,57,6,16.35292952819185,16
118,104,19,2,6,16.352388003055783,13
119,109,17,98,4,16.306862994782442,13
120,30,18,85,5,16.30460960882904,13
121,65,16,33,4,16.28612136110108,12
122,16,37,77,9,16.280895857817438,28
123,34,12,80,2,16.269229317512288,10
124,86,25,58,6,16.26853319646312,19
125,102,16,60,5,16.199085660218575,11
126,48,17,9,4,16.17773183563187,13
127,48,12,35,3,16.1584671300222,9
128,43,10,102,3,16.154622115934178,7
129,98,13,46,4,16.128351252027375,9
130,71,15,112,4,16.116875921028473,11
131,41,18,5,6,16.05037708250146,12
132,15,14,37,3,16.033544043199246,11
133,14,13,63,4,15.961958621197992,9
134,2,18,51,6,15.905597113130021,12
135,80,13,70,2,15.901333417895936,11
136,53,30,9,8,15.894615033798411,22
137,94,18,57,5,15.891839037049907,13
138,90,29,28,7,15.880089586771653,22
139,16,45,31,12,15.837412153743443,33
140,15,12,41,3,15.833444649300692,9
141,95,22,17,5,15.80262158037718,17
142,30,11,93,3,15.777207362300766,8
143,75,10,35,2,15.755761764469415,8
144,17,13,94,4,15.746212612138292,9
145,93,16,96,4,15.733194627661211,12
146,80,12,35,3,15.72406211872363,9
147,98,14,88,3,15.721203352726127,11
148,75,13,80,3,15.718052052365534,10
149,45,20,51,5,15.703190735785382,15
150,8,13,1,3,15.702434313684373,10
151,15,14,112,4,15.700949053545523,10
152,15,17,77,4,15.676504035867326,13
153,14,12,97,2,15.664913845649806,10
154,90,13,97,4,15.621888085765939,9
155,106,11,85,3,15.60573196351404,8
156,23,10,69,2,15.603167423944376,8
157,4,14,45,4,15.600891470448106,10
158,100,10,90,2,15.596895375105728,8
159,23,20,5,5,15.563915929412016,15
160,104,12,31,4,15.561592201078605,8
161,25,11,14,2,15.536643242754739,9
162,13,12,66,3,15.520614540867866,9
163,37,11,10,4,15.516949569025604,7
164,64,20,104,5,15.515264160119225,15
165,69,15,31,5,15.502962092044205,10
166,112,22,84,6,15.486639525748984,16
167,2,12,39,3,15.473797666414955,9
168,73,25,107,8,15.460672720698525,17
169,62,15,94,4,15.456678982493088,11
170,49,14,25,4,15.43786379260084,10
171,100,15,2,5,15.363858490781988,10
172,41,15,84,4,15.33074063826509,11
173,104,12,94,3,15.27233865597327,9
174,93,14,46,3,15.251126640356864,11
175,54,11,77,1,15.154916790692532,10
176,71,10,29,2,15.143188317628589,8
177,78,13,47,4,15.091757543510106,9
178,77,19,50,4,15.082093464135088,15
179,34,17,20,4,15.068240557725042,13
180,104,16,79,5,15.054954882421578,11
181,38,10,93,4,15.046407356806796,6
182,25,18,99,5,15.014737107768298,13
183,45,10,75,2,15.003649946946844,8
184,13,12,22,3,14.994671319317485,9
185,16,42,94,11,14.87192057190217,31
186,110,12,28,4,14.860268273313302,8
187,87,13,38,4,14.859584047072822,9
188,15,13,76,4,14.81353391108204,9
189,102,11,35,4,14.787485364380148,7
190,7,11,89,3,14.785043291363065,8
191,72,22,51,7,14.75505634651796,15
192,32,14,106,3,14.741977351969275,11
193,100,10,31,3,14.730848989291463,7
194,7,28,77,8,14.729495105034687,20
195,7,22,57,8,14.718984574621357,14
196,114,19,83,5,14.712530964906872,14
197,17,19,78,6,14.709203332504181,13
198,55,16,19,5,14.687783547200532,11
199,27,34,109,11,14.672056456650022,23
200,39,10,66,3,14.612542929328722,7
201,50,12,99,4,14.581629542155014,8
202,80,19,50,4,14.554439051919097,15
203,73,12,37,4,14.533349572792922,8
204,38,15,97,4,14.531013843539446,11
205,34,21,57,6,14.476694715496802,15
206,34,12,25,3,14.468789684868277,9
207,80,10,76,3,14.461464881129865,7
208,73,10,2,3,14.457830254043136,7
209,63,13,35,4,14.450412261730216,9
210,44,12,5,3,14.447481002517355,9
211,97,13,35,3,14.444551731599502,10
212,80,11,14,4,14.435345395194508,7
213,108,26,70,7,14.42739364927628,19
214,100,15,81,5,14.382694095158195,10
215,40,10,83,2,14.347262135245902,8
216,26,25,86,6,14.322036756570222,19
217,31,12,57,4,14.310689026630849,8
218,46,11,102,3,14.30749471315205,8
219,23,15,18,5,14.275894417804928,10
220,83,11,17,4,14.26961565001442,7
221,12,14,62,4,14.247970004835995,10
222,61,17,7,6,14.21770274028152,11
223,72,10,75,3,14.207053385683187,7
224,58,12,66,3,14.196057070749218,9
225,100,32,3,9,14.177671200718622,23
226,41,30,9,9,14.113579732248976,21
227,104,22,38,7,14.071473191155556,15
228,100,31,68,10,14.06796579805442,21
229,40,29,77,8,14.048771071022596,21
230,45,11,39,4,14.033377854173942,7
231,55,16,103,4,14.032110996505947,12
232,48,29,54,9,14.01975726236914,20
233,6,11,41,4,13.992186541782052,7
234,111,12,75,4,13.972281809419963,8
235,114,29,109,7,13.96133653890184,22
236,108,21,39,7,13.948334466983779,14
237,40,24,71,7,13.948125771645659,17
238,75,19,69,5,13.942304484906579,14
239,19,11,89,3,13.94161043882894,8
240,60,14,20,4,13.93992645286088,10
241,37,11,112,3,13.937736127059294,8
242,25,10,112,3,13.919292260310076,7
243,63,31,3,7,13.905152866710315,24
244,16,21,83,6,13.89514480765839,15
245,53,19,50,6,13.883151416746285,13
246,27,18,89,5,13.875961301826154,13
247,39,18,72,5,13.872487814202472,13
248,100,30,103,9,13.847875266312382,21
249,47,12,57,4,13.84267633416554,8
250,38,14,112,3,13.819485047030144,11
251,98,17,31,6,13.805084918983171,11
252,13,74,31,23,13.800549608099516,51
253,97,11,112,2,13.794615799527321,9
254,7,19,76,7,13.79135600101831,12
255,43,24,77,7,13.78751906666527,17
256,62,17,57,4,13.757275808574349,13
257,95,37,88,11,13.752013257016605,26
258,97,10,27,4,13.735152835550483,6
259,63,25,31,7,13.714594813504092,18
260,104,14,44,4,13.703910249073422,10
261,47,13,49,3,13.686396277061283,10
262,49,11,18,3,13.655065375637422,8
263,34,18,60,5,13.644836415292456,13
264,15,10,74,3,13.569326307429137,7
265,76,12,91,3,13.563460914482881,9
266,80,10,6,3,13.522871173076249,7
267,13,27,29,9,13.513958263485302,18
268,55,13,112,3,13.498405767917479,10
269,30,32,63,10,13.498171962188783,22
270,84,12,108,3,13.488009207908556,9
271,27,24,69,8,13.48310441915363,16
272,2,14,11,4,13.45919571362459,10
273,94,24,51,7,13.451133934243908,17
274,36,15,35,4,13.440272285829963,11
275,43,19,53,5,13.438033142991653,14
276,23,15,45,4,13.436468047997268,11
277,25,12,32,5,13.427877456338663,7
278,34,13,70,4,13.426554854854947,9
279,61,16,68,5,13.424919545398375,11
280,75,15,53,5,13.423496737137006,10
281,91,11,112,3,13.423237527272482,8
282,27,10,45,3,13.421070416218551,7
283,62,11,48,4,13.383804058498159,7
284,18,15,19,4,13.380338986795525,11
285,109,14,103,5,13.379278679742844,9
286,104,12,35,4,13.369677424437178,8
287,79,27,87,7,13.366750000927574,20
288,55,11,32,4,13.36363963009391,7
289,18,12,46,3,13.322032493347338,9
290,29,13,102,3,13.321878000516273,10
291,50,17,46,6,13.310329365776974,11
292,80,20,88,7,13.305539707805673,13
293,64,19,106,6,13.295192075566398,13
294,7,12,99,4,13.274517260788409,8
295,102,31,5,10,13.269431869962297,21
296,95,23,11,6,13.26328800508424,17
297,75,37,54,12,13.241406019841682,25
298,36,18,54,6,13.217744798273172,12
299,47,17,112,6,13.195058355865363,11
300,95,28,37,7,13.149042342745604,21
301,57,10,90,3,13.132689572016895,7
302,11,41,37,12,13.080901694615491,29
303,57,13,72,2,13.071458888669095,11
304,15,25,109,6,13.057625002721615,19
305,55,14,47,5,13.036465008068175,9
306,9,14,12,4,13.029002866437168,10
307,8,23,77,7,12.998028971879117,16
308,85,17,94,5,12.991600312687373,12
309,98,19,77,5,12.976710403080931,14
310,91,29,60,10,12.952631394075715,19
311,41,11,85,4,12.952472883327003,7
312,114,15,12,6,12.94950946807653,9
313,74,16,76,6,12.94370107525992,10
314,9,13,94,5,12.936870793436032,8
315,13,85,88,25,12.913347950380574,60
316,17,19,109,6,12.911257852793495,13
317,2,21,65,5,12.890027578518202,16
318,39,25,94,8,12.842801062921897,17
319,63,13,89,3,12.828122832512113,10
320,48,16,49,4,12.810788363261889,12
321,108,14,11,4,12.798974196396989,10
322,80,21,51,7,12.779249811641693,14
323,109,14,64,6,12.75697214661366,8
324,100,15,1,5,12.750379039232412,10
325,95,10,36,3,12.746346244298937,7
326,33,14,106,4,12.736963404825662,10
327,80,13,49,5,12.731038457974943,8
328,46,24,106,9,12.725492516069492,15
329,98,12,48,3,12.72400980532305,9
330,111,16,88,4,12.710530076381987,12
331,11,19,9,6,12.708684805193935,13
332,80,40,63,12,12.682443988429272,28
333,48,15,5,4,12.675358072710548,11
334,50,12,103,4,12.651595097212066,8
335,100,13,38,3,12.63848236927713,10
336,76,20,78,5,12.633094549652569,15
337,39,20,85,7,12.618845399489867,13
338,15,12,102,3,12.597866884640938,9
339,57,27,5,8,12.572003913811171,19
340,3,12,35,4,12.563400964105028,8
341,41,18,71,5,12.55777326700885,13
342,84,30,3,11,12.554534045985251,19
343,75,27,5,10,12.535083552437033,17
344,64,15,92,7,12.492372460791035,8
345,28,12,81,4,12.485800898870087,8
346,18,14,37,4,12.43883359344357,10
347,98,31,87,9,12.43458344819276,22
348,65,27,58,9,12.431650709075084,18
349,36,17,50,7,12.423703215189779,10
350,35,10,109,3,12.40756243054421,7
351,75,14,12,5,12.356839423121745,9
352,67,12,97,3,12.35346782744064,9
353,49,23,104,7,12.322985298305156,16
354,13,34,94,11,12.315280597409899,23
355,75,14,57,4,12.306540056833526,10
356,98,29,96,9,12.301665445316493,20
357,100,30,77,9,12.29767742568246,21
358,51,29,19,8,12.290136577107425,21
359,69,15,18,5,12.281407888329312,10
360,109,21,39,6,12.264003725130953,15
361,37,18,60,7,12.263894360602315,11
362,104,32,11,10,12.263565943853273,22
363,34,13,41,5,12.262731570966233,8
364,32,10,39,3,12.25900875776762,7
365,71,11,84,3,12.255989147154674,8
366,9,16,19,5,12.252328421645835,11
367,58,11,29,3,12.250932195859464,8
368,43,13,28,5,12.235475976434273,8
369,74,22,60,8,12.230302476711508,14
370,75,19,43,5,12.224767647713705,14
371,64,19,37,6,12.216856507558587,13
372,78,11,106,3,12.210243252742755,8
373,42,11,13,3,12.203174115394757,8
374,72,15,109,4,12.199392565133767,11
375,11,35,84,11,12.189911906563859,24
376,107,21,99,7,12.174640608684571,14
377,30,22,43,6,12.163922938579748,16
378,2,22,70,8,12.153236389251056,14
379,11,40,96,13,12.141028508791658,27
380,92,12,63,5,12.136993324985582,7
381,34,14,37,4,12.135815020075324,10
382,15,10,4,4,12.1242208434208,6
383,28,20,72,6,12.11934808588004,14
384,8,11,35,3,12.093356369533685,8
385,72,21,19,6,12.088885005162663,15
386,49,22,23,7,12.076835461637522,15
387,53,20,3,6,12.068087567340713,14
388,104,22,71,8,12.060518806565575,14
389,1,18,63,7,12.054495717242014,11
390,10,10,89,3,12.051235053807009,7
391,30,20,46,6,12.04416469804492,14
392,1,12,104,4,12.020108292717422,8
393,87,29,81,11,12.01535695996611,18
394,64,16,29,4,12.010507228979476,12
395,17,17,19,5,11.99719820958889,12
396,102,18,55,6,11.983866194974436,12
397,37,15,77,5,11.967604181160283,10
398,104,41,46,14,11.952707107210887,27
399,95,27,18,9,11.951490678023532,18
400,114,46,65,16,11.938229846486395,30
401,71,17,77,5,11.915487518479784,12
402,70,26,57,10,11.90658563047212,16
403,11,19,47,5,11.90358829246849,14
404,79,11,12,4,11.86694352900842,7
405,111,22,41,8,11.859477089655313,14
406,15,31,9,13,11.8563964999367,18
407,74,34,28,11,11.834419909257846,23
408,92,17,86,6,11.833574375075667,11
409,63,47,28,14,11.8288664237163,33
410,74,10,64,4,11.828764368523546,6
411,28,16,111,5,11.82030122340792,11
412,104,31,77,10,11.812621663747167,21
413,53,10,91,3,11.811611902058761,7
414,8,11,108,3,11.805411430354427,8
415,8,21,40,6,11.791921402372775,15
416,44,10,54,3,11.791894285038754,7
417,91,12,65,4,11.784658313781675,8
418,112,10,62,3,11.78047192200998,7
419,58,10,103,3,11.772908526311582,7
420,63,17,102,6,11.747209471298396,11
421,34,12,69,2,11.742698738008178,10
422,49,17,37,6,11.72528182723186,11
423,91,13,96,4,11.692854193124042,9
424,34,23,28,7,11.682170467841415,16
425,8,10,81,3,11.678569579324554,7
426,21,10,88,3,11.677382922456276,7
427,93,11,104,4,11.670878710804793,7
428,107,17,83,5,11.644521740420231,12
429,100,12,40,4,11.638460148115906,8
430,75,17,38,4,11.628826987325246,13
431,11,23,70,7,11.609570033059049,16
432,90,15,39,5,11.57797650142359,10
433,36,16,104,6,11.564722196156039,10
434,111,10,71,3,11.563837134119533,7
435,108,13,3,4,11.562059375800661,9
436,38,15,3,5,11.55575224939262,10
437,110,12,7,5,11.526061320417648,7
438,7,15,81,6,11.525413070422038,9
439,108,10,18,3,11.50838861651189,7
440,98,14,75,5,11.49709370731317,9
441,68,12,37,4,11.496583691347082,8
442,11,15,18,5,11.49652383906797,10
443,57,18,109,6,11.478987462443365,12
444,49,14,58,5,11.46784966027551,9
445,104,34,27,11,11.465054134307783,23
446,114,41,106,14,11.462749893343952,27
447,100,35,49,12,11.456244824909795,23
448,50,18,68,7,11.447393428752163,11
449,13,47,18,16,11.43817217657445,31
450,41,26,12,8,11.414617123719323,18
451,47,17,18,5,11.411676107822029,12
452,4,11,38,3,11.395009854616484,8
453,65,22,57,7,11.382534230045799,15
454,107,14,10,5,11.38119632500004,9
455,39,28,78,9,11.374922957505097,19
456,28,22,112,7,11.372427658976592,15
457,75,15,102,4,11.357902372458398,11
458,74,21,62,7,11.355871307801836,14
459,108,11,112,4,11.33560335683198,7
460,64,12,20,3,11.33130846260478,9
461,7,25,96,7,11.300422106484014,18
462,80,10,5,3,11.295210617596885,7
463,75,10,61,4,11.283854363299362,6
464,111,11,27,3,11.279710088837586,8
465,2,14,55,5,11.276816159574059,9
466,100,50,65,16,11.275226832418378,34
467,75,52,7,17,11.274663385996204,35
468,83,11,70,5,11.265042422069474,6
469,40,13,81,4,11.249205674756393,9
470,25,25,68,8,11.235607083018873,17
471,46,20,96,8,11.223825219116966,12
472,75,36,8,11,11.220741251540183,25
473,73,13,51,4,11.219804453521853,9
474,98,18,106,6,11.217270403208776,12
475,25,15,3,5,11.214634960222732,10
476,100,12,46,4,11.210309669403356,8
477,89,11,1,4,11.209011069389932,7
478,11,18,38,6,11.204555428907188,12
479,78,13,1,4,11.156578268103178,9
480,57,47,107,16,11.151231752940356,31
481,43,16,91,5,11.128114127049443,11
482,46,15,70,5,11.123543654837002,10
483,48,11,102,3,11.116814719382416,8
484,74,13,32,4,11.101664191982366,9
485,62,15,104,4,11.098747349135207,11
486,41,21,89,6,11.096465892840717,15
487,43,11,62,4,11.085279152018602,7
488,99,11,11,4,11.04788337752713,7
489,55,39,1,12,11.047135752371082,27
490,32,12,114,4,11.045874107216177,8
491,16,17,32,6,11.04556139119038,11
492,7,13,66,5,11.034566799554375,8
493,79,22,57,8,11.023600850861113,14
494,41,14,92,5,11.016394202336144,9
495,15,13,71,4,11.00914391321026,9
496,40,26,3,8,11.00717769248795,18
497,51,20,110,6,11.000148170458745,14
498,13,25,97,9,10.985857531237675,16
499,103,15,60,5,10.955343329408253,10
500,78,10,66,4,10.92721209874227,6
501,73,17,5,6,10.907383059794872,11
502,100,29,41,10,10.901599179638211,19
503,72,21,3,8,10.8973614109594,13
504,51,33,81,12,10.882761671799573,21
505,86,17,67,6,10.856458271232285,11
506,87,31,114,12,10.855794018644565,19
507,38,26,65,10,10.83463870682702,16
508,106,17,81,7,10.816681182916202,10
509,55,25,91,7,10.791612827626562,18
510,87,31,70,12,10.781465568784292,19
511,7,25,19,7,10.775977198177877,18
512,59,11,7,3,10.771239818059199,8
513,55,24,43,6,10.765561111805056,18
514,53,23,108,9,10.749834986479383,14
515,60,33,12,14,10.739930341878678,19
516,23,10,11,3,10.736120462067522,7
517,34,15,104,5,10.726149392526478,10
518,53,22,17,7,10.72338378113649,15
519,43,46,87,15,10.722076381983786,31
520,54,11,111,3,10.714143810197228,8
521,43,13,36,5,10.713552025008548,8
522,75,13,76,5,10.684711333832391,8
523,20,21,9,7,10.676297323703045,14
524,63,17,33,6,10.663903494014164,11
525,5,25,98,9,10.66291868554062,16
526,26,11,16,4,10.64146366009584,7
527,98,18,71,6,10.627953776602759,12
528,69,12,91,5,10.61284501210675,7
529,15,10,70,4,10.61151390325362,6
530,28,13,103,4,10.6092467019397,9
531,7,31,91,9,10.609100286101588,22
532,43,24,15,8,10.586839846653575,16
533,104,26,75,9,10.57435391669422,17
534,95,15,9,6,10.569002592922953,9
535,71,19,54,7,10.563773271372229,12
536,20,11,12,4,10.562633058497621,7
537,28,17,40,7,10.551622113062637,10
538,19,13,79,5,10.549815768045493,8
539,28,26,3,9,10.544965513227709,17
540,50,39,20,13,10.540260354284218,26
541,76,13,108,4,10.539317855686345,9
542,72,19,77,7,10.526850068136513,12
543,71,19,97,6,10.5235339621969,13
544,27,27,36,10,10.523349599331352,17
545,64,27,9,8,10.495957554452968,19
546,63,37,48,12,10.480037623792745,25
547,94,14,49,4,10.474432971630803,10
548,49,18,43,6,10.472136702675096,12
549,55,20,23,8,10.462878964621973,12
550,6,10,31,4,10.459894630543896,6
551,48,17,108,5,10.443613045373397,12
552,77,10,94,3,10.443428313097055,7
553,43,17,9,7,10.435718767902006,10
554,78,15,46,6,10.435320162132966,9
555,44,16,39,6,10.434810009571377,10
556,60,35,29,13,10.420897470065027,22
557,49,18,11,6,10.404879276914007,12
558,72,14,103,5,10.391960458595063,9
559,76,26,35,9,10.390096019432455,17
560,16,14,92,3,10.381584875368542,11
561,106,16,93,6,10.37915501513517,10
562,108,14,68,5,10.378347429029548,9
563,15,16,55,4,10.37053728825799,12
564,63,24,69,8,10.366973166191581,16
565,50,39,88,14,10.364860984100916,25
566,104,24,12,8,10.358875950961012,16
567,94,10,7,3,10.355621654064773,7
568,17,15,27,6,10.35454909958829,9
569,40,16,102,6,10.346146758066935,10
570,37,48,54,16,10.34544690764123,32
571,37,13,1,5,10.342164269053148,8
572,27,44,19,14,10.321934555240027,30
573,35,10,65,3,10.321578642281732,7
574,108,13,15,4,10.31501087444828,9
575,53,43,88,14,10.308417089519107,29
576,107,29,31,13,10.30345756995746,16
577,94,31,12,12,10.295600144451132,19
578,45,23,107,8,10.289536165233189,15
579,60,24,112,8,10.282975838759185,16
580,72,22,68,7,10.275897741373274,15
581,30,33,3,10,10.271953494822816,23
582,103,16,84,7,10.26661061026012,9
583,67,16,106,6,10.252161434234207,10
584,63,35,91,11,10.225389928816243,24
585,78,28,12,8,10.221320945148182,20
586,30,17,31,7,10.214096274935343,10
587,10,14,28,4,10.207926130943799,10
588,107,42,109,14,10.207364620313744,28
589,91,24,39,8,10.206322081312438,16
590,90,19,104,7,10.205908373136607,12
591,98,15,2,6,10.198603389321667,9
592,41,23,49,8,10.197367127109919,15
593,71,13,33,4,10.195530501937561,9
594,97,41,37,14,10.190687502541845,27
595,6,12,9,5,10.175309866966636,7
596,98,27,49,9,10.169586744689958,18
597,47,15,3,5,10.1575624942685,10
598,49,15,103,6,10.148783757975783,9
599,92,16,68,5,10.14730683848729,11
600,96,11,23,4,10.143008283174426,7
601,53,37,31,14,10.136338371296793,23
602,92,10,109,3,10.132066653367776,7
603,78,12,114,5,10.123963867745248,7
604,74,11,29,4,10.117149758840513,7
605,53,36,36,11,10.114732824687987,25
606,23,32,76,12,10.095144638641568,20
607,79,12,106,4,10.079963228120917,8
608,40,16,49,6,10.077718304922938,10
609,49,37,69,15,10.07650924818243,22
610,13,23,83,8,10.067954696106945,15
611,44,10,38,3,10.048373138060269,7
612,34,21,19,7,10.04652541369688,14
613,87,14,66,5,10.045799735479145,9
614,70,10,3,3,10.036631807498473,7
615,110,13,107,4,10.03472132274693,9
616,30,19,91,6,10.028289002870832,13
617,30,27,84,8,10.023299208241367,19
618,76,19,57,6,10.020193133593672,13
619,108,33,13,11,10.000850224923417,22
620,95,25,65,9,9.987438820754939,16
621,65,16,66,5,9.98498312713016,11
622,53,21,12,8,9.979940044053077,13
623,6,15,61,5,9.976861344972212,10
624,73,18,88,6,9.974203425238965,12
625,87,10,85,3,9.971655390565866,7
626,91,12,109,4,9.971568873148845,8
627,46,14,90,5,9.960134782518512,9
628,75,15,29,6,9.923300198268764,9
629,95,10,2,3,9.920312629990502,7
630,63,50,84,19,9.919938234846502,31
631,1,11,57,4,9.916035104284743,7
632,30,18,70,7,9.913973705469937,11
633,54,34,60,11,9.913747967452048,23
634,28,35,75,12,9.910859132469223,23
635,103,21,68,8,9.904114100948439,13
636,15,13,79,5,9.90032435289108,8
637,11,14,83,4,9.89615191909491,10
638,79,18,51,8,9.895968302837433,10
639,110,20,16,7,9.893450419413208,13
640,2,17,54,5,9.883928701627934,12
641,17,15,71,6,9.874078720771614,9
642,75,17,1,5,9.87310906944801,12
643,22,12,27,4,9.866452926590915,8
644,38,14,57,6,9.862555383696968,8
645,51,26,33,7,9.853114112635922,19
646,44,21,13,7,9.844973608163798,14
647,74,10,3,3,9.841517466916372,7
648,53,10,98,4,9.839111782848335,6
649,9,17,47,6,9.833363334347146,11
650,47,17,69,6,9.824856595944096,11
651,54,13,57,3,9.824315369895016,10
652,12,16,15,6,9.82295766860778,10
653,81,12,109,4,9.819741316945187,8
654,11,40,109,13,9.818197495918094,27
655,40,24,17,8,9.815776001763279,16
656,27,20,55,6,9.8088649644787,14
657,53,21,109,7,9.80472277411344,14
658,114,16,62,6,9.799890996069497,10
659,62,10,93,4,9.798162399200404,6
660,37,24,83,9,9.783726366978417,15
661,95,30,51,9,9.77001175442697,21
662,15,14,53,5,9.759389882181187,9
663,34,17,74,5,9.755899618645072,12
664,16,49,18,16,9.751591518104966,33
665,13,57,3,19,9.732565767154385,38
666,43,19,31,10,9.720852773553682,9
667,48,13,89,3,9.720161625005693,10
668,78,12,37,4,9.719307443467272,8
669,52,15,8,5,9.715026692600487,10
670,75,18,11,7,9.71088785220573,11
671,30,46,13,16,9.709229692968337,30
672,86,28,103,9,9.705229465558812,19
673,8,30,84,10,9.700360955856537,20
674,8,34,114,11,9.69923185832115,23
675,16,64,106,21,9.698477969183921,43
676,64,47,60,15,9.66174772613163,32
677,100,12,71,4,9.66068752031631,8
678,101,10,13,3,9.652646543094525,7
679,85,11,75,3,9.651599660168166,8
680,22,10,114,5,9.649313306364819,5
681,103,18,57,6,9.636212144542752,12
682,41,23,53,8,9.631953807885303,15
683,18,44,39,15,9.631462427764964,29
684,70,17,109,6,9.623350653501726,11
685,99,14,8,6,9.61106559286031,8
686,83,18,84,7,9.609473734372159,11
687,8,13,53,4,9.596286006275326,9
688,64,27,112,8,9.595012833071515,19
689,54,21,43,8,9.585604342831411,13
690,73,20,7,8,9.582485903794176,12
691,17,12,48,5,9.570482008629265,7
692,27,28,31,12,9.569633624787398,16
693,26,23,13,7,9.562123129591575,16
694,17,17,3,7,9.550337372259282,10
695,18,13,34,4,9.550016463821068,9
696,33,25,107,10,9.539564483245071,15
697,106,13,108,4,9.535201707134298,9
698,20,11,75,4,9.527707505687719,7
699,48,15,51,7,9.527077025607761,8
700,1,22,31,9,9.525804060927038,13
701,20,32,25,11,9.520523686179052,21
702,18,27,9,9,9.520249042639604,18
703,62,14,64,6,9.515284324050944,8
704,8,17,36,6,9.51236026695053,11
705,33,13,69,5,9.511158026464036,8
706,90,14,80,4,9.509239360264802,10
707,114,13,2,5,9.509158562417847,8
708,15,35,51,13,9.503627084553731,22
709,37,22,99,7,9.502759058160713,15
710,11,12,66,5,9.498908037150548,7
711,18,11,84,4,9.493458888054228,7
712,3,11,85,5,9.478406721140292,6
713,13,22,98,7,9.474726692398685,15
714,23,16,57,6,9.474501256774838,10
715,16,47,96,14,9.46295382882651,33
716,48,13,15,5,9.46006019231802,8
717,21,12,87,4,9.455785486787557,8
718,32,11,63,4,9.44232166344675,7
719,13,15,2,6,9.422510080465486,9
720,27,16,38,5,9.401601002215301,11
721,109,11,36,3,9.390936468630548,8
722,81,25,16,9,9.384174025613888,16
723,27,16,4,6,9.3787154159821,10
724,100,23,76,9,9.372708881255953,14
725,104,21,84,8,9.37162724208143,13
726,26,12,28,4,9.352858082446945,8
727,1,20,87,8,9.344990956449259,12
728,28,29,2,10,9.34282167881126,19
729,54,13,81,5,9.335698946306055,8
730,77,10,84,3,9.326879307665175,7
731,29,26,86,9,9.312176261822101,17
732,45,10,38,3,9.31109379184883,7
733,12,11,17,4,9.294611804735958,7
734,47,26,60,9,9.272798561110873,17
735,54,30,27,11,9.269071237772641,19
736,114,17,94,7,9.267018335328503,10
737,20,16,90,6,9.25670480461804,10
738,34,22,51,8,9.254702967852264,14
739,78,15,53,6,9.245467105519944,9
740,18,12,62,4,9.234800982158584,8
741,91,23,20,9,9.233435902067152,14
742,54,17,3,7,9.232444908063068,10
743,70,16,69,5,9.227346228401574,11
744,98,15,12,5,9.22694029536893,10
745,68,22,109,7,9.20576776509454,15
746,93,11,90,4,9.204947446014161,7
747,73,17,40,6,9.199997222971483,11
748,63,36,76,12,9.19742593219103,24
749,95,21,114,8,9.195016624238182,13
750,81,16,63,6,9.19342956994627,10
751,68,31,18,11,9.190826393650614,20
752,23,14,91,6,9.188824217195519,8
753,54,19,58,8,9.183988111852097,11
754,53,14,38,5,9.17946873124013,9
755,102,37,86,13,9.175322859485366,24
756,112,22,29,8,9.174610307731975,14
757,30,30,77,10,9.17096357525288,20
758,92,15,40,5,9.168940871834318,10
759,63,14,72,4,9.168022793278983,10
760,62,21,63,8,9.161474645821363,13
761,50,43,5,17,9.156049369840707,26
762,39,25,106,10,9.155969378752744,15
763,107,25,103,9,9.145127423525189,16
764,57,13,2,5,9.119959996501736,8
765,92,11,17,4,9.114563540800457,7
766,109,15,31,5,9.11388757240418,10
767,94,12,75,4,9.080901166069644,8
768,95,34,8,13,9.079209474058969,21
769,57,16,40,6,9.075047590769472,10
770,80,39,107,13,9.074881524481428,26
771,44,29,86,10,9.073857704921485,19
772,100,31,60,11,9.061505094229705,20
773,108,25,87,9,9.059723048381347,16
774,35,16,45,7,9.040031591861501,9
775,28,18,12,6,9.017903873482359,12
776,5,15,36,6,9.008614310253613,9
777,30,30,88,12,9.008031571554382,18
778,85,19,50,7,9.007921978503541,12
779,38,10,72,4,8.999506480702253,6
780,78,15,80,5,8.990142670025005,10
781,48,10,81,3,8.989696104511108,7
782,28,15,52,6,8.975367013246691,9
783,88,20,112,7,8.974262508725223,13
784,97,18,36,7,8.970668153566264,11
785,47,20,114,8,8.969382880850322,12
786,11,14,81,5,8.967824856070845,9
787,28,11,32,4,8.963821007682872,7
788,11,34,41,11,8.953991407123155,23
789,51,26,74,8,8.938947542412073,18
790,73,12,31,4,8.938919570135752,8
791,13,22,84,7,8.92622496976615,15
792,11,10,91,3,8.923724837318142,7
793,26,10,88,4,8.919527282390282,6
794,110,19,25,6,8.917701672558222,13
795,48,12,104,4,8.912185347145057,8
796,69,12,97,4,8.888377862411462,8
797,75,18,109,6,8.883837567249163,12
798,90,23,13,8,8.88376435292604,15
799,49,11,53,4,8.876928289416245,7
800,6,15,12,7,8.873687126500897,8
801,107,22,66,8,8.85129730206017,14
802,35,16,51,6,8.849945437990401,10
803,32,15,87,5,8.84415502943487,10
804,12,40,107,13,8.830240406285604,27
805,34,28,87,10,8.828394029345118,18
806,63,19,36,7,8.822881427312195,12
807,63,22,77,7,8.81999753264251,15
808,84,19,19,7,8.813396640852734,12
809,36,18,47,6,8.810892372607714,12
810,106,10,42,3,8.802546839644418,7
811,41,17,28,6,8.792780130820773,11
812,26,11,107,4,8.789963547813727,7
813,77,14,99,4,8.784719144285264,10
814,30,51,39,20,8.783045292899407,31
815,27,33,94,12,8.781173446924036,21
816,106,23,18,8,8.778191080978742,15
817,16,27,1,8,8.777340054296328,19
818,15,42,88,13,8.764269632154088,29
819,38,14,106,7,8.74501943352997,7
820,57,26,46,10,8.738900979302743,16
821,34,18,103,6,8.732399245718998,12
822,4,22,17,7,8.727735068009611,15
823,62,20,8,6,8.725180325771555,14
824,58,10,45,4,8.721721801464442,6
825,45,15,86,6,8.710518828201982,9
826,46,13,77,5,8.692557302357297,8
827,86,49,76,19,8.683760649202954,30
828,39,41,20,17,8.683414479878408,24
829,39,67,68,26,8.679610428054557,41
830,9,31,31,11,8.678153869820548,20
831,19,12,31,4,8.676840084796211,8
832,53,11,54,4,8.670288326383611,7
833,70,12,58,4,8.662523092509444,8
834,1,24,65,10,8.63311694974403,14
835,2,34,107,12,8.59635715425528,22
836,65,44,93,18,8.591281807406075,26
837,53,18,77,7,8.57678025133703,11
838,95,23,55,8,8.575006509864881,15
839,49,10,93,4,8.572163796775682,6
840,41,12,80,4,8.558761558111074,8
841,78,11,36,4,8.552435160203329,7
842,94,11,2,4,8.55058688518052,7
843,16,15,67,5,8.550473387804695,10
844,93,11,63,4,8.547776338932225,7
845,94,12,35,5,8.545638882275087,7
846,65,30,102,10,8.537651480715674,20
847,110,11,63,4,8.534985747455593,7
848,53,20,61,6,8.524850655507478,14
849,81,22,69,9,8.51799786685539,13
850,50,11,52,5,8.515472572504802,6
851,13,21,6,8,8.50747605743762,13
852,62,23,40,11,8.506273692628868,12
853,91,10,45,4,8.504304930616431,6
854,64,28,40,10,8.496071624321134,18
855,104,19,69,6,8.491359963005364,13
856,55,14,85,5,8.476039600481302,9
857,112,13,79,5,8.473860498540246,8
858,103,28,19,11,8.469047877005718,17
859,39,26,112,10,8.464674026518862,16
860,63,37,20,15,8.46447340208147,22
861,48,39,107,15,8.46425442284703,24
862,12,16,106,5,8.461406597257813,11
863,76,22,94,7,8.458632259785002,15
864,95,14,96,5,8.45037398259218,9
865,8,24,41,8,8.446748885751395,16
866,29,11,95,4,8.438441558722083,7
867,96,24,70,11,8.437417991026262,13
868,55,20,114,7,8.432483182241098,13
869,88,14,103,5,8.430464226549898,9
870,73,19,90,7,8.424101991862472,12
871,41,12,102,4,8.421036787338009,8
872,109,14,67,7,8.410228891959628,7
873,63,17,19,6,8.404706837961042,11
874,62,25,68,10,8.38261509800727,15
875,27,48,60,16,8.376015772921441,32
876,7,45,25,16,8.37280661834829,29
877,7,22,5,8,8.357081514884824,14
878,41,32,31,12,8.353957395244583,20
879,48,25,96,9,8.343995751105187,16
880,27,27,103,10,8.336735171369101,17
881,39,15,14,6,8.33111838344664,9
882,100,37,43,15,8.326402551835551,22
883,25,15,9,5,8.323455878342044,10
884,90,13,48,5,8.30973168111364,8
885,10,13,57,4,8.304300512026645,9
886,86,17,56,6,8.300855291965847,11
887,90,31,106,10,8.283845461248372,21
888,41,18,91,6,8.276671952774393,12
889,37,12,14,5,8.266467835075433,7
890,103,12,94,5,8.264881457481591,7
891,8,29,15,12,8.254756555500956,17
892,30,27,109,9,8.23542930125118,18
893,69,21,106,8,8.230262561693124,13
894,99,10,71,4,8.22496630028886,6
895,112,14,40,6,8.221202026655053,8
896,34,12,15,4,8.217126810746985,8
897,16,76,27,28,8.208343393350667,48
898,64,42,51,16,8.201880887276834,26
899,87,24,93,9,8.20135369004028,15
900,74,25,39,10,8.195535087876927,15
901,7,53,87,19,8.18693322227242,34
902,72,19,49,7,8.165643444811542,12
903,76,20,9,7,8.161384986883023,13
904,33,17,20,6,8.157924685534635,11
905,68,31,8,12,8.152272734975385,19
906,76,49,51,17,8.147426040460967,32
907,4,10,112,4,8.145974306589784,6
908,56,14,107,6,8.142413744294045,8
909,20,11,110,4,8.125291114928716,7
910,81,11,111,3,8.120062859865854,8
911,100,30,29,12,8.110545199162951,18
912,30,31,55,11,8.098468910297374,20
913,84,28,29,11,8.097345709310336,17
914,95,11,49,3,8.095998639719067,8
915,37,42,46,14,8.09589581959515,28
916,27,45,78,15,8.094234380040165,30
917,43,17,4,7,8.083539648296872,10
918,8,61,5,24,8.080732178020162,37
919,110,16,97,6,8.077466293642946,10
920,86,35,48,13,8.077263763613383,22
921,28,23,19,8,8.074139814737295,15
922,50,18,70,8,8.072010588554935,10
923,76,38,68,11,8.067259765332079,27
924,53,13,46,5,8.064750592390656,8
925,78,37,87,14,8.058116178413242,23
926,19,15,46,6,8.056646218005671,9
927,30,15,12,5,8.05444306114931,10
928,16,45,69,16,8.054291070790876,29
929,20,36,84,11,8.04861670328596,25
930,30,10,66,3,8.038057442870684,7
931,100,18,18,8,8.035989461751758,10
932,62,15,15,6,8.026015633994907,9
933,75,41,50,14,8.02466935745211,27
934,63,12,52,5,8.015196003418383,7
935,35,11,9,5,8.012816785902409,6
936,63,47,88,16,8.011636403272151,31
937,91,31,98,12,8.010154956050265,19
938,41,18,81,6,8.009042710590082,12
939,39,42,88,16,8.004378009209994,26
940,102,19,96,7,7.9956311609664965,12
941,44,22,6,7,7.994067314889742,15
942,98,16,40,7,7.9934169616460915,9
943,13,16,70,6,7.990308468406848,10
944,20,19,3,7,7.987586080022351,12
945,5,28,84,11,7.986435375626319,17
946,112,26,76,11,7.979151678151438,15
947,34,20,68,8,7.978044783319167,12
948,65,25,5,10,7.967561696591304,15
949,58,10,61,4,7.964357976226589,6
950,23,21,39,8,7.9630880242589255,13
951,102,15,34,5,7.962391346680718,10
952,111,17,63,7,7.959677987637777,10
953,54,53,109,19,7.951130265295214,34
954,16,34,64,12,7.9483185367042495,22
955,73,17,87,5,7.942207150258419,12
956,30,12,2,5,7.930773013016298,7
957,78,16,103,4,7.929047988565184,12
958,78,27,3,11,7.92862726612861,16
959,54,22,18,9,7.917650548154775,13
960,30,13,33,4,7.913395188124881,9
961,88,10,82,4,7.912578083642496,6
962,71,13,38,4,7.906029048659733,9
963,78,11,31,5,7.904414780494012,6
964,53,14,90,5,7.90103229929259,9
965,17,16,29,7,7.899676305324427,9
966,111,16,51,6,7.8926133994028564,10
967,27,35,77,13,7.8745216976484995,22
968,114,25,90,10,7.8701656835045455,15
969,27,26,53,9,7.864216242382974,17
970,108,15,98,6,7.863072789163925,9
971,44,12,35,5,7.859665557157517,7
972,106,26,91,9,7.859341034872018,17
973,74,17,48,8,7.856052955631056,9
974,114,20,1,7,7.837742070296788,13
975,13,58,43,25,7.834617919431735,33
976,13,63,106,24,7.824636159857552,39
977,10,19,86,8,7.821831100451638,11
978,54,14,108,4,7.821734358546892,10
979,25,46,46,19,7.8204011950255445,27
980,3,17,94,7,7.803158745647012,10
981,114,12,110,4,7.80031681097971,8
982,108,11,78,4,7.797957113003336,7
983,47,10,111,4,7.786638633209644,6
984,27,62,87,24,7.782709431356685,38
985,114,18,81,8,7.777439516700387,10
986,92,14,114,4,7.774797164908212,10
987,29,19,34,8,7.767616545334046,11
988,53,11,73,4,7.756297558195456,7
989,37,49,25,20,7.755599308877524,29
990,100,38,11,14,7.752400557363735,24
991,28,29,68,10,7.74899303896736,19
992,73,13,54,5,7.746921178252216,8
993,30,10,111,3,7.744421754490768,7
994,44,11,84,5,7.741464370739849,6
995,49,20,29,8,7.741005146754658,12
996,46,18,29,9,7.738693511487549,9
997,76,12,72,4,7.731997605583364,8
998,16,14,101,5,7.729447625525014,9
999,78,17,104,6,7.724499742800564,11
1000,30,28,94,11,7.7213771310551085,17
1001,13,22,76,9,7.713193951992331,13
1002,72,29,27,12,7.712316498929217,17
1003,114,21,96,8,7.708209589747942,13
1004,98,42,86,17,7.705613124334458,25
1005,75,61,68,22,7.698232004910781,39
1006,86,28,1,11,7.69668031791366,17
1007,111,25,7,10,7.69032342577198,15
1008,5,32,11,12,7.687442157533876,20
1009,16,76,63,29,7.685927446350538,47
1010,65,42,29,16,7.6779960958605,26
1011,50,35,55,15,7.677574556383833,20
1012,72,10,104,4,7.673968450836452,6
1013,37,29,38,11,7.668156637885108,18
1014,28,22,62,9,7.6671820736148195,13
1015,37,24,96,10,7.665844925696509,14
1016,41,26,77,9,7.665671674519283,17
1017,27,29,112,11,7.66149470567157,18
1018,104,11,66,3,7.6588091193640615,8
1019,16,38,76,17,7.656889763008768,21
1020,104,39,60,12,7.6559666324409426,27
1021,19,30,3,12,7.654328500505479,18
1022,33,13,31,6,7.647223417443057,7
1023,70,11,60,4,7.6464357490262,7
1024,97,29,5,10,7.639418302115124,19
1025,100,68,86,28,7.636169972116545,40
1026,69,11,61,3,7.633216471104325,8
1027,71,14,27,5,7.62097447229337,9
1028,60,32,69,14,7.613845124007755,18
1029,108,25,88,9,7.612957755702022,16
1030,37,30,7,12,7.598616530184265,18
1031,18,20,36,8,7.5949028785012285,12
1032,87,38,9,16,7.592453429043002,22
1033,55,24,64,8,7.5905103785531685,16
1034,11,36,57,16,7.587225628637277,20
1035,11,24,103,8,7.585830317962976,16
1036,72,10,36,4,7.585561627806539,6
1037,28,31,114,13,7.584853881328923,18
1038,100,37,12,15,7.573615059890707,22
1039,34,14,5,4,7.5706698448560905,10
1040,75,23,49,9,7.565086245339055,14
1041,60,19,45,8,7.562934672858015,11
1042,87,38,40,16,7.562449238427529,22
1043,9,21,104,8,7.555832585448778,13
1044,39,19,103,7,7.555167426699795,12
1045,107,42,49,16,7.548694167024411,26
1046,49,13,55,5,7.545834219734257,8
1047,78,28,69,11,7.539471489927139,17
1048,85,10,46,3,7.538229298143679,7
1049,74,39,46,14,7.538103847079201,25
1050,34,22,55,9,7.534603126846274,13
1051,17,15,77,6,7.533332094576503,9
1052,33,16,7,7,7.532188482638043,9
1053,6,11,55,3,7.526848268362216,8
1054,41,17,17,6,7.526219064648906,11
1055,85,11,47,3,7.514718359567323,8
1056,107,16,61,7,7.509321940652876,9
1057,7,21,109,8,7.493740572538848,13
1058,70,14,36,6,7.476080415111229,8
1059,108,15,63,6,7.475559971035058,9
1060,64,37,31,14,7.4738922265185375,23
1061,58,28,13,9,7.47033272123339,19
1062,18,25,65,10,7.467319094675638,15
1063,110,18,39,6,7.464111416570426,12
1064,45,12,53,5,7.463487107897495,7
1065,27,11,80,4,7.461746767808682,7
1066,100,12,70,5,7.458777129644957,7
1067,37,21,110,9,7.457046552670356,12
1068,16,97,39,38,7.447997820293565,59
1069,11,12,71,5,7.444969376445684,7
1070,34,22,49,9,7.444592657229507,13
1071,41,23,19,8,7.443816997766066,15
1072,16,46,9,16,7.440540686759275,30
1073,6,24,16,11,7.439865172191105,13
1074,36,34,41,16,7.412500474371832,18
1075,70,30,20,11,7.408681007686702,19
1076,20,11,94,4,7.404911652749632,7
1077,39,71,49,26,7.394965855903045,45
1078,1,10,5,4,7.391988711274886,6
1079,50,29,71,12,7.386130219514862,17
1080,71,19,81,7,7.374213709282583,12
1081,13,48,23,21,7.3735468799818955,27
1082,73,10,71,4,7.37323406519455,6
1083,31,14,80,4,7.367135464628976,10
1084,16,72,55,26,7.36707211993361,46
1085,25,16,33,5,7.36592627296452,11
1086,73,25,8,10,7.35879002547718,15
1087,17,19,9,8,7.3581791578689,11
1088,16,25,58,9,7.354299843099004,16
1089,48,24,79,9,7.345817828277461,15
1090,109,45,8,19,7.345721442245661,26
1091,23,18,114,6,7.344942637597016,12
1092,40,41,104,15,7.342291894534163,26
1093,78,24,34,10,7.336336560215481,14
1094,75,16,2,7,7.332326563651873,9
1095,62,30,88,12,7.323841783087014,18
1096,70,42,5,17,7.323141246130927,25
1097,16,20,93,9,7.319623013756245,11
1098,54,81,88,31,7.30336913961055,50
1099,9,16,57,6,7.301299515175974,10
1100,54,33,40,13,7.298767912387551,20
1101,43,31,40,13,7.2876910701836355,18
1102,23,18,17,7,7.286484354574563,11
1103,97,16,29,6,7.284915525257299,10
1104,16,125,88,47,7.275285101443862,78
1105,55,20,68,7,7.273979151335479,13
1106,106,13,57,6,7.272492874678534,7
1107,62,10,96,3,7.268496266352443,7
1108,110,16,70,6,7.267896542251015,10
1109,20,17,98,6,7.267496359610282,11
1110,100,14,48,6,7.263809625362937,8
1111,63,14,10,5,7.2617205803599045,9
1112,75,19,81,7,7.259552889264539,12
1113,87,29,91,11,7.256753645120718,18
1114,69,12,96,4,7.252755690648875,8
1115,31,14,5,5,7.246607645789562,9
1116,114,27,40,9,7.240772461331043,18
1117,78,21,77,8,7.235135596673452,13
1118,89,15,37,7,7.228788398092476,8
1119,57,25,63,11,7.2245700147522,14
1120,114,16,30,7,7.223280031087767,9
1121,16,49,46,18,7.2152411720160545,31
1122,103,19,12,9,7.213680669512274,10
1123,30,15,90,6,7.212567303813301,9
1124,18,27,8,9,7.2072418633828494,18
1125,86,22,52,8,7.203855363753254,14
1126,112,15,43,6,7.1893251112725896,9
1127,107,41,43,16,7.1853889491968825,25
1128,98,24,29,9,7.180316216962122,15
1129,39,29,77,12,7.177660787541265,17
1130,36,16,112,6,7.175574629533441,10
1131,30,13,61,5,7.1697153559652405,8
1132,114,19,57,7,7.16817977917647,12
1133,104,39,55,15,7.167673821947762,24
1134,17,23,60,9,7.159951280063791,14
1135,69,13,48,6,7.158814996268266,7
1136,80,13,30,5,7.153305949978541,8
1137,114,25,3,9,7.15288918093006,16
1138,29,14,37,6,7.147246302868531,8
1139,97,26,51,9,7.145200913148902,17
1140,111,12,69,5,7.144443379259755,7
1141,5,17,60,6,7.144002600647477,11
1142,40,50,55,19,7.142420946012768,31
1143,33,13,78,5,7.142209395263033,8
1144,97,28,68,11,7.141635420047943,17
1145,27,39,15,17,7.136849333339997,22
1146,30,14,58,5,7.134101849433173,9
1147,62,11,38,4,7.131662703916968,7
1148,67,12,107,4,7.124134838046416,8
1149,65,27,76,9,7.121500914302366,18
1150,86,30,83,10,7.114862976089345,20
1151,45,33,7,13,7.114147641228475,20
1152,100,32,54,12,7.106265052685038,20
1153,1,10,45,4,7.100044646871245,6
1154,38,14,17,6,7.099034060595348,8
1155,30,26,64,10,7.0955835601535755,16
1156,43,44,86,17,7.088505715477099,27
1157,104,27,3,10,7.086280408507762,17
1158,28,35,70,14,7.078735797739843,21
1159,85,10,53,3,7.0781457464371815,7
1160,98,27,63,11,7.061533653908023,16
1161,99,18,36,6,7.061516094995872,12
1162,65,16,73,6,7.056062739811479,10
1163,86,112,51,47,7.0451244059856455,65
1164,55,25,97,9,7.041738062020972,16
1165,72,11,114,5,7.039741382461145,6
1166,94,18,60,7,7.035159972468677,11
1167,37,19,27,7,7.034792767414984,12
1168,76,15,48,5,7.031929988428476,10
1169,80,10,43,4,7.031005677454656,6
1170,95,15,40,6,7.026458120737083,9
1171,68,59,87,23,7.025146503692478,36
1172,87,27,53,12,7.022639512769477,15
1173,100,59,87,25,7.0150180037829335,34
1174,63,25,38,8,7.013791456544735,17
1175,100,26,102,9,7.0105285464149905,17
1176,40,13,69,4,7.0067178601682825,9
1177,93,26,54,9,7.002072182522706,17
1178,8,33,57,12,6.998719542214547,21
1179,79,14,54,5,6.993661154009002,9
1180,4,21,87,7,6.993636995986407,14
1181,62,15,5,6,6.992708759597391,9
1182,111,23,13,10,6.988942249892523,13
1183,17,20,55,9,6.987444025974705,11
1184,53,30,30,12,6.984989750265453,18
1185,57,22,43,7,6.9795388838476216,15
1186,13,21,103,7,6.977895728155675,14
1187,29,22,68,8,6.975698761703106,14
1188,18,23,97,9,6.965163575719862,14
1189,16,34,36,13,6.9623095532486845,21
1190,102,22,87,8,6.961827622477071,14
1191,111,15,39,6,6.960860011711801,9
1192,32,18,104,6,6.95922508638955,12
1193,90,20,63,8,6.95733483322538,12
1194,109,30,55,14,6.952801077513017,16
1195,4,25,51,9,6.952578906103857,16
1196,58,20,88,8,6.951724289335949,12
1197,60,33,50,15,6.944865376684973,18
1198,99,12,88,5,6.93913123202866,7
1199,54,59,70,23,6.9152807086114265,36
1200,13,36,37,14,6.91476424958532,22
1201,28,17,29,7,6.905526522456791,10
1202,58,21,68,8,6.90465268486649,13
1203,107,33,62,15,6.902263747551283,18
1204,13,80,87,30,6.899678334949696,50
1205,88,13,67,4,6.891493842154356,9
1206,18,17,112,6,6.887267609994755,11
1207,29,28,15,11,6.8827126956662426,17
1208,106,15,99,5,6.882359612487447,10
1209,19,17,108,7,6.881086420926003,10
1210,34,12,38,4,6.8714448233593854,8
1211,29,19,69,8,6.87026975866342,11
1212,60,43,4,19,6.864343045215706,24
1213,41,47,86,17,6.858675087687563,30
1214,11,36,68,15,6.855439241001143,21
1215,30,25,37,9,6.853302921187576,16
1216,7,99,51,37,6.849475435937799,62
1217,30,13,72,5,6.847644213705807,8
1218,62,28,51,11,6.837263314130049,17
1219,20,15,29,6,6.832826874702705,9
1220,95,25,106,9,6.830338155584792,16
1221,79,14,65,6,6.821859416038811,8
1222,68,69,31,28,6.821634358561019,41
1223,56,13,4,6,6.816273515879696,7
1224,39,101,51,40,6.813283084723181,61
1225,8,32,9,15,6.810878783728151,17
1226,50,22,102,10,6.809919414830619,12
1227,71,50,13,21,6.804323620324037,29
1228,28,16,49,7,6.801284823553003,9
1229,55,10,31,4,6.798197972656263,6
1230,2,14,38,6,6.792448237787324,8
1231,80,29,87,11,6.787984537789167,18
1232,8,10,42,5,6.78054178477664,5
1233,51,63,63,28,6.773843003389743,35
1234,86,82,96,32,6.757041595559335,50
1235,13,39,8,15,6.751757053519925,24
1236,33,17,50,7,6.750798742645294,10
1237,63,27,109,12,6.749986635160668,15
1238,94,10,71,4,6.748460655059317,6
1239,45,13,68,5,6.747691137383071,8
1240,100,23,74,9,6.742923050259365,14
1241,104,16,19,6,6.742171792497144,10
1242,84,26,48,10,6.7407911051084906,16
1243,15,20,69,7,6.736896270525392,13
1244,74,38,96,14,6.731828732252355,24
1245,14,13,95,5,6.731405281187272,8
1246,65,10,32,4,6.718474357729474,6
1247,28,35,97,13,6.716635909782017,22
1248,83,15,74,7,6.703298030488857,8
1249,108,11,38,4,6.702463242169258,7
1250,63,25,23,9,6.701335055503612,16
1251,111,11,106,3,6.697425895741327,8
1252,104,54,28,22,6.6974143097234355,32
1253,11,24,98,10,6.689063597940294,14
1254,23,31,68,14,6.676959480055366,17
1255,34,34,86,14,6.674360500745737,20
1256,85,20,54,7,6.664179187550933,13
1257,19,13,80,5,6.6570365011750905,8
1258,83,11,71,5,6.656205380333864,6
1259,71,19,37,8,6.653996053488669,11
1260,8,59,63,25,6.653552632837189,34
1261,32,26,5,10,6.647447060451906,16
1262,86,38,17,17,6.641619574926921,21
1263,102,19,88,6,6.636908554010758,13
1264,4,30,65,12,6.6356003955737535,18
1265,49,29,77,10,6.634323972200784,19
1266,39,22,37,9,6.632156694863052,13
1267,47,43,13,17,6.630254291387857,26
1268,25,48,5,19,6.626414170343125,29
1269,12,17,38,7,6.620249174021179,10
1270,20,21,68,9,6.619136630374984,12
1271,23,14,30,6,6.618468991829208,8
1272,102,12,77,5,6.618078815941928,7
1273,70,18,64,6,6.615054052504189,12
1274,70,15,29,7,6.612089427667157,8
1275,11,25,35,10,6.6098986532599575,15
1276,41,14,90,6,6.596764805214368,8
1277,64,31,63,13,6.5953519944401675,18
1278,30,20,79,7,6.592079457136293,13
1279,49,33,3,14,6.5920085972195,19
1280,34,16,67,8,6.58685136756142,8
1281,27,11,101,4,6.582303845846212,7
1282,49,33,60,13,6.571608518361559,20
1283,53,26,114,11,6.571088082289226,15
1284,75,31,63,13,6.570041946714378,18
1285,112,15,30,5,6.562692428407148,10
1286,78,17,50,6,6.562139985257883,11
1287,64,22,19,7,6.56099923334209,15
1288,106,32,23,15,6.549055396089171,17
1289,58,16,112,7,6.546457957272807,9
1290,49,11,57,5,6.545795026371636,6
1291,81,48,13,18,6.534046463710123,30
1292,94,14,34,6,6.5316475345753995,8
1293,91,13,80,5,6.531108694088673,8
1294,102,12,38,3,6.529266346603461,9
1295,15,14,91,7,6.516506116971918,7
1296,60,20,66,7,6.515171561917162,13
1297,76,15,79,5,6.514592595269538,10
1298,74,29,55,12,6.503619546467787,17
1299,90,11,102,6,6.502237322589002,5
1300,70,20,9,7,6.477071321597407,13
1301,12,24,77,10,6.470174604893746,14
1302,98,11,68,4,6.4699276959750645,7
1303,89,14,74,6,6.468908820916452,8
1304,35,12,15,6,6.467296765301491,6
1305,97,19,57,8,6.465009515620626,11
1306,11,15,10,6,6.454288934219365,9
1307,8,20,91,8,6.453847873736644,12
1308,50,23,18,10,6.452668500546503,13
1309,6,10,28,4,6.452419128804086,6
1310,68,16,33,6,6.451134609706936,10
1311,69,18,94,7,6.432434124144747,11
1312,75,21,100,10,6.426877840881264,11
1313,96,23,80,9,6.423400971659428,14
1314,61,10,23,4,6.419517618014351,6
1315,91,18,54,8,6.414686940093468,10
1316,80,20,37,8,6.401050818487373,12
1317,33,13,96,7,6.392035038140808,6
1318,28,16,27,5,6.382931621067471,11
1319,72,18,17,7,6.37414542876988,11
1320,33,15,102,6,6.371524301983966,9
1321,55,63,65,26,6.368489111627682,37
1322,7,24,46,8,6.362046113103759,16
1323,7,21,56,9,6.361794853449644,12
1324,64,19,43,8,6.3596171770522805,11
1325,30,16,62,7,6.359003401599691,9
1326,92,13,27,6,6.356396578041118,7
1327,85,17,96,5,6.345069391274802,12
1328,89,12,55,5,6.335775873531148,7
1329,77,37,51,16,6.323702748298248,21
1330,70,18,98,6,6.319051319272616,12
1331,107,48,53,19,6.300738049492761,29
1332,43,16,8,7,6.297331254782462,9
1333,86,55,97,23,6.295568946747487,32
1334,28,36,102,15,6.294379170221602,21
1335,40,68,68,26,6.288399173895765,42
1336,107,28,35,10,6.2864860520985095,18
1337,12,15,4,5,6.285579029533408,10
1338,50,15,72,6,6.282212191469298,9
1339,29,14,93,6,6.281843189307092,8
1340,86,21,4,8,6.2794844995496994,13
1341,20,45,5,17,6.270373633442785,28
1342,15,12,95,5,6.265255655621163,7
1343,107,65,55,27,6.2629651896189,38
1344,114,48,5,20,6.237633533478721,28
1345,95,10,94,5,6.229015093991723,5
1346,16,42,91,15,6.227187272730326,27
1347,114,24,70,9,6.2146226206029915,15
1348,35,15,84,6,6.209299301194261,9
1349,63,14,12,7,6.204748395941864,7
1350,74,28,70,13,6.203999405338755,15
1351,41,21,37,8,6.201755384784586,13
1352,65,49,20,18,6.200424954113156,31
1353,63,28,2,12,6.200018491851485,16
1354,50,18,48,7,6.197823593871153,11
1355,87,26,97,9,6.1908682502181325,17
1356,91,12,71,5,6.187474142289449,7
1357,80,10,93,5,6.175234905241036,5
1358,89,18,107,7,6.170428149811347,11
1359,13,47,36,18,6.167141158071529,29
1360,23,25,100,10,6.160200190912259,15
1361,50,11,81,5,6.158903696641065,6
1362,75,27,47,9,6.156969718274411,18
1363,18,12,103,4,6.156389570504274,8
1364,100,32,7,13,6.153012622391107,19
1365,114,48,68,20,6.151577271829135,28
1366,41,20,97,8,6.148946376824954,12
1367,49,29,65,12,6.132432657786818,17
1368,25,35,88,12,6.123879676950231,23
1369,3,18,50,8,6.122691253496962,10
1370,81,13,31,4,6.117159791325403,9
1371,90,12,7,5,6.108519045195328,7
1372,16,13,10,5,6.102410867550438,8
1373,84,12,15,5,6.09892148672844,7
1374,62,16,69,7,6.098141811871047,9
1375,3,25,57,10,6.0966839928023155,15
1376,54,11,47,5,6.095812400128514,6
1377,96,14,108,6,6.092516088942792,8
1378,111,23,107,11,6.08814286411973,12
1379,23,13,102,6,6.080684731147943,7
1380,65,64,88,24,6.068722517026158,40
1381,23,27,41,11,6.068042449918637,16
1382,63,24,18,9,6.046455003215173,15
1383,53,30,112,14,6.044976838822192,16
1384,70,15,93,6,6.04469500542117,9
1385,76,18,88,8,6.043471817882154,10
1386,8,16,32,7,6.041444852098721,9
1387,7,24,98,9,6.0336860037819795,15
1388,75,31,31,14,6.033482134287373,17
1389,26,10,68,4,6.030745942778486,6
1390,91,17,50,6,6.027790824025911,11
1391,78,46,51,21,6.027505517364007,25
1392,98,24,37,10,6.023716027404386,14
1393,103,17,17,6,6.022913063656272,11
1394,29,15,48,6,6.020141509256061,9
1395,27,18,35,7,6.016767935838186,11
1396,34,33,8,13,6.006661745556504,20
1397,29,34,19,13,6.006279537520525,21
1398,112,11,98,4,6.005421104961224,7
1399,94,21,54,9,6.000772945562409,12
1400,114,25,31,11,5.991876520395493,14
1401,98,20,84,7,5.988889731578423,13
1402,3,25,77,11,5.98288839075645,14
1403,94,17,37,7,5.981553616214368,10
1404,16,96,8,38,5.979899774107107,58
1405,64,20,18,8,5.974775055211904,12
1406,47,16,81,6,5.967835030110958,10
1407,97,18,40,7,5.966918416140386,11
1408,39,34,29,16,5.9660900499545715,18
1409,11,25,102,11,5.954662394051191,14
1410,97,12,10,6,5.950831581917705,6
1411,28,31,76,14,5.950271226300689,17
1412,28,15,53,6,5.9457443646332715,9
1413,16,48,17,17,5.940232340982312,31
1414,16,28,38,9,5.939629377317462,19
1415,53,26,104,11,5.936620222245527,15
1416,73,20,114,8,5.924435121305103,12
1417,75,14,93,6,5.923243043930715,8
1418,78,23,7,11,5.919551023484503,12
1419,17,13,30,6,5.914473055416309,7
1420,104,82,65,35,5.912154582043187,47
1421,84,27,57,13,5.910397185802947,14
1422,75,59,107,20,5.896729059645907,39
1423,51,16,91,6,5.895842800786141,10
1424,101,15,68,5,5.8919398867497925,10
1425,74,34,84,16,5.891399521581718,18
1426,37,11,3,5,5.889738338475408,6
1427,17,16,43,7,5.888801333071096,9
1428,75,17,108,7,5.885506345854971,10
1429,46,12,36,5,5.882094180819339,7
1430,30,71,16,28,5.881090287787541,43
1431,28,12,31,5,5.87633787823225,7
1432,87,50,19,20,5.875904223711485,30
1433,60,32,15,14,5.866410164624054,18
1434,54,36,95,16,5.865979569344106,20
1435,34,17,76,8,5.865641989407287,9
1436,34,17,7,7,5.863504951401833,10
1437,7,21,112,8,5.8633899504874805,13
1438,16,111,87,45,5.861887851914957,66
1439,80,12,79,6,5.851472407179256,6
1440,65,17,14,8,5.850273562995318,9
1441,108,10,65,5,5.847992745343311,5
1442,13,40,69,16,5.843363292908418,24
1443,88,13,66,5,5.83875237321326,8
1444,16,51,3,20,5.834346763807355,31
1445,40,16,5,7,5.820527251695649,9
1446,19,13,85,5,5.818975421540376,8
1447,79,13,20,5,5.810117746469002,8
1448,8,19,98,7,5.806615359942183,12
1449,10,11,106,3,5.8036728949329275,8
1450,91,19,31,7,5.801858258461766,12
1451,48,13,19,6,5.792431440588199,7
1452,62,19,11,8,5.789369247630057,11
1453,104,16,81,8,5.786821230718981,8
1454,47,20,15,9,5.776315263541679,11
1455,23,45,60,18,5.772794691627649,27
1456,15,17,50,7,5.769945271210999,10
1457,61,10,54,4,5.763750710129652,6
1458,30,59,65,24,5.762519510174724,35
1459,80,15,68,6,5.759836210772863,9
1460,58,13,53,7,5.756559382638666,6
1461,23,13,47,5,5.755142063292807,8
1462,36,12,77,5,5.751140829309578,7
1463,100,25,114,10,5.743860264273012,15
1464,25,42,106,16,5.73768822242091,26
1465,54,34,90,14,5.736974886712372,20
1466,107,31,47,13,5.730039668040246,18
1467,13,48,25,22,5.729332953997915,26
1468,45,14,9,5,5.727853500458987,9
1469,25,26,51,11,5.72613511284895,15
1470,69,16,12,8,5.715951067980107,8
1471,54,23,72,9,5.711828677342125,14
1472,64,37,65,16,5.704413748738564,21
1473,53,17,62,7,5.701449545318567,10
1474,70,10,32,5,5.692479372096213,5
1475,106,46,5,18,5.689619439430471,28
1476,35,21,40,8,5.6891402135768585,13
1477,76,17,114,6,5.686109810518628,11
1478,28,37,9,17,5.685359581946875,20
1479,102,10,95,4,5.685319962340818,6
1480,63,37,13,16,5.677540897301027,21
1481,94,10,25,5,5.671887186214519,5
1482,75,39,37,14,5.670197882049105,25
1483,16,31,99,13,5.665818337043021,18
1484,54,11,82,4,5.664278302313932,7
1485,46,31,75,13,5.654705399493307,18
1486,48,36,87,14,5.653971261077135,22
1487,20,44,16,16,5.653886889078911,28
1488,4,10,97,4,5.649870700339136,6
1489,39,13,97,5,5.649731064357227,8
1490,73,23,74,9,5.649045009007229,14
1491,109,16,46,7,5.636528034552769,9
1492,75,43,9,17,5.6326941278183265,26
1493,15,16,103,7,5.63230736555337,9
1494,15,11,6,4,5.630932126309074,7
1495,78,16,20,7,5.6294679305494935,9
1496,86,28,73,13,5.62531345595925,15
1497,5,21,17,7,5.625033929201379,14
1498,19,10,5,4,5.623378775596127,6
1499,9,24,84,10,5.622843694169622,14
1500,13,42,54,17,5.620345999055128,25
1501,95,26,50,11,5.619957219349123,15
1502,68,26,91,12,5.61946637277209,14
1503,72,13,60,5,5.611432015329071,8
1504,23,11,10,5,5.611414438981715,6
1505,80,17,64,8,5.593698551425534,9
1506,20,38,96,15,5.591064360306499,23
1507,104,49,51,18,5.589840872273169,31
1508,89,13,53,6,5.5817208357882135,7
1509,14,14,88,6,5.580858903619985,8
1510,69,38,86,16,5.577802432439769,22
1511,20,22,44,9,5.576158683247874,13
1512,7,23,38,10,5.57543888103377,13
1513,86,98,88,41,5.562390170991596,57
1514,107,63,20,27,5.562332766197254,36
1515,31,10,95,4,5.5581891593402775,6
1516,13,72,40,31,5.55717975004481,41
1517,13,30,95,13,5.556983808516705,17
1518,46,11,4,5,5.55622187464566,6
1519,8,44,46,20,5.553053726096314,24
1520,69,16,54,7,5.552096999235811,9
1521,8,41,25,16,5.550067480025434,25
1522,36,53,31,23,5.548564460468652,30
1523,25,18,84,7,5.5466876181289715,11
1524,18,42,75,18,5.546579166688546,24
1525,20,22,2,9,5.544865436021075,13
1526,64,21,23,9,5.538877575953661,12
1527,27,56,86,23,5.536809223154126,33
1528,16,22,14,9,5.533520092369799,13
1529,64,11,102,4,5.525256448935202,7
1530,74,15,77,6,5.523098396212753,9
1531,28,33,7,13,5.522079859732702,20
1532,30,17,57,7,5.519917929042005,10
1533,27,55,65,22,5.511757537656284,33
1534,45,23,65,11,5.510611418282091,12
1535,95,19,83,7,5.510188596504647,12
1536,80,10,81,5,5.509744831821596,5
1537,32,13,109,6,5.5080518973086185,7
1538,40,14,19,5,5.507682773045995,9
1539,2,13,40,5,5.504797437287729,8
1540,44,15,64,6,5.503275136525506,9
1541,58,28,69,13,5.500786187625172,15
1542,67,10,102,4,5.49724656177184,6
1543,111,27,55,11,5.4926637972483,16
1544,51,14,89,6,5.490983680492761,8
1545,100,22,25,10,5.476003695191372,12
1546,31,13,74,5,5.468299370651384,8
1547,5,31,51,11,5.465657211287606,20
1548,57,13,50,5,5.460704285123116,8
1549,71,14,76,7,5.456476326439047,7
1550,75,43,71,16,5.454468163058883,27
1551,107,24,102,11,5.442959242154443,13
1552,85,25,84,9,5.439743670520439,16
1553,71,29,68,11,5.435653336862236,18
1554,42,13,69,6,5.432900919803646,7
1555,16,128,107,49,5.431518804017522,79
1556,27,59,3,25,5.425882645309912,34
1557,104,33,63,14,5.422500590286895,19
1558,104,38,25,17,5.422383455319629,21
1559,98,27,76,11,5.421334528995661,16
1560,11,32,19,12,5.420057417715361,20
1561,4,11,58,4,5.405037105567146,7
1562,8,20,33,8,5.397787705463012,12
1563,64,40,86,17,5.391204217901304,23
1564,49,31,51,13,5.385702050111724,18
1565,54,38,68,15,5.382447112107091,23
1566,100,22,109,8,5.379853421224185,14
1567,65,16,103,6,5.377768524309904,10
1568,15,25,18,10,5.370261713586338,15
1569,84,36,39,16,5.369674486814977,20
1570,8,71,87,30,5.367678061923829,41
1571,27,18,98,8,5.36449815571211,10
1572,7,35,97,16,5.356987360153851,19
1573,81,15,65,6,5.355649781765623,9
1574,50,26,30,11,5.354360679381176,15
1575,15,12,96,5,5.353611172107393,7
1576,37,47,63,19,5.351566239537104,28
1577,68,53,53,22,5.342360173932805,31
1578,43,26,109,10,5.34202565636384,16
1579,7,19,62,8,5.339510147514967,11
1580,97,14,102,5,5.335160623731844,9
1581,7,40,3,16,5.31595435105027,24
1582,38,19,19,6,5.3155517588149985,13
1583,86,15,61,6,5.314125600249351,9
1584,41,28,3,9,5.308183069174531,19
1585,3,13,98,7,5.306424260089196,6
1586,58,13,47,5,5.30548176696703,8
1587,77,14,81,6,5.303602497121747,8
1588,10,15,87,6,5.299026363997259,9
1589,99,21,86,8,5.291638236148403,13
1590,14,19,28,7,5.288795345484194,12
1591,100,50,27,22,5.2876243637585665,28
1592,62,13,109,7,5.284405260681885,6
1593,63,17,66,7,5.28418224098978,10
1594,56,11,88,5,5.280224334897691,6
1595,13,23,62,10,5.279557581763118,13
1596,45,15,87,6,5.278722468966396,9
1597,87,61,37,25,5.276652153242828,36
1598,104,42,50,17,5.274159989604431,25
1599,28,11,92,4,5.26619903758234,7
1600,86,55,75,25,5.26427494208678,30
1601,107,67,104,28,5.260319067961473,39
1602,34,11,1,3,5.259854618241473,8
1603,38,13,78,5,5.2578559558240405,8
1604,35,11,31,5,5.255104723881263,6
1605,85,14,65,6,5.254482148208556,8
1606,72,21,65,9,5.2525708680547405,12
1607,25,26,40,11,5.242222631716463,15
1608,52,14,16,6,5.238731564661996,8
1609,91,21,25,9,5.236778929543691,12
1610,9,12,23,5,5.231512665759894,7
1611,35,11,5,5,5.226534281744142,6
1612,92,23,39,11,5.22393109782644,12
1613,54,54,106,25,5.222938310920249,29
1614,54,27,49,12,5.222166949049478,15
1615,7,101,88,43,5.220134457500583,58
1616,40,22,37,10,5.2189812618502875,12
1617,19,17,81,7,5.218113087589112,10
1618,33,12,91,6,5.213867650447791,6
1619,16,79,100,32,5.211034078416437,47
1620,50,22,109,9,5.207842202449344,13
1621,63,21,43,9,5.207688448634706,12
1622,16,36,53,14,5.201094174764711,22
1623,78,27,49,12,5.19822420135013,15
1624,64,26,8,10,5.1977394093405085,16
1625,46,25,39,13,5.196853389468722,12
1626,104,18,80,8,5.194103195079234,10
1627,40,13,113,5,5.193726392686624,8
1628,6,10,71,4,5.193692278292729,6
1629,23,14,43,6,5.1891207532463,8
1630,75,17,97,7,5.183439015487436,10
1631,86,58,104,25,5.1756496993233485,33
1632,65,29,96,13,5.165027076154164,16
1633,91,11,56,5,5.1601828143932735,6
1634,98,13,93,6,5.160023067123591,7
1635,67,12,5,5,5.159840528973067,7
1636,35,16,28,8,5.153123660542302,8
1637,39,57,60,25,5.152802282703847,32
1638,106,24,9,10,5.150083731218861,14
1639,11,13,97,6,5.149154391162879,7
1640,27,48,49,20,5.142147981794253,28
1641,72,17,8,8,5.13781996064983,9
1642,36,21,3,8,5.136055944816986,13
1643,107,25,77,11,5.133888332698847,14
1644,40,30,58,14,5.133397385337812,16
1645,64,14,33,5,5.132334361355246,9
1646,75,18,4,7,5.112428644465592,11
1647,30,10,1,4,5.107240382060611,6
1648,9,30,54,13,5.106575143785501,17
1649,55,23,70,10,5.1032220329288345,13
1650,28,13,108,6,5.102919930198642,7
1651,49,14,33,5,5.095253781724579,9
1652,19,20,12,10,5.089413587728011,10
1653,90,23,65,11,5.084911236528136,12
1654,32,10,20,3,5.082163415292109,7
1655,3,23,64,10,5.079848362911411,13
1656,47,16,28,7,5.079195021327368,9
1657,63,63,54,26,5.07698485515865,37
1658,104,38,100,16,5.075921827905521,22
1659,41,10,61,4,5.060781095904467,6
1660,7,16,10,7,5.060407065651958,9
1661,95,20,75,8,5.050260152484931,12
1662,72,14,12,5,5.047489716591506,9
1663,63,15,85,7,5.044437930195333,8
1664,39,31,38,13,5.039769505176328,18
1665,43,18,84,8,5.034570350714234,10
1666,20,24,41,11,5.031440077185285,13
1667,112,12,34,5,5.029259987635686,7
1668,94,36,87,16,5.028702412089722,20
1669,13,49,64,23,5.026699897179315,26
1670,108,30,51,13,5.016985241457159,17
1671,62,24,19,9,5.013702275619898,15
1672,112,17,94,6,5.010192110959217,11
1673,12,16,43,6,5.010092621024879,10
1674,39,35,43,16,5.00645984254377,19
1675,85,24,72,9,5.005644721261357,15
1676,102,13,83,5,5.0053275745844825,8
1677,86,32,79,13,5.00488592427506,19
1678,93,26,5,10,5.004460526821323,16
1679,100,25,34,12,5.004456878240622,13
1680,7,41,106,20,5.003800212982272,21
1681,30,47,60,17,4.996202188281949,30
1682,74,15,71,7,4.993812181109021,8
1683,50,23,31,10,4.99199978599778,13
1684,63,19,94,8,4.988953899876626,11
1685,80,34,55,16,4.987967529735275,18
1686,80,10,44,5,4.9735414138069105,5
1687,98,11,23,5,4.969965161139006,6
1688,27,21,114,9,4.967571693509977,12
1689,96,23,90,9,4.963939687748078,14
1690,85,10,64,4,4.962701184974938,6
1691,64,33,41,13,4.951397157092105,20
1692,20,12,100,5,4.9486843519072865,7
1693,56,19,68,9,4.94813216675333,10
1694,76,14,18,6,4.948055179076069,8
1695,80,29,106,12,4.946009667025365,17
1696,39,23,81,9,4.943832581007466,14
1697,40,15,78,5,4.942465399220729,10
1698,93,27,28,10,4.941127481170006,17
1699,49,11,71,5,4.940945789460408,6
1700,100,72,51,34,4.940002025939464,38
1701,62,18,9,8,4.931496627802286,10
1702,114,22,9,7,4.931319071415342,15
1703,86,40,36,17,4.927433251240005,23
1704,100,77,107,36,4.925676488158576,41
1705,74,56,106,24,4.924754963776778,32
1706,47,14,100,6,4.90930211478642,8
1707,18,11,29,4,4.9072911901611045,7
1708,38,12,28,6,4.907164394244691,6
1709,13,43,77,18,4.906794574928386,25
1710,95,39,87,17,4.900981782159268,22
1711,9,15,29,6,4.900194767905049,9
1712,23,16,77,7,4.892331871891681,9
1713,75,47,51,21,4.890410363576286,26
1714,39,10,101,4,4.889741278103363,6
1715,27,11,46,4,4.887638683251711,7
1716,12,10,57,4,4.8872175245265,6
1717,20,12,72,5,4.886775559464287,7
1718,30,53,19,22,4.884651595572227,31
1719,69,11,95,4,4.882909765417961,7
1720,23,44,88,17,4.876485476342163,27
1721,100,17,84,6,4.87641516703203,11
1722,88,26,57,12,4.870812248870149,14
1723,13,20,79,8,4.869950872786802,12
1724,29,11,1,4,4.86693457558879,7
1725,37,54,106,25,4.865641247327302,29
1726,5,10,89,3,4.86246564090175,7
1727,52,12,107,4,4.861262849981809,8
1728,81,24,3,10,4.860040341211912,14
1729,100,31,112,14,4.858414274039212,17
1730,58,38,107,15,4.857008495705362,23
1731,77,11,114,5,4.854209160918298,6
1732,97,12,32,5,4.851459349576839,7
1733,39,17,83,7,4.845386042652696,10
1734,6,19,87,8,4.8434411334318215,11
1735,83,20,64,9,4.840996077098241,11
1736,94,17,109,8,4.837565167214331,9
1737,8,15,67,6,4.831909846155583,9
1738,65,47,9,19,4.826128695703039,28
1739,31,19,25,9,4.823839301099763,10
1740,14,15,54,5,4.820525855929132,10
1741,30,58,107,24,4.820148690247347,34
1742,16,112,65,48,4.817496389223387,64
1743,74,11,85,5,4.812388004493803,6
1744,6,12,106,5,4.810944704219048,7
1745,2,25,106,11,4.808494527305082,14
1746,75,44,88,18,4.804702938088107,26
1747,1,16,12,7,4.804302234326601,9
1748,16,11,56,4,4.8021414027227,7
1749,75,22,96,7,4.801381492311931,15
1750,34,14,88,6,4.799596567728287,8
1751,111,11,25,5,4.797175922879397,6
1752,52,13,20,5,4.795236183864801,8
1753,9,17,1,9,4.794059502939978,8
1754,97,24,76,11,4.789197045000655,13
1755,76,33,5,14,4.788314400539968,19
1756,72,22,87,10,4.7870712017642,12
1757,15,25,81,11,4.783657780343267,14
1758,9,12,5,5,4.777710715122403,7
1759,30,17,108,7,4.7770363391373785,10
1760,33,14,23,6,4.772846471482118,8
1761,9,10,37,4,4.7723167368365935,6
1762,90,13,70,6,4.771084444295362,7
1763,12,15,31,7,4.770632464521183,8
1764,55,16,94,7,4.767452995148861,9
1765,87,38,57,16,4.765071720806052,22
1766,76,23,60,8,4.763967746356446,15
1767,55,12,79,5,4.763372141256469,7
1768,93,16,50,6,4.755526241513054,10
1769,7,23,50,10,4.754905099968965,13
1770,90,30,5,12,4.752640516818983,18
1771,25,16,77,7,4.745845616411638,9
1772,16,107,7,47,4.744562074788691,60
1773,87,42,41,18,4.740822182406322,24
1774,34,23,30,10,4.7385268256976865,13
1775,13,82,55,35,4.7339588356712445,47
1776,6,11,46,5,4.730994669309113,6
1777,15,14,75,5,4.729161606780822,9
1778,20,23,46,8,4.708713070266485,15
1779,43,16,103,6,4.701447170954383,10
1780,16,36,84,15,4.697024903080797,21
1781,71,16,5,7,4.686451238703377,9
1782,40,51,39,21,4.685059105758996,30
1783,98,15,17,7,4.682891635652737,8
1784,109,19,38,7,4.6680162036882455,12
1785,25,15,47,7,4.655390231832646,8
1786,27,13,79,6,4.651583262533671,7
1787,15,16,1,6,4.649350840919029,10
1788,63,39,96,15,4.649023449526137,24
1789,73,14,13,6,4.642713338622983,8
1790,48,13,25,6,4.64169889765536,7
1791,80,11,69,5,4.638884395252678,6
1792,73,19,109,8,4.637139105733967,11
1793,60,22,25,10,4.636282806493916,12
1794,106,15,110,7,4.633960085739299,8
1795,65,13,89,6,4.632113459581728,7
1796,51,15,92,7,4.630319337525281,8
1797,100,37,88,15,4.625717286575204,22
1798,72,10,40,4,4.6161082317709115,6
1799,85,20,68,7,4.615895850726342,13
1800,74,11,57,5,4.613445177041253,6
1801,13,21,96,9,4.608058597276482,12
1802,37,72,86,32,4.607837359690983,40
1803,38,15,18,7,4.6074157564111795,8
1804,108,19,60,8,4.60142327134614,11
1805,27,11,58,5,4.5994976626736825,6
1806,50,32,96,14,4.592653394244439,18
1807,78,26,54,11,4.592600537057518,15
1808,28,25,71,10,4.584215619303489,15
1809,99,16,65,7,4.579704538683142,9
1810,7,23,58,11,4.575034525669344,12
1811,99,14,95,6,4.572737764013027,8
1812,99,16,104,8,4.5627492392393,8
1813,74,23,109,9,4.562525277723523,14
1814,43,18,5,8,4.5592775438308895,10
1815,70,15,23,7,4.554568026577778,8
1816,83,15,46,7,4.551826612706301,8
1817,99,18,15,7,4.551461310618723,11
1818,106,23,75,11,4.532198108241345,12
1819,11,87,86,38,4.532092919147107,49
1820,50,71,28,30,4.530365152854881,41
1821,13,19,48,8,4.529838045170983,11
1822,61,17,60,8,4.527394085824659,9
1823,74,23,50,10,4.520207268757788,13
1824,49,18,112,8,4.517911222226066,10
1825,23,41,87,17,4.512300706037799,24
1826,76,12,69,4,4.499300236532236,8
1827,13,68,46,28,4.4975404191418,40
1828,55,47,60,21,4.496007919155317,26
1829,58,21,39,9,4.494576390875354,12
1830,93,15,37,6,4.493445665639034,9
1831,65,50,40,22,4.488092661947342,28
1832,7,46,64,21,4.481240056988839,25
1833,56,12,8,5,4.475636615156396,7
1834,95,33,107,15,4.475609109265348,18
1835,62,26,3,11,4.4730367718288155,15
1836,96,31,25,14,4.4728328775528,17
1837,37,18,32,8,4.466542082918521,10
1838,77,11,97,4,4.4549011553839994,7
1839,50,12,73,4,4.454782630059153,8
1840,95,44,16,20,4.453378575583387,24
1841,50,14,19,6,4.445333605009823,8
1842,95,15,109,6,4.444131433700797,9
1843,65,35,3,14,4.429509708162628,21
1844,23,14,20,6,4.42777867543601,8
1845,99,30,13,13,4.420966828834258,17
1846,71,29,87,13,4.418670539958073,16
1847,29,17,23,8,4.418393467914156,9
1848,7,64,53,28,4.416213736910661,36
1849,50,24,64,11,4.4155104994189385,13
1850,86,36,81,13,4.4137020971605825,23
1851,71,14,108,6,4.402422140240549,8
1852,16,22,2,9,4.395353237879593,13
1853,12,12,64,5,4.3938981464127,7
1854,87,36,49,17,4.382569293954681,19
1855,99,10,54,4,4.3797228746123675,6
1856,87,33,25,15,4.379098196808542,18
1857,55,24,9,10,4.371040618945099,14
1858,55,13,58,6,4.369004483506264,7
1859,40,23,23,10,4.368423326803309,13
1860,74,15,9,6,4.367415226980942,9
1861,49,17,70,8,4.3647916761077115,9
1862,95,20,23,9,4.3618962627692595,11
1863,64,31,71,12,4.35947313780117,19
1864,19,11,83,5,4.3593981927010494,6
1865,76,24,39,9,4.354774512936871,15
1866,28,30,48,13,4.353346769104992,17
1867,65,16,6,7,4.346168811124812,9
1868,70,29,65,11,4.343984179663613,18
1869,34,20,48,9,4.343261719849951,11
1870,12,10,76,5,4.3418913384635776,5
1871,12,40,13,14,4.3413711435695275,26
1872,11,29,3,12,4.336087828492783,17
1873,60,12,22,5,4.334241842742782,7
1874,95,19,41,8,4.332143979792177,11
1875,112,15,77,5,4.331879954372313,10
1876,4,22,40,10,4.316643149060896,12
1877,70,14,71,7,4.315612188206775,7
1878,11,53,88,22,4.315288914266512,31
1879,104,27,98,14,4.313899934387766,13
1880,97,23,17,10,4.3134285513049555,13
1881,76,13,90,5,4.309550016746244,8
1882,31,10,8,4,4.309099443279478,6
1883,100,29,78,12,4.306504123439813,17
1884,106,27,53,13,4.302319600135898,14
1885,37,45,55,21,4.301001080588836,24
1886,75,18,84,8,4.30081159040195,10
1887,25,28,54,12,4.300413553073274,16
1888,114,20,15,9,4.283176268910449,11
1889,78,29,8,12,4.275327190654622,17
1890,15,34,11,14,4.274425602895658,20
1891,29,15,55,6,4.26601507571376,9
1892,12,13,7,6,4.264845867192969,7
1893,91,30,107,12,4.264126621091653,18
1894,100,32,63,15,4.262978075872108,17
1895,87,55,50,25,4.260657685212961,30
1896,94,11,18,5,4.250781715158486,6
1897,6,10,72,5,4.248570153213718,5
1898,106,14,34,7,4.243674039664675,7
1899,16,44,71,18,4.241804878716306,26
1900,71,12,109,5,4.235965151087515,7
1901,29,11,104,5,4.232469176091455,6
1902,9,21,38,9,4.224156596688182,12
1903,71,11,44,5,4.223524348839462,6
1904,97,37,16,17,4.222715093786658,20
1905,28,29,100,12,4.221129674472951,17
1906,4,19,18,8,4.220670692754494,11
1907,17,20,63,9,4.217095300732271,11
1908,51,43,109,16,4.215905468463527,27
1909,90,28,87,12,4.209781806456323,16
1910,65,56,36,24,4.205692860728479,32
1911,103,18,3,9,4.204198112236475,9
1912,76,45,107,17,4.20250418187256,28
1913,108,18,74,7,4.201041319943183,11
1914,51,26,29,12,4.200611882951569,14
1915,112,12,103,5,4.192929666832579,7
1916,13,36,1,14,4.1879984611154635,22
1917,23,27,25,12,4.182190113226028,15
1918,107,53,23,24,4.172486813229872,29
1919,76,36,87,15,4.168839388807827,21
1920,60,24,96,8,4.164982345638211,16
1921,57,49,15,22,4.164396962864757,27
1922,83,40,5,19,4.163709904424501,21
1923,60,81,16,36,4.163560927764607,45
1924,27,24,84,11,4.156059221916357,13
1925,28,60,84,26,4.150279635735803,34
1926,99,12,17,5,4.14837583337694,7
1927,84,18,76,8,4.146116027740745,10
1928,20,13,73,5,4.146065391689569,8
1929,100,12,95,6,4.142851413596655,6
1930,55,21,77,9,4.142542522610539,12
1931,23,49,65,23,4.1421094853825435,26
1932,58,18,3,7,4.14201032698376,11
1933,53,47,71,20,4.141303557057986,27
1934,54,66,51,29,4.140693046036911,37
1935,71,11,20,4,4.13643055739397,7
1936,86,35,77,15,4.136062394176435,20
1937,83,15,50,8,4.131296712002356,7
1938,60,35,41,17,4.124791635334071,18
1939,58,23,87,10,4.119284370275493,13
1940,55,38,54,18,4.11778307869689,20
1941,7,12,2,5,4.115660194227726,7
1942,100,46,19,20,4.1124549471418,26
1943,97,30,63,13,4.107378727934806,17
1944,93,14,109,6,4.103558953267082,8
1945,16,146,86,61,4.102924157952741,85
1946,83,20,93,9,4.100880722204593,11
1947,78,33,60,15,4.099027308208704,18
1948,20,24,35,10,4.098728722002914,14
1949,104,33,54,15,4.09448807738149,18
1950,80,17,39,8,4.091599339844535,9
1951,17,51,51,24,4.088673144397257,27
1952,36,11,19,5,4.088590218421688,6
1953,39,40,19,15,4.086515444510747,25
1954,78,17,98,8,4.084899624702042,9
1955,100,26,55,13,4.083678379707881,13
1956,16,52,50,22,4.077728865066029,30
1957,86,117,5,51,4.074944655375778,66
1958,16,48,109,20,4.074520158198363,28
1959,95,21,46,9,4.071848693893575,12
1960,87,115,107,50,4.070799105020998,65
1961,7,68,31,30,4.069172309295859,38
1962,28,38,18,18,4.067881996028203,20
1963,13,43,78,19,4.067422210231104,24
1964,20,12,38,4,4.067291998076464,8
1965,43,10,95,4,4.063398320607949,6
1966,57,13,98,6,4.06191184204828,7
1967,56,11,39,6,4.061429150921739,5
1968,79,20,11,8,4.052675901080834,12
1969,29,27,30,11,4.0525720660116935,16
1970,14,10,20,4,4.051966837258039,6
1971,32,10,40,5,4.050021677419869,5
1972,17,30,49,15,4.049707497011168,15
1973,84,12,69,5,4.04678242799089,7
1974,71,25,51,11,4.043275219347798,14
1975,1,10,43,5,4.038976715758721,5
1976,63,41,114,15,4.037972989054352,26
1977,104,10,10,5,4.031221485043642,5
1978,71,13,47,6,4.030916530509353,7
1979,60,42,114,22,4.0291749332243,20
1980,7,31,47,13,4.025431088719289,18
1981,34,19,3,8,4.018197174307543,11
1982,39,21,96,8,4.016816457185763,13
1983,16,21,35,8,4.016361918873651,13
1984,8,20,110,8,4.013172679497404,12
1985,5,18,77,8,4.010067732208507,10
1986,66,12,31,5,4.008754872558654,7
1987,30,33,71,15,4.006253796204616,18
1988,31,16,112,6,4.001730552260451,10
1989,47,24,86,10,4.000877578594486,14
1990,9,18,100,7,3.99532686001692,11
1991,112,12,14,6,3.993235963114867,6
1992,89,13,68,6,3.99200348329726,7
1993,30,17,102,8,3.9885406117931677,9
1994,106,12,3,5,3.9869286680549822,7
1995,88,18,6,8,3.98561022572369,10
1996,41,29,69,11,3.9797729258891983,18
1997,60,18,97,9,3.9792005525226366,9
1998,83,10,76,4,3.9791717561004916,6
1999,96,12,14,5,3.975747798085754,7
2000,84,11,94,5,3.968156665744442,6
2001,78,15,96,6,3.961613354196041,9
2002,74,24,93,11,3.9601017688790825,13
2003,67,11,104,5,3.9505697623954914,6
2004,28,61,65,26,3.946950789839023,35
2005,35,19,43,9,3.946831407739413,10
2006,6,11,40,5,3.9442678680230823,6
2007,102,15,98,7,3.939114797619031,8
2008,60,22,58,10,3.934983120996657,12
2009,39,54,27,22,3.9257008066498846,32
2010,85,15,20,7,3.9254254916442872,8
2011,5,28,2,12,3.923277825320168,16
2012,37,38,70,16,3.9227382855891664,22
2013,83,24,87,11,3.91671040731581,13
2014,72,22,15,11,3.914279183520124,11
2015,51,50,46,22,3.9127315336646564,28
2016,30,14,52,6,3.910728614777823,8
2017,51,13,66,6,3.909986058428535,7
2018,19,40,107,16,3.9042843104078524,24
2019,64,11,90,5,3.90210878186129,6
2020,102,15,91,7,3.9012134006248127,8
2021,55,30,63,14,3.9003771949657002,16
2022,107,44,3,21,3.899807395774833,23
2023,51,51,84,22,3.8997018485628683,29
2024,77,13,58,6,3.8981506835692437,7
2025,28,23,57,10,3.897117570901977,13
2026,1,25,54,11,3.892988653897817,14
2027,76,19,29,10,3.891834089248111,9
2028,3,22,112,11,3.88182962585215,11
2029,41,33,104,16,3.881745214521683,17
2030,98,20,100,8,3.8795815505382065,12
2031,15,18,78,9,3.8743903606720744,9
2032,65,86,41,35,3.873081236904718,51
2033,41,21,29,9,3.8686372372644238,12
2034,74,41,63,19,3.86350929161903,22
2035,30,29,104,14,3.8618412248829026,15
2036,57,16,48,7,3.8589473829739207,9
2037,86,33,62,15,3.8579815466758847,18
2038,40,50,107,20,3.857060552716014,30
2039,109,12,47,5,3.856660461158829,7
2040,85,17,17,7,3.8507511089593067,10
2041,30,21,38,8,3.844758917902768,13
2042,18,23,31,11,3.843025830767866,12
2043,20,26,7,12,3.839940256500117,14
2044,47,11,12,5,3.8390154161535577,6
2045,38,13,46,5,3.833859769343221,8
2046,91,26,13,12,3.831748260733109,14
2047,4,11,3,5,3.825046392091852,6
2048,16,31,79,13,3.819316250104341,18
2049,5,28,91,11,3.8146250930665166,17
2050,110,16,5,7,3.8138584796050923,9
2051,41,58,107,23,3.813522759738251,35
2052,72,22,78,11,3.8085176531004064,11
2053,77,23,87,10,3.807630975165853,13
2054,62,16,102,7,3.80648773210449,9
2055,6,11,39,5,3.796620754703807,6
2056,90,25,50,11,3.7900343777578582,14
2057,108,20,27,8,3.788484389259808,12
2058,78,39,19,16,3.787938218331084,23
2059,7,10,93,5,3.7802315490169653,5
2060,104,13,92,7,3.7768187223532306,6
2061,114,47,13,24,3.7759149187311776,23
2062,102,14,17,6,3.7656274901945017,8
2063,78,19,94,8,3.755618352433771,11
2064,41,21,76,11,3.7501063090537037,10
2065,53,42,40,19,3.7429391558119995,23
2066,15,31,7,16,3.741081293807926,15
2067,87,49,20,23,3.739375240340582,26
2068,1,13,4,5,3.736039087851971,8
2069,86,65,25,30,3.735239092039536,35
2070,60,59,40,26,3.7350164129782777,33
2071,15,13,40,6,3.725578311667862,7
2072,20,64,54,31,3.7237387131550506,33
2073,27,57,88,27,3.7236261153468573,30
2074,85,14,11,6,3.7190747038473155,8
2075,15,21,5,8,3.714734226349825,13
2076,1,21,64,10,3.714096825641643,11
2077,77,18,11,8,3.711392742612506,10
2078,112,10,35,5,3.7046440124812348,5
2079,23,19,28,9,3.6970356039584393,10
2080,34,37,16,16,3.695530839257544,21
2081,65,23,109,12,3.6820630235649316,11
2082,38,21,84,10,3.6699802067032476,11
2083,107,38,38,16,3.669594298718899,22
2084,51,80,65,35,3.664771412812795,45
2085,39,24,31,10,3.6610558433956157,14
2086,90,10,71,5,3.6561036030201253,5
2087,107,21,32,10,3.6546977761524686,11
2088,109,15,9,8,3.6538651478462696,7
2089,62,11,20,5,3.653244367006128,6
2090,17,11,18,6,3.651905683853181,5
2091,14,10,70,5,3.647042134114848,5
2092,50,19,49,9,3.6450493959827224,10
2093,34,18,43,8,3.6439583345872713,10
2094,49,22,9,11,3.6412924336451584,11
2095,20,52,28,23,3.6380228467997373,29
2096,72,22,100,9,3.6290401350984762,13
2097,43,19,18,10,3.6267699505365183,9
2098,80,26,28,12,3.6230809501897743,14
2099,28,18,85,8,3.621306171580702,10
2100,65,13,52,5,3.6178596605803355,8
2101,13,21,61,8,3.6146533376867644,13
2102,1,36,88,17,3.612486249864136,19
2103,69,17,39,8,3.6024816939136075,9
2104,91,19,18,8,3.601007419787661,11
2105,75,57,16,26,3.59529020803502,31
2106,7,22,11,9,3.5909071733141307,13
2107,97,10,95,4,3.58943247133478,6
2108,102,22,51,10,3.5799509862134076,12
2109,41,21,50,9,3.574666028610321,12
2110,14,22,87,9,3.574657228905801,13
2111,25,19,43,7,3.573077352948075,12
2112,62,13,84,6,3.5672380956620353,7
2113,6,28,7,15,3.5631855242339143,13
2114,79,13,108,5,3.562523700236059,8
2115,107,41,64,19,3.561300386963443,22
2116,60,12,79,5,3.555370933230565,7
2117,28,19,36,9,3.5549996153541237,10
2118,53,49,65,23,3.552341058928982,26
2119,75,25,74,10,3.5502981320595755,15
2120,41,28,109,11,3.548779347954403,17
2121,114,17,49,9,3.5487282111911393,8
2122,33,11,70,5,3.5452850377562317,6
2123,13,31,19,13,3.544087166327379,18
2124,47,29,27,13,3.5439664319349258,16
2125,40,65,36,28,3.5400829247343655,37
2126,44,15,7,7,3.5352660207554516,8
2127,6,10,62,4,3.534555615892033,6
2128,93,17,25,8,3.5300397889756283,9
2129,28,17,15,8,3.52100571830072,9
2130,53,14,100,6,3.5195197890566727,8
2131,74,16,23,7,3.505315761927058,9
2132,25,27,109,12,3.504136926234727,15
2133,39,14,102,6,3.502429360744227,8
2134,38,15,54,7,3.5022681709669796,8
2135,37,13,108,6,3.501919723771849,7
2136,88,86,51,42,3.501816735363749,44
2137,23,22,15,10,3.500162602109348,12
2138,114,39,51,19,3.4973322349486486,20
2139,97,36,114,16,3.4948097299506915,20
2140,48,19,55,8,3.494162257250903,11
2141,20,26,109,10,3.492917739743869,16
2142,62,13,36,6,3.489528327052378,7
2143,36,30,51,14,3.4874600225025074,16
2144,41,16,45,6,3.485066668867455,10
2145,25,20,70,9,3.484518115943736,11
2146,55,16,18,8,3.4810467173744706,8
2147,96,57,54,28,3.4766133859583515,29
2148,51,44,11,19,3.4727761280704854,25
2149,74,60,5,28,3.469996146708342,32
2150,43,40,60,18,3.4556930168868454,22
2151,33,23,5,11,3.454327509177194,12
2152,37,21,23,10,3.453043705748743,11
2153,112,14,114,7,3.4529529803290635,7
2154,7,94,86,40,3.448791218029121,54
2155,86,63,46,26,3.4473674168834294,37
2156,76,28,55,11,3.4438952481653065,17
2157,78,11,81,6,3.4320246992935264,5
2158,7,52,27,24,3.43089904710105,28
2159,55,49,11,20,3.4281320850013377,29
2160,108,10,69,6,3.4269138907252144,4
2161,4,12,37,5,3.421871703775507,7
2162,54,17,112,7,3.420370975960876,10
2163,28,18,78,9,3.4177116588011085,9
2164,17,11,36,6,3.4172736451567545,5
2165,43,35,7,14,3.40569252392934,21
2166,55,29,84,13,3.40123055779696,16
2167,49,44,19,20,3.394696308295232,24
2168,4,13,28,6,3.3940824912486867,7
2169,55,50,5,22,3.393419962444802,28
2170,73,10,104,4,3.391491099464731,6
2171,60,31,9,13,3.3853349951371747,18
2172,36,28,55,13,3.383336577257353,15
2173,39,48,3,23,3.3807598414665576,25
2174,73,15,98,7,3.380055365181917,8
2175,64,40,39,18,3.377216491809078,22
2176,13,78,60,33,3.377087593821922,45
2177,72,23,11,11,3.3761818275237827,12
2178,37,22,100,9,3.371836978910976,13
2179,69,27,57,11,3.36716622165523,16
2180,40,17,20,7,3.3649339637959645,10
2181,54,25,97,12,3.3648153427656755,13
2182,14,23,8,10,3.3634201583462158,13
2183,9,14,61,6,3.36207877688461,8
2184,60,54,86,24,3.361242813228787,30
2185,14,17,106,7,3.360059412826609,10
2186,83,10,20,5,3.3478898251644025,5
2187,94,20,65,10,3.3472699488499082,10
2188,40,15,91,7,3.345577169162442,8
2189,54,20,98,9,3.3414082574982986,11
2190,68,13,5,6,3.3380294056441144,7
2191,80,17,48,7,3.3356230533911275,10
2192,28,46,51,22,3.330644392104213,24
2193,98,14,97,7,3.3185319117606187,7
2194,97,16,84,6,3.316428205809935,10
2195,91,37,86,17,3.314546868451311,20
2196,60,31,75,14,3.3139158628036856,17
2197,63,19,79,8,3.3134147957453677,11
2198,41,14,96,5,3.3088942892360285,9
2199,114,21,64,9,3.3046667254482847,12
2200,47,13,61,6,3.3043540506366424,7
2201,104,60,5,28,3.3007473735225052,32
2202,74,83,86,39,3.2948892708531057,44
2203,34,45,107,19,3.290992240516249,26
2204,55,15,35,7,3.289902790162483,8
2205,68,31,78,14,3.285372327961691,17
2206,8,18,38,8,3.2796886341896285,10
2207,8,25,3,13,3.2773896333319046,12
2208,39,50,53,22,3.277161726088194,28
2209,114,13,67,6,3.2746706512348434,7
2210,3,10,90,5,3.2732247266022596,5
2211,60,70,77,32,3.2721792305889874,38
2212,85,20,13,8,3.2720772589350196,12
2213,28,56,54,25,3.2622780281799852,31
2214,18,56,53,26,3.2615252410170665,30
2215,16,55,37,25,3.259648896901909,30
2216,7,24,74,9,3.257493143792888,15
2217,29,11,108,5,3.254331422994322,6
2218,114,47,25,20,3.2540864225169766,27
2219,100,38,15,17,3.252832450403913,21
2220,91,12,57,6,3.2485819762855144,6
2221,64,10,96,4,3.247034103841879,6
2222,23,12,81,5,3.240703587077002,7
2223,19,34,94,16,3.2385544589849347,18
2224,99,25,60,11,3.2381944591027096,14
2225,9,18,34,8,3.2368917561941424,10
2226,63,93,86,39,3.2368352705177204,54
2227,107,49,36,23,3.234838704648264,26
2228,13,103,51,49,3.2275562894340544,54
2229,29,38,107,14,3.2256905965719005,24
2230,23,55,7,25,3.2229283053761675,30
2231,100,10,80,4,3.2216300029845613,6
2232,55,39,28,16,3.2184704312839787,23
2233,17,16,74,7,3.211770551027832,9
2234,50,19,97,8,3.210625734622642,11
2235,60,47,31,24,3.2094707274879264,23
2236,56,12,97,6,3.2085312435870676,6
2237,106,51,51,23,3.207475581757835,28
2238,15,18,20,8,3.2047440335755613,10
2239,106,28,17,11,3.2039846830051117,17
2240,36,41,39,18,3.1998605067578225,23
2241,88,61,5,29,3.1946532218196624,32
2242,13,41,11,18,3.191655583423845,23
2243,69,15,8,7,3.191300471105286,8
2244,11,10,58,4,3.188429972054717,6
2245,37,54,50,26,3.188335276013606,28
2246,54,31,114,15,3.1847921316014234,16
2247,100,21,50,9,3.182484639829971,12
2248,72,14,47,7,3.1816598855809173,7
2249,103,16,69,8,3.1785957104061198,8
2250,87,11,26,5,3.1783658220432547,6
2251,16,34,47,15,3.1778605747552753,19
2252,74,12,30,6,3.175828716417199,6
2253,106,25,60,10,3.171261503808182,15
2254,86,21,82,9,3.1586560919846263,12
2255,104,51,7,23,3.158219418007504,28
2256,75,23,23,12,3.1487336010920157,11
2257,100,65,13,30,3.147825186909907,35
2258,112,12,45,6,3.1460936650177542,6
2259,76,15,2,6,3.1350168634931235,9
2260,51,15,61,5,3.1232056571511686,10
2261,34,26,11,11,3.1224893996672787,15
2262,76,26,27,11,3.122377163291179,15
2263,43,42,94,19,3.1211209425263533,23
2264,8,58,65,27,3.1193338772056767,31
2265,52,13,12,6,3.116099774948756,7
2266,36,11,80,5,3.115857421175661,6
2267,25,25,17,11,3.1106502600539105,14
2268,50,24,4,12,3.110559237136959,12
2269,111,21,86,9,3.103761182763341,12
2270,29,38,87,16,3.1016615879853475,22
2271,92,15,60,6,3.101629065738582,9
2272,99,14,68,6,3.1001036150844663,8
2273,88,16,74,6,3.100015176246556,10
2274,64,10,91,4,3.0993479020870796,6
2275,88,26,38,10,3.0986430892389034,16
2276,85,10,109,3,3.095406882310695,7
2277,6,17,27,8,3.094787186521294,9
2278,51,22,96,10,3.0911457625040346,12
2279,107,59,37,27,3.0878586600356255,32
2280,16,55,23,25,3.083500884703232,30
2281,19,30,65,14,3.080558293575502,16
2282,39,34,12,15,3.07481258655112,19
2283,19,29,60,14,3.0741844930514626,15
2284,86,126,87,61,3.0740987858793396,65
2285,75,30,25,13,3.069551733540898,17
2286,71,18,25,8,3.0644100067848146,10
2287,71,42,86,20,3.060669361739169,22
2288,6,11,57,5,3.0567504666964656,6
2289,10,17,8,7,3.0558998323304003,10
2290,7,45,55,19,3.05476146939328,26
2291,15,24,30,11,3.0504007259335744,13
2292,104,36,74,15,3.0480717637351904,21
2293,12,40,3,17,3.043232035591347,23
2294,38,13,96,6,3.0422152322461717,7
2295,68,30,12,14,3.041358769608483,16
2296,25,39,65,16,3.0368934823131175,23
2297,86,43,78,20,3.0347227728327733,23
2298,76,23,19,10,3.033738938919166,13
2299,39,13,98,5,3.03323231697735,8
2300,40,17,33,6,3.0217035797006933,11
2301,47,29,88,14,3.0208806441241434,15
2302,98,10,30,5,3.0203430373274287,5
2303,103,24,51,11,3.01737652247903,13
2304,30,20,48,8,3.014647330297821,12
2305,9,43,39,21,3.012148514540607,22
2306,50,20,108,10,3.0061866874624084,10
2307,20,47,37,22,3.004985214474966,25
2308,96,14,34,6,3.0017630147825622,8
2309,4,11,69,5,2.999484176661719,6
2310,86,47,90,20,2.997206734082279,27
2311,114,11,34,6,2.9884829411181797,5
2312,109,27,34,12,2.9858917264587834,15
2313,13,93,107,43,2.982316075322624,50
2314,46,13,1,7,2.97710684527845,6
2315,84,36,106,18,2.9754739608250116,18
2316,36,32,4,13,2.9739066740354185,19
2317,114,64,88,30,2.9736929918128094,34
2318,2,21,37,10,2.9697580112694486,11
2319,26,10,17,5,2.965521786469379,5
2320,25,18,57,8,2.964934950553875,10
2321,114,23,46,10,2.9631435316072405,13
2322,15,33,3,15,2.952257945727668,18
2323,54,19,29,8,2.9499144478753014,11
2324,18,37,87,16,2.947620136311876,21
2325,71,18,46,9,2.944852774193542,9
2326,60,39,8,19,2.9438347563437337,20
2327,72,10,9,5,2.940516873871124,5
2328,83,27,65,13,2.938404758323202,14
2329,68,27,49,12,2.936319937393299,15
2330,36,20,87,8,2.935573250897663,12
2331,33,21,28,11,2.9340033560517895,10
2332,88,25,78,11,2.9333918667099628,14
2333,12,18,40,9,2.9302897037093327,9
2334,3,10,33,4,2.9276582214647853,6
2335,19,28,57,13,2.921824032048087,15
2336,1,14,62,7,2.9215215839903848,7
2337,102,19,106,10,2.9207255392565097,9
2338,37,10,33,4,2.9157377490462175,6
2339,25,12,108,5,2.9132670669268244,7
2340,47,22,41,11,2.912618972707624,11
2341,80,36,54,18,2.9116630961094696,18
2342,91,19,37,9,2.9050960547005245,10
2343,70,31,51,15,2.904546585958992,16
2344,50,27,9,12,2.8991061521351407,15
2345,44,10,70,5,2.8975248911261433,5
2346,16,139,51,65,2.886532733555119,74
2347,17,25,46,11,2.8756726104757036,14
2348,106,14,77,7,2.8755893681261506,7
2349,69,26,43,12,2.8746246974980187,14
2350,75,21,30,10,2.8743282279457354,11
2351,57,12,53,6,2.8739584447786424,6
2352,112,14,1,5,2.872325056767924,9
2353,88,69,68,31,2.869521100331378,38
2354,88,10,17,6,2.869337502995377,4
2355,46,23,63,12,2.867241869896345,11
2356,72,14,88,6,2.8660882603566415,8
2357,69,25,28,12,2.86191295640514,13
2358,88,15,94,8,2.8588031686479414,7
2359,79,10,49,4,2.8563921563379937,6
2360,73,16,96,7,2.8534303980093814,9
2361,86,27,72,12,2.851519910536417,15
2362,97,13,33,6,2.8486496222061595,7
2363,28,13,44,7,2.8461398630992765,6
2364,8,25,102,12,2.8455510764088037,13
2365,95,33,39,15,2.841495525954098,18
2366,4,25,16,13,2.8411046840521443,12
2367,107,51,106,24,2.8408623146416327,27
2368,28,28,17,13,2.836983407123188,15
2369,39,11,35,5,2.836154761931759,6
2370,30,41,49,18,2.8331832725913193,23
2371,53,23,81,10,2.832269045840245,13
2372,114,61,86,29,2.8307983943039856,32
2373,107,49,9,24,2.8292011367922663,25
2374,15,39,107,15,2.82916129911295,24
2375,8,17,79,9,2.8288746666590137,8
2376,2,44,50,20,2.824465738990298,24
2377,75,21,112,9,2.824219405034075,12
2378,54,18,62,8,2.824080555827827,10
2379,18,13,71,6,2.821320109059578,7
2380,68,14,48,7,2.8206443314688054,7
2381,1,32,36,16,2.8095303452930684,16
2382,46,26,76,12,2.809518783996083,14
2383,99,15,41,7,2.8081672918617278,8
2384,106,14,112,7,2.805082024542767,7
2385,83,32,8,16,2.795775595052067,16
2386,68,14,44,7,2.7953277213928303,7
2387,7,26,1,12,2.7932054952385035,14
2388,100,13,36,6,2.7923934619121087,7
2389,70,12,102,7,2.7906887378625402,5
2390,16,73,68,31,2.7896933341941885,42
2391,85,14,112,6,2.7888570708398026,8
2392,51,58,41,27,2.7880359032469983,31
2393,17,36,107,17,2.7872894864783766,19
2394,28,31,91,14,2.785819668061851,17
2395,88,36,18,17,2.772376960809781,19
2396,5,11,10,6,2.7716738654503197,5
2397,86,36,12,16,2.7666405101595584,20
2398,16,36,80,15,2.7654656327688563,21
2399,3,31,29,14,2.7653963352103443,17
2400,1,17,94,9,2.762381009801199,8
2401,88,23,35,11,2.759801003848867,12
2402,97,34,96,17,2.7556888339056806,17
2403,70,14,43,6,2.753352748891417,8
2404,43,36,65,18,2.7525986025329345,18
2405,69,31,68,14,2.743936079051885,17
2406,97,22,104,11,2.7396377781056174,11
2407,99,12,63,6,2.7377253409939364,6
2408,39,30,62,13,2.7367319129051135,17
2409,65,50,106,23,2.735321183024918,27
2410,15,25,54,13,2.735147263925595,12
2411,60,26,46,12,2.733085524905179,14
2412,51,22,98,10,2.7293697926794462,12
2413,12,17,85,8,2.728910649477696,9
2414,44,16,88,8,2.7255415222047024,8
2415,58,17,51,8,2.722040354038644,9
2416,95,11,80,5,2.7197438471090796,6
2417,63,20,4,9,2.717031964261833,11
2418,20,19,76,10,2.7156494087665366,9
2419,90,14,33,6,2.70862298496318,8
2420,39,11,79,4,2.7039365709334446,7
2421,70,30,76,15,2.700930448558258,15
2422,47,27,68,12,2.7008094429751086,15
2423,49,25,8,11,2.6963144212092978,14
2424,9,17,30,7,2.6960180413408095,10
2425,87,22,31,11,2.6915087275033076,11
2426,11,29,43,14,2.690595886408955,15
2427,13,20,102,8,2.6891186576501753,12
2428,65,40,71,17,2.686780335165667,23
2429,28,26,30,13,2.6864332481864475,13
2430,50,13,29,6,2.6856456214917115,7
2431,74,13,43,7,2.684879666635043,6
2432,43,14,58,6,2.6806335210316137,8
2433,39,25,5,12,2.679132217269287,13
2434,60,66,88,29,2.676500890728166,37
2435,48,10,12,4,2.6757754483893885,6
2436,12,20,34,9,2.6757342119787486,11
2437,25,17,44,8,2.673535476281759,9
2438,13,118,7,55,2.670897317194474,63
2439,51,62,60,25,2.6680912544453945,37
2440,41,29,1,12,2.6671220598664953,17
2441,74,13,91,6,2.658254293210725,7
2442,11,33,20,14,2.6580258548377698,19
2443,40,24,27,13,2.656317602946661,11
2444,19,32,68,14,2.655929810520747,18
2445,92,29,88,13,2.6541256559252315,16
2446,57,13,36,5,2.6531160901053807,8
2447,19,20,20,10,2.6469332931574003,10
2448,16,60,5,25,2.6435184456824317,35
2449,100,24,69,11,2.641711217702834,13
2450,49,47,86,24,2.6414437554816397,23
2451,110,13,54,6,2.63588490299345,7
2452,27,70,107,31,2.628606213410473,39
2453,23,33,8,15,2.626483448480395,18
2454,8,10,85,4,2.6233679922969846,6
2455,39,42,28,20,2.6233394077803616,22
2456,39,10,89,4,2.6189716831037586,6
2457,75,28,64,13,2.6143964254367047,15
2458,94,33,107,13,2.613370215138467,20
2459,16,62,49,27,2.611534267425462,35
2460,40,29,1,13,2.608102727316189,16
2461,86,101,28,45,2.6055235662418026,56
2462,36,23,91,10,2.600483205457648,13
2463,65,32,80,15,2.598635692200407,17
2464,65,90,107,42,2.593520579351114,48
2465,102,27,37,12,2.59318753776954,15
2466,1,10,109,5,2.5929606771402254,5
2467,86,33,18,14,2.5923706641316473,19
2468,16,42,48,20,2.585222263767632,22
2469,33,15,88,6,2.5811780228440964,9
2470,50,22,112,9,2.578275791966445,13
2471,62,10,47,4,2.5775304802735826,6
2472,12,28,87,12,2.574704855122627,16
2473,1,29,51,14,2.5741193049184687,15
2474,27,14,61,7,2.57284080053487,7
2475,49,28,15,14,2.564336527461576,14
2476,86,14,14,7,2.5565201304900333,7
2477,73,19,1,8,2.55342910039073,11
2478,47,12,30,7,2.551854085041667,5
2479,44,14,76,6,2.5504141931433355,8
2480,7,74,36,34,2.5493587507973596,40
2481,60,22,38,11,2.544970231368338,11
2482,77,14,95,7,2.54103355873523,7
2483,11,43,54,20,2.540561631211797,23
2484,97,35,65,16,2.5397394280205696,19
2485,43,14,72,7,2.5363945545094944,7
2486,7,29,17,13,2.532089441361392,16
2487,44,15,107,7,2.530544567099409,8
2488,99,19,30,8,2.530388293684779,11
2489,88,79,107,35,2.5286710738485665,44
2490,36,33,9,15,2.5279240780374668,18
2491,39,18,4,8,2.5267698999647226,10
2492,14,17,11,7,2.5264878637219237,10
2493,68,27,46,12,2.5209301456426765,15
2494,12,15,36,7,2.516319942513749,8
2495,16,50,70,22,2.515200790425138,28
2496,29,35,27,15,2.5139766493292584,20
2497,89,20,16,10,2.5118923469811576,10
2498,37,18,109,8,2.501013404341532,10
2499,84,13,67,7,2.500709874534183,6
2500,65,37,111,16,2.496427849114077,21
2501,88,43,109,18,2.493468216162424,25
2502,64,21,11,8,2.490493863054093,13
2503,18,11,111,5,2.4899108726358863,6
2504,27,34,43,16,2.4874868991786236,18
2505,17,20,20,9,2.47595507024807,11
2506,30,17,103,7,2.4703689712282215,10
2507,4,17,81,7,2.4678124777063273,10
2508,87,65,54,29,2.466831360741765,36
2509,74,17,69,9,2.4664972820824542,8
2510,103,10,37,6,2.4659405881754055,4
2511,17,17,1,8,2.462761073509877,9
2512,102,32,25,15,2.4608896969250456,17
2513,110,17,86,8,2.45971246028376,9
2514,8,53,51,25,2.4557729112904,28
2515,63,15,61,6,2.4454100802634517,9
2516,32,10,50,6,2.444054190716271,4
2517,16,49,62,20,2.442326323138999,29
2518,64,15,47,6,2.4412017315333236,9
2519,109,24,102,11,2.437458896467388,13
2520,14,19,51,7,2.4338441230915158,12
2521,91,20,75,13,2.432369433261267,7
2522,3,17,96,8,2.4320783711975626,9
2523,54,40,19,17,2.4245207104094186,23
2524,88,56,9,26,2.4233671798250107,30
2525,55,23,4,11,2.4222288362060125,12
2526,43,41,19,19,2.422134068827929,22
2527,7,18,48,9,2.420153811750299,9
2528,109,11,99,5,2.4195174025010595,6
2529,108,28,86,12,2.416374005048123,16
2530,28,19,94,8,2.414960475317553,11
2531,107,24,81,11,2.4141594134658972,13
2532,60,28,28,15,2.4122250218340917,13
2533,65,11,92,5,2.4112859752548714,6
2534,8,33,93,16,2.4111455321691304,17
2535,106,13,66,5,2.4075033563299866,8
2536,20,26,80,12,2.4033351571638564,14
2537,100,27,94,10,2.4002432216595997,17
2538,114,15,98,7,2.3992721750256902,8
2539,46,38,28,16,2.3990178798165633,22
2540,97,21,109,10,2.398141101921526,11
2541,16,22,45,9,2.3925466679441416,13
2542,23,13,48,6,2.3894452247322273,7
2543,104,40,95,18,2.3890342183876085,22
2544,4,21,71,8,2.3871750117365993,13
2545,96,25,104,11,2.3866419839158346,14
2546,75,13,56,5,2.3840139649043497,8
2547,50,33,51,16,2.382850969710936,17
2548,8,14,112,6,2.3798297239108352,8
2549,71,40,107,17,2.3760609676092463,23
2550,49,29,12,17,2.3757535970577623,12
2551,51,11,22,5,2.3756967454119184,6
2552,39,44,104,20,2.3751154073426832,24
2553,53,31,55,14,2.3720895326624127,17
2554,25,32,63,16,2.3688265373602615,16
2555,40,24,50,10,2.3671440474550507,14
2556,49,13,97,5,2.366826181424206,8
2557,99,23,5,11,2.3616219022642833,12
2558,64,44,88,19,2.3590830036125556,25
2559,100,14,97,6,2.3583259709010775,8
2560,96,14,109,6,2.3566759619593642,8
2561,99,12,33,5,2.354570382478157,7
2562,4,36,31,15,2.3535355966794667,21
2563,16,50,43,22,2.3507433165143348,28
2564,11,18,33,7,2.3498549166237144,11
2565,76,29,109,12,2.3483387187433746,17
2566,114,12,38,6,2.341526377437994,6
2567,25,28,53,14,2.3301510854690854,14
2568,109,51,5,25,2.3285813949081655,26
2569,72,10,42,4,2.3285230567907305,6
2570,8,10,103,4,2.3245085117289834,6
2571,104,21,102,11,2.320627297470276,10
2572,88,32,91,15,2.315767764685104,17
2573,8,58,96,27,2.3139911898201153,31
2574,71,31,63,14,2.311262987331465,17
2575,57,23,37,11,2.3105129908375908,12
2576,63,28,70,13,2.309911464577437,15
2577,60,26,95,12,2.300035058084817,14
2578,87,24,112,12,2.2999950950763304,12
2579,86,21,32,10,2.2989864902239003,11
2580,80,20,7,9,2.298668986127333,11
2581,65,39,17,16,2.2982880050722274,23
2582,100,24,5,11,2.2932427434044684,13
2583,106,13,4,7,2.287883468044352,6
2584,81,26,88,12,2.2857834835265285,14
2585,107,36,112,18,2.2856893291686884,18
2586,86,88,84,44,2.2844335131903772,44
2587,38,10,81,5,2.2819621266449914,5
2588,48,19,65,10,2.2816603054261093,9
2589,9,47,40,21,2.2806450266015683,26
2590,77,12,69,6,2.2797993708458963,6
2591,11,60,46,28,2.278637581509191,32
2592,50,47,11,22,2.2760239537437785,25
2593,7,108,68,50,2.2702884441480373,58
2594,61,10,31,5,2.2696136748473603,5
2595,28,66,96,31,2.267406944603933,35
2596,85,12,7,5,2.2672729351147445,7
2597,87,11,42,5,2.2670677132557686,6
2598,106,45,88,19,2.2639858690375614,26
2599,109,23,3,11,2.262800410189072,12
2600,87,62,106,30,2.2622041017840115,32
2601,74,13,41,7,2.254565024803335,6
2602,95,30,25,14,2.25397314365567,16
2603,65,21,34,9,2.2537760542177048,12
2604,63,11,83,4,2.2518527555221,7
2605,30,77,86,34,2.250031935213089,43
2606,34,22,50,11,2.2486274008584743,11
2607,87,36,69,15,2.246850810864759,21
2608,88,38,4,18,2.2459217004175493,20
2609,70,10,27,5,2.243263258457552,5
2610,104,65,13,30,2.2428038741485183,35
2611,64,21,49,9,2.2416010602386143,12
2612,68,61,107,30,2.2392858218745855,31
2613,34,13,22,6,2.237675057859748,7
2614,27,17,48,7,2.2349641271706275,10
2615,4,26,114,13,2.234564836857367,13
2616,18,14,20,6,2.2334528603958916,8
2617,54,78,16,37,2.2330589924227287,41
2618,46,18,65,7,2.232998478058102,11
2619,90,16,25,7,2.2261576936837058,9
2620,75,43,39,22,2.2252173665323527,21
2621,112,11,12,6,2.2247336886150633,5
2622,98,13,99,7,2.2212581677933785,6
2623,18,14,98,8,2.221147797140808,6
2624,72,11,62,5,2.217469660829094,6
2625,93,12,51,6,2.2166321429168523,6
2626,5,50,96,22,2.2114271922507607,28
2627,75,27,27,12,2.203651126537084,15
2628,16,36,90,18,2.2014934680529166,18
2629,96,10,49,5,2.2013596017058843,5
2630,17,14,91,6,2.201331771128629,8
2631,104,72,16,33,2.198861242302897,39
2632,7,75,40,33,2.1957521283064803,42
2633,68,35,106,16,2.1936858069827965,19
2634,41,33,40,16,2.1935807772699496,17
2635,19,13,47,6,2.1915786077930712,7
2636,8,31,27,15,2.18911521683818,16
2637,31,10,54,5,2.186668926147148,5
2638,8,64,74,28,2.186622040651489,36
2639,34,36,27,17,2.1860495568606453,19
2640,52,10,100,4,2.182252215405286,6
2641,30,30,11,14,2.1759327888687214,16
2642,84,16,93,8,2.173203038685072,8
2643,41,46,68,22,2.171804807510051,24
2644,23,13,53,6,2.1639220781507627,7
2645,12,11,29,5,2.163520573510352,6
2646,55,16,98,7,2.1617935333932947,9
2647,17,34,34,17,2.1611181742005137,17
2648,6,14,86,6,2.158350497876564,8
2649,108,34,107,16,2.157882497190882,18
2650,89,11,49,5,2.155221325127322,6
2651,55,11,69,5,2.141856565606557,6
2652,71,39,39,18,2.140211900940766,21
2653,102,22,74,10,2.1384304011801047,12
2654,81,17,68,8,2.1370452313390262,9
2655,3,64,51,32,2.1369691563906166,32
2656,10,20,84,9,2.1368540059137273,11
2657,7,20,30,11,2.1356884749054443,9
2658,11,30,74,14,2.1347610080309107,16
2659,2,12,61,5,2.1331085158076015,7
2660,102,32,114,14,2.124084287601509,18
2661,7,62,9,31,2.12190310948229,31
2662,49,24,63,12,2.1212323385530327,12
2663,53,11,70,5,2.117480208536356,6
2664,7,17,72,8,2.1143024060967655,9
2665,87,87,65,41,2.1137956539275033,46
2666,69,11,25,5,2.1120597510852464,6
2667,57,38,13,19,2.1070868819342965,19
2668,68,28,94,13,2.1065110625469545,15
2669,112,19,23,8,2.1018527652621173,11
2670,107,120,86,56,2.1006252645807866,64
2671,84,18,79,9,2.0988599029371873,9
2672,37,66,104,30,2.097616403905137,36
2673,83,34,55,17,2.0962093979720215,17
2674,97,22,8,11,2.094799206270941,11
2675,54,74,8,32,2.0896219581372892,42
2676,40,18,11,9,2.089442100461012,9
2677,64,43,68,18,2.086424402801588,25
2678,44,14,51,5,2.084874228955972,9
2679,74,47,65,23,2.0847963525870914,24
2680,82,10,63,5,2.077975861296688,5
2681,27,20,23,10,2.0722628371370124,10
2682,94,12,50,5,2.067325915186851,7
2683,62,20,60,10,2.0597588787986436,10
2684,88,56,104,25,2.0522336100675984,31
2685,85,19,16,8,2.049381192265949,11
2686,93,21,88,9,2.047097578055209,12
2687,39,50,54,24,2.0364960507840575,26
2688,40,59,88,27,2.0357313010299647,32
2689,104,21,17,10,2.0345116655508866,11
2690,8,41,104,19,2.032634893277435,22
2691,33,25,13,12,2.031483396821484,13
2692,91,14,114,7,2.0312426341433967,7
2693,86,85,8,43,2.026979224114561,42
2694,32,11,13,5,2.026181507027534,6
2695,50,53,107,26,2.025793662275193,27
2696,90,26,60,11,2.0244178494313405,15
2697,114,27,17,11,2.0211590753648707,16
2698,8,37,90,16,2.0194647820717804,21
2699,93,11,60,4,2.018629631632218,7
2700,69,14,37,7,2.015512849900141,7
2701,41,46,27,20,2.015249387538454,26
2702,68,29,70,14,2.0151181581046385,15
2703,23,47,86,22,2.0116860012086675,25
2704,103,15,76,8,2.0116582341491553,7
2705,62,20,37,8,2.010740712828138,12
2706,57,40,51,19,2.0085737503790426,21
2707,83,22,97,12,2.007636873207567,10
2708,75,32,87,15,2.0004298974911783,17
2709,66,11,27,5,1.9992664520674261,6
2710,114,26,74,13,1.9975972531686872,13
2711,104,15,112,7,1.99393597279257,8
2712,85,15,88,7,1.992964557457929,8
2713,53,19,4,9,1.987694792892671,10
2714,30,15,4,7,1.9875071363114756,8
2715,28,38,25,16,1.9833898911599184,22
2716,100,12,79,5,1.982238182212087,7
2717,95,28,53,11,1.9769373995573185,17
2718,88,31,70,14,1.9762934359596283,17
2719,54,10,35,4,1.9706076038783524,6
2720,23,22,3,10,1.9704853033748777,12
2721,41,24,112,11,1.9642201479007217,13
2722,80,11,97,5,1.9631828964682223,6
2723,87,42,84,19,1.9615694257244276,23
2724,39,14,33,7,1.9600955952261434,7
2725,50,11,35,5,1.9581460146246747,6
2726,19,30,86,15,1.9572349198961243,15
2727,27,34,57,17,1.9534766566361748,17
2728,36,34,64,17,1.9485056781764598,17
2729,8,90,55,45,1.9471295493058276,45
2730,33,15,94,7,1.9451389474962026,8
2731,25,20,55,9,1.9429576796619945,11
2732,23,14,31,6,1.9392936999416424,8
2733,110,13,104,5,1.9388474450810558,8
2734,71,49,7,25,1.9387153694352777,24
2735,32,10,98,5,1.9380052263831626,5
2736,23,14,97,7,1.9330528734436567,7
2737,104,35,109,17,1.92892724137796,18
2738,70,19,40,8,1.9276789997691202,11
2739,86,70,3,33,1.9270985258428823,37
2740,17,28,54,14,1.9259736473512523,14
2741,16,89,28,41,1.923978729516393,48
2742,114,21,18,10,1.923577249757446,11
2743,63,40,50,18,1.9230864117365438,22
2744,9,10,79,4,1.9224211679655938,6
2745,104,32,70,15,1.9224071285610203,17
2746,55,56,88,24,1.9221308051774735,32
2747,53,43,64,20,1.921457820047301,23
2748,99,11,76,6,1.9173589523208343,5
2749,86,18,89,7,1.9173267620704104,11
2750,97,32,106,16,1.9159665785715099,16
2751,110,11,17,5,1.9155371371930665,6
2752,68,38,1,18,1.9099752765436664,20
2753,8,67,28,31,1.9053784571291423,36
2754,39,72,107,35,1.9049396835446843,37
2755,55,27,99,12,1.8950724021518552,15
2756,85,12,98,5,1.8929637615829213,7
2757,20,35,106,16,1.890590591428699,19
2758,25,23,64,11,1.8857238852847684,12
2759,96,16,30,7,1.885074878690488,9
2760,68,108,13,51,1.8849483625328234,57
2761,2,41,8,20,1.8848654476169697,21
2762,60,19,48,9,1.868377497336698,10
2763,53,13,47,6,1.8674520504863439,7
2764,37,95,5,46,1.8654288703425719,49
2765,60,13,33,5,1.8644268792007372,8
2766,53,22,97,10,1.849246682219108,12
2767,19,25,88,13,1.8450287055712715,12
2768,30,27,76,12,1.8425803619698342,15
2769,114,30,20,14,1.8395405662544742,16
2770,8,41,100,19,1.8381782940280236,22
2771,84,38,96,19,1.8356486827006797,19
2772,88,23,90,10,1.8344778390431933,13
2773,74,29,13,14,1.8278354237299064,15
2774,11,15,114,8,1.8276036019184323,7
2775,44,13,114,6,1.8263733365516701,7
2776,102,13,99,6,1.8212893413036875,7
2777,40,18,111,9,1.8104998545748818,9
2778,89,15,13,8,1.810301927311195,7
2779,13,32,112,16,1.80903940686547,16
2780,36,22,25,11,1.8071440138268557,11
2781,70,57,86,26,1.8046372203949772,31
2782,51,34,31,14,1.8036645224364214,20
2783,112,50,16,24,1.7995643538534818,26
2784,63,10,103,4,1.799391808148132,6
2785,54,33,102,16,1.7967474737993285,17
2786,114,35,39,18,1.7909993968165117,17
2787,65,25,47,12,1.7906040954239375,13
2788,20,19,48,8,1.7888857426975076,11
2789,97,27,46,13,1.7888516310768017,14
2790,65,27,77,12,1.782430515644693,15
2791,29,20,8,8,1.7818268121537417,12
2792,37,25,90,12,1.7816453937181782,13
2793,15,39,68,17,1.7799026131571736,22
2794,50,21,69,11,1.7758250016074648,10
2795,68,18,43,9,1.7652060939878154,9
2796,88,11,110,6,1.7642228121429866,5
2797,8,61,11,29,1.7536827183689407,32
2798,84,26,70,12,1.7530345342228948,14
2799,104,21,43,9,1.750605109142023,12
2800,60,33,36,16,1.7416473627060747,17
2801,18,11,6,5,1.7414584600944751,6
2802,36,37,88,16,1.7392851936744347,21
2803,16,26,12,12,1.7388261312317632,14
2804,46,33,87,14,1.7365355025976175,19
2805,16,27,44,12,1.7334648777380295,15
2806,106,38,96,17,1.7318320126651918,21
2807,70,19,75,10,1.7314858975507377,9
2808,32,13,68,5,1.731166259808923,8
2809,109,20,77,10,1.7279763913588901,10
2810,77,10,28,5,1.727447904471638,5
2811,63,15,45,7,1.7260545689947924,8
2812,104,24,83,10,1.7171480590838841,14
2813,98,31,107,15,1.7124892646076504,16
2814,62,28,71,14,1.710784794078352,14
2815,107,42,70,21,1.7077418931454802,21
2816,48,10,37,5,1.7035937503192145,5
2817,85,15,57,7,1.7034495534090748,8
2818,20,16,102,8,1.6989391239814933,8
2819,36,15,23,9,1.6972875274185721,6
2820,28,64,5,31,1.6933141899778523,33
2821,88,59,28,27,1.6917395122237935,32
2822,55,40,106,18,1.6835382667235006,22
2823,17,18,64,8,1.6742261514283443,10
2824,23,14,50,5,1.6739476096476138,9
2825,63,45,7,18,1.6735738766299244,27
2826,68,46,3,23,1.671155444021851,23
2827,45,28,31,13,1.6710870406691087,15
2828,17,17,112,8,1.6709980493790115,9
2829,87,48,60,24,1.6692465502528926,24
2830,54,19,33,8,1.668385392549265,11
2831,81,16,9,8,1.667141681490912,8
2832,37,47,74,23,1.6628163329711263,24
2833,50,33,76,18,1.6543169040864119,15
2834,36,23,68,11,1.6511686348202657,12
2835,86,34,38,16,1.64225948399023,18
2836,30,41,68,20,1.6397998764136266,21
2837,41,59,88,27,1.6397874376242199,32
2838,102,10,49,4,1.6394569107680623,6
2839,6,18,68,10,1.6346986227731553,8
2840,12,20,8,9,1.6327256818745006,11
2841,35,28,86,12,1.6302927109086067,16
2842,13,31,72,16,1.6241775993144327,15
2843,44,17,87,8,1.6239279411647842,9
2844,81,19,18,9,1.6163568658399623,10
2845,38,32,13,17,1.614314899085523,15
2846,30,29,69,14,1.613902271093239,15
2847,46,56,54,27,1.6114239899738882,29
2848,28,20,79,10,1.604902001664568,10
2849,88,57,49,27,1.6047588256045953,30
2850,18,33,60,16,1.596771934301811,17
2851,14,11,75,5,1.5947210222856318,6
2852,49,23,62,10,1.5851399264471633,13
2853,2,15,25,8,1.5845186001024008,7
2854,88,20,61,8,1.581947887543261,12
2855,58,12,100,6,1.5819008855655043,6
2856,55,22,90,12,1.578656952498874,10
2857,96,34,88,17,1.5755489762598085,17
2858,63,43,41,20,1.5704593108021436,23
2859,30,27,78,13,1.569607458561735,14
2860,8,79,88,38,1.5656866353653567,41
2861,50,68,54,33,1.5636701794042434,35
2862,15,49,86,23,1.5627809554713064,26
2863,9,14,111,7,1.5621342613374551,7
2864,109,26,106,13,1.562107287891286,13
2865,64,19,15,10,1.5585187752284797,9
2866,75,44,55,19,1.5547955200380577,25
2867,80,20,11,10,1.553265227546683,10
2868,57,25,102,12,1.5483760769806836,13
2869,63,30,27,13,1.5482939869847552,17
2870,87,59,11,26,1.5460531773065438,33
2871,43,19,50,8,1.5434241128816095,11
2872,22,10,86,5,1.538148289979916,5
2873,94,21,11,11,1.5369194320927215,10
2874,29,13,53,5,1.5317670028644748,8
2875,64,15,81,7,1.5315551836921653,8
2876,114,20,84,9,1.5282826629009798,11
2877,13,66,27,32,1.5277775268373528,34
2878,3,17,76,8,1.5249357900982525,9
2879,35,14,37,7,1.523131742310598,7
2880,3,22,61,8,1.5200379980927712,14
2881,46,12,55,5,1.5148590180899557,7
2882,64,29,27,14,1.5066564848276938,15
2883,27,25,50,10,1.5040884605682703,15
2884,54,10,89,4,1.5037658090302108,6
2885,17,31,50,16,1.4997072054884293,15
2886,9,34,63,16,1.4983458266579124,18
2887,19,15,102,6,1.4975662366291895,9
2888,46,52,5,24,1.4974094901037487,28
2889,107,47,25,23,1.4967278623744356,24
2890,112,16,11,8,1.4950492246382476,8
2891,15,51,16,26,1.492785936659106,25
2892,77,22,88,11,1.4907823177695647,11
2893,76,17,62,8,1.4886483429037691,9
2894,60,74,71,35,1.4843115108657077,39
2895,68,10,84,4,1.478899377350919,6
2896,109,20,69,10,1.4769023355605444,10
2897,103,17,79,8,1.4762996181953612,9
2898,73,15,63,8,1.4760785674332926,7
2899,106,20,43,10,1.4741650546799518,10
2900,11,17,32,9,1.4729852723414754,8
2901,35,24,7,12,1.4676220715119421,12
2902,6,13,69,7,1.4672562795661186,6
2903,71,24,3,11,1.4668209780059585,13
2904,40,64,51,31,1.4624658901194145,33
2905,31,21,47,10,1.4606130980712668,11
2906,25,23,83,10,1.4597201880554966,13
2907,29,24,78,11,1.459657973408096,13
2908,12,41,27,18,1.4555506897092878,23
2909,39,73,13,34,1.450285772990473,39
2910,62,28,65,14,1.4496341901836995,14
2911,106,55,63,27,1.4485566818099482,28
2912,39,21,48,9,1.4474709554841443,12
2913,65,33,69,16,1.4425642416495132,17
2914,20,21,97,11,1.439527960881874,10
2915,50,28,25,14,1.4391705454909012,14
2916,77,12,103,6,1.4351835204848122,6
2917,36,35,45,19,1.423273124508123,16
2918,71,23,55,12,1.4219584840110406,11
2919,1,11,53,5,1.4196819324858228,6
2920,100,29,62,15,1.4095954922785312,14
2921,12,20,71,10,1.4059148964814159,10
2922,8,52,39,26,1.4053790168528848,26
2923,46,25,9,13,1.4052752923291358,12
2924,78,44,107,20,1.4031357697454574,24
2925,70,17,95,9,1.4011695857654913,8
2926,75,12,44,5,1.399837377533035,7
2927,91,13,9,6,1.3946381880594532,7
2928,36,11,29,6,1.3837445576600587,5
2929,87,61,3,29,1.3817700433345628,32
2930,95,31,7,14,1.3809406634768675,17
2931,106,30,41,15,1.3806292559177733,15
2932,55,15,62,7,1.3800432063216206,8
2933,39,51,41,26,1.3725005678823716,25
2934,16,32,108,14,1.3715645392196794,18
2935,86,66,55,31,1.371489773467497,35
2936,13,13,35,6,1.3712745168342095,7
2937,75,10,48,5,1.3711471542080278,5
2938,76,34,49,16,1.3676760689556275,18
2939,25,26,30,14,1.363384718034577,12
2940,112,12,74,6,1.3616749140437374,6
2941,111,17,87,8,1.3561671479223418,9
2942,30,14,81,7,1.3508923221630351,7
2943,97,37,88,18,1.349074362930903,19
2944,108,17,40,9,1.3479697301696818,8
2945,107,72,63,38,1.346860465088752,34
2946,6,10,23,5,1.3385415186806262,5
2947,108,13,81,6,1.3379621241230502,7
2948,66,13,72,6,1.3337285865019093,7
2949,18,33,41,17,1.3250989728306575,16
2950,74,18,80,9,1.3199661328668575,9
2951,32,12,51,6,1.314434714983352,6
2952,54,21,23,10,1.3133138976413494,11
2953,94,11,40,5,1.313173008584519,6
2954,112,32,65,16,1.312297716343953,16
2955,68,52,9,25,1.3104638696206772,27
2956,9,28,58,13,1.310268135821902,15
2957,41,28,114,14,1.30733810804357,14
2958,84,11,64,4,1.3059634387921,7
2959,63,50,11,21,1.3058923787126548,29
2960,5,44,13,21,1.302350985374302,23
2961,7,22,8,10,1.29527150144924,12
2962,51,37,43,19,1.2941846087355042,18
2963,50,18,98,8,1.2936360808559426,10
2964,2,22,74,10,1.2925512141562505,12
2965,51,19,99,10,1.289208240710456,9
2966,89,17,88,9,1.2888997749635156,8
2967,54,105,65,51,1.2780833574082704,54
2968,96,59,107,27,1.2779661064945949,32
2969,17,12,80,5,1.2769817296361932,7
2970,71,11,1,6,1.2732152302328,5
2971,73,15,16,8,1.2607482082851333,7
2972,78,48,16,23,1.2607103680701683,25
2973,86,39,112,18,1.25947121934584,21
2974,41,74,13,36,1.2517636829549152,38
2975,3,21,18,9,1.249671178570587,12
2976,17,11,62,5,1.2486647888480191,6
2977,16,38,29,19,1.2448349982001043,19
2978,108,16,55,7,1.2425126869095338,9
2979,107,30,4,15,1.2387516471106226,15
2980,71,25,31,12,1.2380158081615504,13
2981,63,16,95,8,1.233969730193377,8
2982,51,88,107,38,1.2335246266798188,50
2983,64,18,108,9,1.2316301294972805,9
2984,71,26,9,12,1.2262156519313812,14
2985,79,22,107,10,1.2215901530487994,12
2986,55,17,41,8,1.2209745250839965,9
2987,20,38,51,20,1.2194063897993583,18
2988,62,33,87,16,1.2162152618282465,17
2989,98,11,74,5,1.2137114800422117,6
2990,58,16,63,9,1.211674081917942,7
2991,25,33,97,16,1.211209753293348,17
2992,3,15,46,8,1.2064770707138586,7
2993,107,31,85,15,1.1983111993424351,16
2994,25,67,16,32,1.1932865297100665,35
2995,48,12,41,6,1.1910839111619824,6
2996,88,36,37,17,1.188834543043674,19
2997,87,16,110,7,1.187803786715121,9
2998,76,31,96,14,1.1853039288193825,17
2999,48,27,11,13,1.181238878974582,14
3000,89,16,104,8,1.1768798083300294,8
3001,8,26,48,12,1.176757496258483,14
3002,107,18,72,9,1.1760314323500414,9
3003,33,12,77,6,1.17566757355006,6
3004,39,52,55,24,1.1740266098053433,28
3005,29,23,11,11,1.16298032588341,12
3006,65,108,63,52,1.162387515885531,56
3007,104,16,23,9,1.1585628201755833,7
3008,111,13,8,7,1.1570953689507386,6
3009,17,10,33,5,1.1464162819529036,5
3010,64,20,45,9,1.1431500338693237,11
3011,15,34,87,17,1.135258782185668,17
3012,36,26,106,13,1.1307287364062801,13
3013,3,26,31,14,1.130409883055894,12
3014,69,28,19,13,1.1227446471060287,15
3015,27,13,18,7,1.1211992327384535,6
3016,29,19,7,7,1.1170674633929263,12
3017,100,14,61,7,1.113823985180495,7
3018,40,16,109,7,1.1126467638961715,9
3019,78,46,57,22,1.1112398390600873,24
3020,51,16,6,7,1.1096986250731455,9
3021,50,45,13,22,1.1084728314096706,23
3022,73,13,55,6,1.1082443575059586,7
3023,91,12,47,6,1.1047106963660296,6
3024,40,19,45,9,1.1043531225931202,10
3025,96,18,2,9,1.1039761816908797,9
3026,70,39,106,20,1.1024614638047308,19
3027,40,13,74,6,1.0901529369074687,7
3028,15,15,17,8,1.085580069098035,7
3029,75,54,65,27,1.0834874610355825,27
3030,60,31,81,15,1.076505088534958,16
3031,64,19,97,9,1.0748997556854092,10
3032,9,16,97,9,1.0715415510849842,7
3033,67,20,37,9,1.0707700527635258,11
3034,16,124,13,57,1.068877426742017,67
3035,58,14,71,7,1.0679524363994282,7
3036,88,32,3,15,1.0621797128272314,17
3037,100,14,44,7,1.0590413147864144,7
3038,30,24,18,12,1.0579199601112552,12
3039,71,18,45,10,1.0500246166344394,8
3040,4,60,13,28,1.0440840904331967,32
3041,18,35,51,18,1.0414861976482428,17
3042,104,16,33,7,1.0375486456158112,9
3043,45,14,3,7,1.0349134798027078,7
3044,16,53,41,24,1.032210737274025,29
3045,46,16,64,8,1.031017738027725,8
3046,2,33,97,16,1.0254110764857562,17
3047,51,53,37,23,1.0249339808072997,30
3048,63,20,44,9,1.0233184771026502,11
3049,107,41,18,22,1.0183255345448823,19
3050,87,52,28,26,1.0126365910584707,26
3051,85,32,86,15,1.0113399236982092,17
3052,60,16,57,8,1.0104370368222444,8
3053,16,61,57,28,1.0059709651707425,33
3054,45,12,88,5,1.0058195203591582,7
3055,13,43,75,20,1.005364432264769,23
3056,114,11,93,6,1.004990658958168,5
3057,57,34,41,17,1.0000688740522203,17
3058,37,37,17,16,0.9978108601802018,21
3059,66,15,86,7,0.9972564817088989,8
3060,68,29,38,13,0.9956485324900273,16
3061,43,33,88,15,0.9947945347929831,18
3062,20,13,27,6,0.9871413726704231,7
3063,69,32,107,15,0.9867318989974736,17
3064,68,15,102,7,0.9774478191416366,8
3065,107,65,5,32,0.9748363761521144,33
3066,70,10,62,5,0.9747108971050853,5
3067,78,12,9,6,0.9745877106891208,6
3068,103,37,16,19,0.9715722241173592,18
3069,63,52,87,24,0.9694664805604959,28
3070,64,15,57,7,0.9686108755747862,8
3071,104,38,106,19,0.9604760273979323,19
3072,106,11,103,6,0.9583580547252424,5
3073,14,14,5,6,0.9561035605846475,8
3074,60,78,7,38,0.9515995280010695,40
3075,8,93,107,48,0.9469804998735967,45
3076,63,23,53,11,0.9461903574638922,12
3077,18,29,40,12,0.9358054757186772,17
3078,29,16,43,8,0.9196986818795139,8
3079,9,29,3,14,0.9194490367743477,15
3080,86,14,113,6,0.9183338417210537,8
3081,75,27,114,13,0.9181862737012574,14
3082,106,100,86,49,0.9173221659807225,51
3083,5,60,87,29,0.9171807612986056,31
3084,39,14,1,5,0.9120351629887077,9
3085,36,35,75,19,0.9076169876586753,16
3086,76,28,102,13,0.9068567870201606,15
3087,6,14,50,7,0.9048960894988036,7
3088,60,12,111,7,0.9019980300500788,5
3089,62,14,50,6,0.9017457082495502,8
3090,60,16,89,7,0.9013103789489272,9
3091,78,17,55,9,0.9002458878614071,8
3092,68,17,74,7,0.9001065237726507,10
3093,39,24,70,11,0.8958543413772138,13
3094,27,63,51,30,0.8881383616064773,33
3095,9,19,69,9,0.8879210172039288,10
3096,93,13,3,5,0.8808947328421439,8
3097,83,21,88,11,0.8798897555023182,10
3098,17,40,13,20,0.877187739086127,20
3099,13,47,15,24,0.8757286594591248,23
3100,27,15,1,6,0.8721383199452174,9
3101,60,17,84,10,0.871614356489069,7
3102,8,67,37,33,0.8700084298071539,34
3103,41,25,43,12,0.8640274273037515,13
3104,68,85,51,39,0.8636071760652749,46
3105,10,10,114,4,0.8617397018011257,6
3106,77,14,64,8,0.8550421959375887,6
3107,41,12,38,5,0.8514389884122232,7
3108,65,38,11,19,0.8512591605271688,19
3109,33,15,95,7,0.8491128905949191,8
3110,60,14,98,7,0.8439389777307171,7
3111,19,24,77,12,0.8379851134542036,12
3112,63,21,15,10,0.8375274324275158,11
3113,2,16,46,8,0.8285194662826778,8
3114,109,75,86,37,0.8275658662361588,38
3115,29,12,106,6,0.8264692442725535,6
3116,28,48,37,24,0.8263140292594408,24
3117,84,15,95,7,0.8218033746912388,8
3118,114,19,45,9,0.8205689132017492,10
3119,87,73,88,38,0.8190831084314798,35
3120,57,18,20,9,0.8178941572060118,9
3121,7,80,41,40,0.8113607765595663,40
3122,7,16,79,8,0.808566327439515,8
3123,84,31,50,16,0.8064114901977948,15
3124,56,14,40,7,0.8062835825274064,7
3125,34,20,39,10,0.805587282463706,10
3126,30,26,40,13,0.8045580871786187,13
3127,41,18,78,8,0.8039593627471284,10
3128,98,11,62,5,0.7995773049352667,6
3129,2,22,88,11,0.7956469041111237,11
3130,86,20,33,9,0.7909428017327464,11
3131,28,16,89,7,0.7901986413516635,9
3132,75,14,33,6,0.7900898585820654,8
3133,77,29,18,13,0.7883551040314848,16
3134,80,15,38,8,0.7882565864146641,7
3135,4,18,104,10,0.7872554057904764,8
3136,48,20,109,9,0.7860713609857797,11
3137,13,51,28,25,0.7790491963091711,26
3138,84,76,107,37,0.7784279468127796,39
3139,87,22,99,10,0.7762165713325069,12
3140,88,32,69,15,0.7753807063240761,17
3141,8,39,30,20,0.7751271429311177,19
3142,16,40,40,19,0.7743017001677523,21
3143,97,20,93,10,0.7717644600090583,10
3144,104,25,15,12,0.7673608753763789,13
3145,58,15,50,8,0.7660630045931245,7
3146,102,17,3,8,0.765118029688356,9
3147,28,58,109,27,0.76448490134667,31
3148,86,83,20,40,0.7625493429797969,43
3149,74,15,12,7,0.7608852783764936,8
3150,14,15,13,6,0.7511854242648525,9
3151,46,24,84,11,0.744605770354001,13
3152,11,32,78,17,0.7439751541430462,15
3153,36,13,74,5,0.7437175733038444,8
3154,15,51,39,23,0.7431576274831297,28
3155,38,22,64,11,0.741675899909912,11
3156,37,27,84,13,0.7406944026942688,14
3157,94,24,86,12,0.7404864736135099,12
3158,7,12,108,5,0.7404080910313953,7
3159,25,24,15,13,0.7394428200536315,11
3160,50,43,106,22,0.7389423076340088,21
3161,50,18,89,8,0.7372362100871699,10
3162,5,40,63,22,0.7358500176759455,18
3163,40,77,86,36,0.7352757671814381,41
3164,9,22,112,10,0.732655126226577,12
3165,95,41,5,21,0.731606653431554,20
3166,91,18,84,9,0.731418526812021,9
3167,33,13,27,6,0.7289108112107202,7
3168,27,13,99,7,0.7284055341482095,6
3169,71,10,96,5,0.7278695572627789,5
3170,57,10,4,4,0.7276499847388471,6
3171,49,20,109,10,0.7270267076148578,10
3172,81,19,27,9,0.7248890061970984,10
3173,8,24,17,12,0.7243993806611897,12
3174,15,40,65,19,0.7235944137426227,21
3175,34,21,79,9,0.7201940806784457,12
3176,61,18,40,9,0.7154895706830828,9
3177,82,13,28,7,0.7153587234866209,6
3178,43,18,71,10,0.7122285277146704,8
3179,51,37,12,18,0.710191678656004,19
3180,97,13,3,6,0.7099885191404639,7
3181,57,37,39,19,0.7090537081923493,18
3182,106,18,27,7,0.7074485049679566,11
3183,68,71,86,36,0.7070864651977494,35
3184,94,23,29,11,0.7057962050625214,12
3185,55,64,51,31,0.7052787365416379,33
3186,41,20,54,10,0.7052079558025965,10
3187,103,25,87,11,0.7049312985026179,14
3188,50,60,86,31,0.7047454434688813,29
3189,38,11,91,5,0.7003822911270713,6
3190,61,11,39,6,0.6964131355147419,5
3191,90,15,74,6,0.6948431634826362,9
3192,3,30,43,14,0.6945065447681112,16
3193,11,17,93,10,0.6934063282822602,7
3194,100,19,85,9,0.6921450091110365,10
3195,69,27,11,14,0.691946008686075,13
3196,88,17,48,7,0.6890250559346737,10
3197,68,75,27,36,0.6873238062883644,39
3198,8,30,76,14,0.6822031764790529,16
3199,18,19,25,10,0.6816652439852776,9
3200,109,14,23,7,0.6795387556597896,7
3201,79,16,3,9,0.6788187325928889,7
3202,29,13,79,5,0.67578388648967,8
3203,50,10,38,4,0.6752935140978018,6
3204,9,13,66,7,0.6737376778478267,6
3205,23,23,12,11,0.6683929234960134,12
3206,87,44,74,21,0.6669497609047683,23
3207,39,65,65,34,0.6541315550544984,31
3208,63,32,78,15,0.651142744880651,17
3209,65,28,84,14,0.6478183306385065,14
3210,107,66,60,33,0.6466200063575372,33
3211,2,10,109,5,0.6444253237530958,5
3212,85,15,69,7,0.6408165415497267,8
3213,25,25,41,14,0.6394054706376684,11
3214,111,17,36,8,0.6365354853619557,9
3215,57,58,86,29,0.6339632718468785,29
3216,43,11,48,6,0.6335452834733647,5
3217,33,29,16,16,0.6325119131101442,13
3218,13,34,20,16,0.632497829596757,18
3219,54,36,30,18,0.6319788479058387,18
3220,4,28,64,13,0.6316212138641686,15
3221,87,30,47,15,0.6310013424305165,15
3222,18,27,12,14,0.6303488190416884,13
3223,60,23,1,11,0.6297573562891167,12
3224,38,20,29,10,0.6286324723530301,10
3225,109,30,84,14,0.6283430275726475,16
3226,65,40,37,21,0.6273579146862459,19
3227,54,42,74,21,0.6253470328077769,21
3228,36,33,71,17,0.6241330409639582,16
3229,63,23,47,10,0.6203908410122558,13
3230,40,12,38,5,0.6179079194784384,7
3231,31,22,58,11,0.6168553703735019,11
3232,28,55,11,26,0.6161995497274562,29
3233,87,37,64,19,0.6137520522219619,18
3234,87,68,39,33,0.6125718981179333,35
3235,51,42,69,20,0.6101979768400004,22
3236,91,16,70,7,0.6063303701253773,9
3237,111,31,16,16,0.604864398590204,15
3238,30,51,100,26,0.6041121088815699,25
3239,63,15,34,7,0.6010869874219945,8
3240,71,32,106,15,0.6009609652453856,17
3241,111,10,12,6,0.6003907747378726,4
3242,71,10,23,4,0.6000287508458257,6
3243,65,25,78,11,0.5972758077920006,14
3244,55,24,3,12,0.5910345457593067,12
3245,76,13,36,4,0.5885035889042722,9
3246,55,24,20,12,0.5874553964616283,12
3247,63,28,112,14,0.5834223269951169,14
3248,12,24,11,13,0.5832043944441018,11
3249,47,30,51,16,0.5820326521668411,14
3250,90,18,84,9,0.5795253040496203,9
3251,51,63,87,31,0.5777142660351676,32
3252,80,35,86,17,0.5771607275339617,18
3253,114,40,7,19,0.5741553045041318,21
3254,69,15,71,8,0.5724150990318919,7
3255,71,13,78,6,0.5661963238744551,7
3256,37,16,43,7,0.562355471826647,9
3257,60,27,109,13,0.5608097746742309,14
3258,83,10,2,5,0.5594397265150824,5
3259,46,20,41,9,0.5567343104251282,11
3260,95,53,86,24,0.5540869121526225,29
3261,5,49,54,23,0.5526115688513309,26
3262,68,74,65,37,0.5506001841763745,37
3263,92,17,7,7,0.5480230211986101,10
3264,23,32,51,16,0.5473097590485475,16
3265,98,27,16,13,0.5462850233229243,14
3266,64,29,54,15,0.5456745481805155,14
3267,50,36,8,19,0.5398388863137726,17
3268,106,10,1,5,0.539652861011431,5
3269,41,20,94,9,0.5383397062160087,11
3270,8,16,19,8,0.5381116060153397,8
3271,78,15,109,8,0.5357082430651559,7
3272,11,18,17,9,0.5333410210662327,9
3273,107,20,6,10,0.5288105428737948,10
3274,4,24,77,12,0.5234491201479377,12
3275,74,14,27,8,0.5219215520059665,6
3276,60,51,65,28,0.5216529175374914,23
3277,73,19,28,10,0.5214155246375574,9
3278,60,18,83,9,0.5212906629660227,9
3279,30,22,106,11,0.5189588569615401,11
3280,84,27,78,13,0.5159724183872996,14
3281,112,10,66,4,0.5146742754382652,6
3282,112,20,51,10,0.5141422831615118,10
3283,4,18,9,9,0.5118055197130339,9
3284,54,41,7,20,0.5072416292031896,21
3285,111,51,68,26,0.5032623987050037,25
3286,90,13,91,6,0.5003235284827323,7
3287,88,35,31,18,0.4999807976090588,17
3288,60,40,3,20,0.49825326565387923,20
3289,104,44,87,20,0.4950825501277782,24
3290,74,22,18,12,0.49290222508995235,10
3291,86,24,93,12,0.49230543753796824,12
3292,39,46,47,22,0.4923043379361577,24
3293,62,12,97,6,0.4900514031250112,6
3294,19,16,58,8,0.48957539293101116,8
3295,16,61,19,28,0.48748661839149904,33
3296,11,32,60,15,0.48490627839226574,17
3297,88,40,20,21,0.48272225314993983,19
3298,109,46,13,22,0.4820337228682999,24
3299,16,54,74,26,0.47910496078710846,28
3300,95,28,74,13,0.47842550860281996,15
3301,75,31,41,14,0.47837138213253816,17
3302,25,51,39,26,0.4759465051184244,25
3303,7,60,18,31,0.4748651156903209,29
3304,65,54,31,26,0.46913887469692744,28
3305,5,10,78,6,0.4667125228080337,4
3306,12,18,50,7,0.46586470667488833,11
3307,104,38,76,20,0.4636043507636342,18
3308,65,58,12,30,0.462819528280172,28
3309,65,11,21,6,0.46273082007848904,5
3310,107,36,46,19,0.4582463107562518,17
3311,87,56,55,28,0.45495536076698057,28
3312,97,39,107,20,0.4513498337115768,19
3313,80,11,9,7,0.4439834453330457,4
3314,90,15,11,7,0.4409004522210816,8
3315,40,43,31,22,0.429627197462679,21
3316,68,34,77,16,0.42903652361278105,18
3317,49,32,7,15,0.42188009094911627,17
3318,95,13,57,8,0.4211730515820318,5
3319,112,18,69,10,0.41980133837250894,8
3320,5,14,38,7,0.4168378546295618,7
3321,90,20,17,11,0.4164940632127063,9
3322,54,34,84,17,0.4144322968093763,17
3323,20,16,69,8,0.4110151707783569,8
3324,31,33,86,17,0.4107692180392416,16
3325,96,39,55,20,0.409999012059578,19
3326,50,18,79,9,0.4091046493522828,9
3327,16,45,114,21,0.4068130302568852,24
3328,107,86,28,41,0.40429393853815604,45
3329,78,23,43,11,0.40191351900876726,12
3330,35,16,30,8,0.4016415319429745,8
3331,27,49,30,24,0.398414340535887,25
3332,104,15,20,8,0.39743988488785953,7
3333,20,21,95,10,0.3956021347010585,11
3334,61,16,65,9,0.395050527419345,7
3335,102,14,84,7,0.3912018744364814,7
3336,8,13,44,6,0.3904420875790005,7
3337,7,89,65,47,0.39009225035654854,42
3338,95,17,76,8,0.3896119374242384,9
3339,69,30,36,15,0.38598798110099336,15
3340,79,12,78,6,0.38583207842591283,6
3341,114,28,71,14,0.3795577437704574,14
3342,70,22,97,12,0.3783758219642565,10
3343,14,18,84,8,0.37783903496494214,10
3344,63,27,60,13,0.3732661726653222,14
3345,103,14,54,8,0.3711572343700829,6
3346,40,21,75,10,0.36863713867004627,11
3347,95,26,28,12,0.36814720179538635,14
3348,92,18,13,7,0.36521745881563183,11
3349,43,11,90,5,0.3643101985935486,6
3350,17,19,87,10,0.3631074209821953,9
3351,68,49,63,24,0.3537099268739354,25
3352,34,13,75,6,0.35287672494658584,7
3353,49,10,5,5,0.3484948933204418,5
3354,19,45,15,22,0.3463649803634729,23
3355,53,41,51,21,0.3439811842946898,20
3356,11,63,107,30,0.3403807063834875,33
3357,17,12,69,6,0.33992057730208697,6
3358,65,30,50,15,0.33823021257245595,15
3359,109,13,4,6,0.3380907022892352,7
3360,39,40,50,20,0.3358837847035454,20
3361,83,20,106,11,0.33164456490941063,9
3362,9,51,86,24,0.3307900454112343,27
3363,87,26,2,13,0.3261916240593897,13
3364,55,23,57,10,0.32556856319928607,13
3365,80,17,71,9,0.3237123360021306,8
3366,86,34,2,18,0.32232529406269955,16
3367,27,27,62,14,0.32158321443948734,13
3368,83,25,28,14,0.3193130867023741,11
3369,114,22,69,10,0.31706249889901594,12
3370,107,39,90,20,0.3131139201836702,19
3371,60,48,53,25,0.3118269913878374,23
3372,86,77,39,40,0.3112503467120648,37
3373,64,12,28,6,0.30789275575683855,6
3374,23,19,111,11,0.30722018824927017,8
3375,11,81,16,36,0.30638343071259316,45
3376,1,35,107,18,0.30511491832295773,17
3377,51,17,38,8,0.3030848850194281,9
3378,98,16,19,7,0.29311592538168374,9
3379,27,17,25,9,0.2912949474117505,8
3380,87,18,33,9,0.2899071897038154,9
3381,39,66,11,32,0.28668698765055417,34
3382,68,63,60,33,0.28538797843058167,30
3383,87,43,109,20,0.28166195963425333,23
3384,67,12,25,6,0.2816428039469064,6
3385,96,12,67,7,0.27996501259109813,5
3386,7,20,70,8,0.27895885562124206,12
3387,53,18,5,8,0.2778213329671456,10
3388,13,87,49,39,0.27566807487151146,48
3389,7,77,39,40,0.2749189859757216,37
3390,87,18,52,10,0.2686604923430049,8
3391,36,11,38,4,0.26679215079866997,7
3392,22,16,109,8,0.2661748346511388,8
3393,43,22,114,12,0.26405625020379114,10
3394,37,22,76,12,0.2606095394442829,10
3395,71,36,88,16,0.25752053570309325,20
3396,4,32,68,16,0.25730955252799864,16
3397,17,11,108,5,0.2506467392789146,6
3398,39,51,63,29,0.2485762976887629,22
3399,27,47,11,23,0.2465683298983892,24
3400,40,25,47,14,0.24655985846699452,11
3401,39,10,93,5,0.24650819188032075,5
3402,72,38,16,18,0.2379075103349546,20
3403,13,56,53,26,0.23596481784004864,30
3404,13,109,65,53,0.23104065225164844,56
3405,65,10,101,5,0.22906131925901718,5
3406,88,15,79,8,0.22413158533616365,7
3407,87,50,96,24,0.22380305623995284,26
3408,106,69,28,34,0.21905675330440585,35
3409,7,99,107,54,0.21373648564267417,45
3410,53,21,44,9,0.2122113313421154,12
3411,6,11,100,6,0.2096540267915679,5
3412,28,11,66,5,0.2056598644516812,6
3413,33,13,74,6,0.20465467586240857,7
3414,8,46,20,23,0.2023315764151644,23
3415,63,48,40,23,0.20172959340563693,25
3416,84,26,34,13,0.1992904117267503,13
3417,76,11,47,3,0.1986777302440924,8
3418,77,23,29,11,0.19591281566909502,12
3419,107,61,74,29,0.19420996588142148,32
3420,112,18,72,9,0.1936517175084139,9
3421,19,21,112,11,0.1905110640381326,10
3422,35,12,70,7,0.18631436457958764,5
3423,44,15,65,6,0.18351226600640885,9
3424,50,25,114,12,0.18060110833646845,13
3425,57,21,68,10,0.18037142195148886,11
3426,70,23,41,13,0.17939581625615084,10
3427,71,33,8,17,0.17759312635004623,16
3428,11,47,106,26,0.17225906773687616,21
3429,51,50,9,24,0.1707745155048165,26
3430,106,28,100,13,0.1677556244233457,15
3431,13,80,86,38,0.16497427756503866,42
3432,17,29,68,15,0.1620662997587074,14
3433,7,51,4,26,0.16136746029798088,25
3434,18,24,104,14,0.15875087569414603,10
3435,62,12,106,6,0.1584669634691407,6
3436,7,16,83,7,0.15765677447455273,9
3437,70,56,8,28,0.15218257137377833,28
3438,68,41,104,21,0.14920589858094482,20
3439,51,17,85,8,0.1485089203425444,9
3440,37,41,114,19,0.14487606275647485,22
3441,100,51,39,26,0.14360825003579727,25
3442,107,81,54,39,0.1421621999748452,42
3443,87,62,30,31,0.14007627745624535,31
3444,86,95,65,50,0.13288358673407477,45
3445,73,10,25,5,0.1328731236438802,5
3446,33,16,114,9,0.13065946112886406,7
3447,69,25,7,13,0.12779683769016903,12
3448,28,22,98,9,0.12169006680659694,13
3449,88,65,46,31,0.12160552196415005,34
3450,80,23,84,12,0.11286096846693221,11
3451,68,10,79,4,0.11002938828097442,6
3452,17,34,39,16,0.10903300833788834,18
3453,103,22,29,12,0.10854405086209114,10
3454,54,15,12,8,0.1067737154280503,7
3455,64,24,100,11,0.10532763947275085,13
3456,2,18,84,9,0.10504403066305398,9
3457,100,19,17,8,0.10330347718863789,11
3458,13,24,45,12,0.09910833731150663,12
3459,86,30,53,13,0.09593092236920715,17
3460,74,39,25,20,0.09563368284676016,19
3461,12,13,58,6,0.09514631006964162,7
3462,87,14,92,7,0.09367358040314991,7
3463,114,29,36,13,0.09213128587786307,16
3464,114,48,104,25,0.08363522002228145,23
3465,84,37,88,17,0.08333477514829757,20
3466,62,10,95,5,0.08147821861479798,5
3467,97,36,74,17,0.07931920932357782,19
3468,106,21,40,10,0.06808253080226546,11
3469,51,39,30,20,0.06682446440230774,19
3470,86,80,54,41,0.0655329278743415,39
3471,107,71,114,36,0.06336114924955376,35
3472,57,15,104,6,0.06314561462834385,9
3473,103,17,41,9,0.062364299462224854,8
3474,13,29,34,15,0.05455287257368432,14
3475,8,70,106,37,0.05212763279076112,33
3476,73,16,106,8,0.04700386219362951,8
3477,83,17,51,10,0.04607341431682285,7
3478,31,11,97,5,0.04256244744109723,6
3479,84,19,17,10,0.032612383959908106,9
3480,13,57,9,27,0.01801614367993792,30
3481,3,31,69,17,0.015075164376610007,14
3482,60,15,80,7,0.014675025668747566,8
3483,80,18,8,10,0.012640631721579254,8
3484,109,17,83,7,0.00972932964701334,10
3485,106,47,76,26,-0.009505075346386196,21
3486,83,17,109,10,-0.009729329647013785,7
3487,8,18,80,8,-0.01264063172157965,10
3488,76,38,11,18,-0.013092764288834652,20
3489,80,15,60,8,-0.014675025668747439,7
3490,69,31,3,14,-0.015075164376610236,17
3491,9,57,13,30,-0.01801614367993859,27
3492,17,19,84,9,-0.03261238395990876,10
3493,97,11,31,6,-0.042562447441096586,5
3494,51,17,83,7,-0.04607341431682421,10
3495,106,16,73,8,-0.0470038621936304,8
3496,106,70,8,33,-0.05212763279076128,37
3497,34,29,13,14,-0.054552872573684956,15
3498,41,17,103,8,-0.06236429946222318,9
3499,104,15,57,9,-0.0631456146283441,6
3500,114,71,107,35,-0.06336114924955315,36
3501,54,80,86,39,-0.0655329278743427,41
3502,30,39,51,19,-0.06682446440230849,20
3503,40,21,106,11,-0.0680825308022658,10
3504,74,36,97,19,-0.07931920932357782,17
3505,95,10,62,5,-0.08147821861479762,5
3506,88,37,84,20,-0.0833347751482989,17
3507,104,48,114,23,-0.08363522002228167,25
3508,36,29,114,16,-0.09213128587786189,13
3509,92,14,87,7,-0.09367358040315074,7
3510,58,13,12,7,-0.09514631006964108,6
3511,25,39,74,19,-0.0956336828467596,20
3512,53,30,86,17,-0.09593092236920858,13
3513,45,24,13,12,-0.09910833731150781,12
3514,17,19,100,11,-0.10330347718863957,8
3515,84,18,2,9,-0.10504403066305477,9
3516,100,24,64,13,-0.10532763947275099,11
3517,12,15,54,7,-0.10677371542805124,8
3518,29,22,103,10,-0.10854405086209082,12
3519,39,34,17,18,-0.10903300833788772,16
3520,79,10,68,6,-0.11002938828097442,4
3521,84,23,80,11,-0.11286096846693237,12
3522,46,65,88,34,-0.12160552196414909,31
3523,98,22,28,13,-0.1216900668065983,9
3524,7,25,69,12,-0.1277968376901685,13
3525,114,16,33,7,-0.13065946112886495,9
3526,25,10,73,5,-0.1328731236438802,5
3527,65,95,86,45,-0.13288358673407644,50
3528,30,62,87,31,-0.14007627745624524,31
3529,54,81,107,42,-0.1421621999748453,39
3530,39,51,100,25,-0.14360825003579586,26
3531,114,41,37,22,-0.14487606275647485,19
3532,85,17,51,9,-0.14850892034254606,8
3533,104,41,68,20,-0.14920589858094466,21
3534,8,56,70,28,-0.15218257137377827,28
3535,83,16,7,9,-0.1576567744745514,7
3536,106,12,62,6,-0.15846696346914188,6
3537,104,24,18,10,-0.15875087569414587,14
3538,4,51,7,25,-0.16136746029798163,26
3539,68,29,17,14,-0.1620662997587079,15
3540,86,80,13,42,-0.16497427756503852,38
3541,100,28,106,15,-0.16775562442334394,13
3542,9,50,51,26,-0.1707745155048177,24
3543,106,47,11,21,-0.17225906773687602,26
3544,8,33,71,16,-0.17759312635004632,17
3545,41,23,70,10,-0.17939581625614923,13
3546,68,21,57,11,-0.18037142195148922,10
3547,114,25,50,13,-0.18060110833646717,12
3548,65,15,44,9,-0.1835122660064091,6
3549,70,12,35,5,-0.18631436457958692,7
3550,112,21,19,10,-0.19051106403813386,11
3551,72,18,112,9,-0.1936517175084139,9
3552,29,23,77,12,-0.1959128156690944,11
3553,47,11,76,8,-0.19867773024409274,3
3554,34,26,84,13,-0.19929041172675027,13
3555,40,48,63,25,-0.20172959340563568,23
3556,20,46,8,23,-0.20233157641516486,23
3557,74,13,33,7,-0.20465467586240804,6
3558,66,11,28,6,-0.20565986445168055,5
3559,100,11,6,5,-0.20965402679156797,6
3560,44,21,53,12,-0.2122113313421161,9
3561,107,99,7,45,-0.2137364856426742,54
3562,28,69,106,35,-0.21905675330440377,34
3563,96,50,87,26,-0.22380305623995211,24
3564,79,15,88,7,-0.2241315853361646,8
3565,101,10,65,5,-0.2290613192590168,5
3566,65,109,13,56,-0.23104065225164797,53
3567,53,56,13,30,-0.23596481784004786,26
3568,16,38,72,20,-0.2379075103349561,18
3569,93,10,39,5,-0.24650819188031967,5
3570,47,25,40,11,-0.24655985846699366,14
3571,11,47,27,24,-0.2465683298983892,23
3572,63,51,39,22,-0.24857629768876138,29
3573,108,11,17,6,-0.25064673927891384,5
3574,68,32,4,16,-0.2573095525279973,16
3575,88,36,71,20,-0.2575205357030929,16
3576,76,22,37,10,-0.26060953944428406,12
3577,114,22,43,10,-0.26405625020379236,12
3578,109,16,22,8,-0.2661748346511388,8
3579,38,11,36,7,-0.26679215079866964,4
3580,52,18,87,8,-0.26866049234300404,10
3581,39,77,7,37,-0.27491898597572295,40
3582,49,87,13,48,-0.27566807487151174,39
3583,5,18,53,10,-0.277821332967146,8
3584,70,20,7,12,-0.27895885562124184,8
3585,67,12,96,5,-0.279965012591097,7
3586,25,12,67,6,-0.2816428039469064,6
3587,109,43,87,23,-0.2816619596342532,20
3588,60,63,68,30,-0.28538797843058206,33
3589,11,66,39,34,-0.28668698765055506,32
3590,33,18,87,9,-0.2899071897038148,9
3591,25,17,27,8,-0.29129494741175216,9
3592,19,16,98,9,-0.2931159253816844,7
3593,38,17,51,9,-0.3030848850194272,8
3594,107,35,1,17,-0.30511491832295834,18
3595,111,19,23,8,-0.30722018824927033,11
3596,28,12,64,6,-0.30789275575683855,6
3597,39,77,86,37,-0.31125034671206514,40
3598,53,48,60,23,-0.3118269913878375,25
3599,69,22,114,12,-0.31706249889901467,10
3600,28,25,83,11,-0.3193130867023753,14
3601,62,27,27,13,-0.321583214439488,14
3602,2,34,86,16,-0.32232529406269944,18
3603,71,17,80,8,-0.3237123360021318,9
3604,57,23,55,13,-0.3255685631992851,10
3605,2,26,87,13,-0.32619162405938956,13
3606,86,51,9,27,-0.33079004541123397,24
3607,106,20,83,9,-0.3316445649094112,11
3608,50,40,39,20,-0.33588378470354724,20
3609,4,13,109,7,-0.3380907022892352,6
3610,50,30,65,15,-0.3382302125724573,15
3611,69,12,17,6,-0.33992057730208786,6
3612,51,41,53,20,-0.3439811842946886,21
3613,15,45,19,23,-0.34636498036347363,22
3614,5,10,49,5,-0.3484948933204407,5
3615,75,13,34,7,-0.35287672494658556,6
3616,63,49,68,25,-0.3537099268739361,24
3617,87,19,17,9,-0.3631074209821953,10
3618,90,11,43,6,-0.3643101985935495,5
3619,13,18,92,11,-0.3652174588156323,7
3620,28,26,95,14,-0.36814720179538646,12
3621,75,21,40,11,-0.3686371386700461,10
3622,54,14,103,6,-0.37115723437008213,8
3623,60,27,63,14,-0.37326617266532136,13
3624,84,18,14,10,-0.37783903496494253,8
3625,16,29,102,15,-0.3779583414469201,14
3626,97,22,70,10,-0.3783758219642562,12
3627,71,28,114,14,-0.3795577437704577,14
3628,78,12,79,6,-0.3858320784259109,6
3629,36,30,69,15,-0.3859879811009911,15
3630,76,17,95,9,-0.3896119374242386,8
3631,65,89,7,42,-0.3900922503565505,47
3632,44,13,8,7,-0.3904420875789997,6
3633,84,14,102,7,-0.39120187443648013,7
3634,65,16,61,7,-0.3950505274193441,9
3635,95,21,20,11,-0.39560213470105815,10
3636,20,15,104,7,-0.39743988488786003,8
3637,30,49,27,25,-0.39841434053588587,24
3638,30,16,35,8,-0.4016415319429745,8
3639,43,23,78,12,-0.401913519008767,11
3640,28,86,107,45,-0.4042939385381554,41
3641,114,45,16,24,-0.4068130302568858,21
3642,79,18,50,9,-0.4091046493522828,9
3643,55,39,96,19,-0.40999901205957984,20
3644,86,33,31,16,-0.4107692180392426,17
3645,69,16,20,8,-0.41101517077835736,8
3646,84,34,54,17,-0.41443229680937554,17
3647,17,20,90,9,-0.41649406321270704,11
3648,38,14,5,7,-0.4168378546295618,7
3649,69,18,112,8,-0.41980133837250894,10
3650,57,13,95,5,-0.42117305158203283,8
3651,7,32,49,17,-0.4218800909491176,15
3652,77,34,68,18,-0.4290365236127812,16
3653,31,43,40,21,-0.4296271974626791,22
3654,11,15,90,8,-0.4409004522210813,7
3655,9,11,80,4,-0.4439834453330448,7
3656,107,39,97,19,-0.4513498337115769,20
3657,55,56,87,28,-0.4549553607669829,28
3658,46,36,107,17,-0.45824631075625116,19
3659,21,11,65,5,-0.46273082007848837,6
3660,12,58,65,28,-0.462819528280173,30
3661,76,38,104,18,-0.4636043507636345,20
3662,50,18,12,11,-0.46586470667488833,7
3663,78,10,5,4,-0.4667125228080341,6
3664,31,54,65,28,-0.4691388746969265,26
3665,18,60,7,29,-0.47486511569032075,31
3666,39,51,25,25,-0.4759465051184236,26
3667,20,23,30,12,-0.4766139020425556,11
3668,41,31,75,17,-0.47837138213253816,14
3669,74,28,95,15,-0.4784255086028221,13
3670,74,54,16,28,-0.4791049607871095,26
3671,13,46,109,24,-0.48203372286829943,22
3672,60,32,11,17,-0.4849062783922676,15
3673,19,61,16,33,-0.48748661839149815,28
3674,58,16,19,8,-0.4895753929310118,8
3675,97,12,62,6,-0.4900514031250112,6
3676,47,46,39,24,-0.4923043379361568,22
3677,93,24,86,12,-0.4923054375379694,12
3678,18,22,74,10,-0.4929022250899522,12
3679,87,44,104,24,-0.4950825501277772,20
3680,3,40,60,20,-0.4982532656538787,20
3681,31,35,88,17,-0.499980797609059,18
3682,91,13,90,7,-0.5003235284827329,6
3683,68,51,111,25,-0.5032623987050046,26
3684,7,41,54,21,-0.507241629203189,20
3685,9,18,4,9,-0.5118055197130339,9
3686,51,20,112,10,-0.5141422831615127,10
3687,66,10,112,6,-0.5146742754382657,4
3688,78,27,84,14,-0.515972418387299,13
3689,106,22,30,11,-0.5189588569615399,11
3690,83,18,60,9,-0.5212906629660219,9
3691,28,19,73,9,-0.5214155246375576,10
3692,65,51,60,23,-0.5216529175374918,28
3693,27,14,74,6,-0.5219215520059651,8
3694,77,24,4,12,-0.5234491201479351,12
3695,6,20,107,10,-0.528810542873795,10
3696,17,18,11,9,-0.5333410210662319,9
3697,109,15,78,7,-0.5357082430651562,8
3698,19,16,8,8,-0.5381116060153395,8
3699,94,20,41,11,-0.5383397062160086,9
3700,1,10,106,5,-0.5396528610114302,5
3701,8,36,50,17,-0.5398388863137724,19
3702,54,29,64,14,-0.5456745481805153,15
3703,16,27,98,14,-0.5462850233229247,13
3704,51,32,23,16,-0.5473097590485466,16
3705,7,17,92,10,-0.5480230211986107,7
3706,65,74,68,37,-0.5506001841763739,37
3707,54,49,5,26,-0.5526115688513301,23
3708,86,53,95,29,-0.5540869121526232,24
3709,41,20,46,11,-0.5567343104251291,9
3710,2,10,83,5,-0.559439726515081,5
3711,109,27,60,14,-0.560809774674232,13
3712,43,16,37,9,-0.5623554718266468,7
3713,78,13,71,7,-0.5661963238744554,6
3714,71,15,69,7,-0.5724150990318926,8
3715,7,40,114,21,-0.5741553045041317,19
3716,86,35,80,18,-0.5771607275339606,17
3717,87,63,51,32,-0.5777142660351678,31
3718,84,18,90,9,-0.5795253040496205,9
3719,51,30,47,14,-0.5820326521668411,16
3720,11,24,12,11,-0.583204394444102,13
3721,112,28,63,14,-0.5834223269951164,14
3722,20,24,55,12,-0.5874553964616281,12
3723,36,13,76,9,-0.5885035889042698,4
3724,3,24,55,12,-0.5910345457593053,12
3725,78,25,65,14,-0.5972758077920014,11
3726,23,10,71,6,-0.6000287508458257,4
3727,12,10,111,4,-0.6003907747378741,6
3728,106,32,71,17,-0.6009609652453869,15
3729,34,15,63,8,-0.6010869874219955,7
3730,100,51,30,25,-0.6041121088815694,26
3731,16,31,111,15,-0.6048643985902039,16
3732,70,16,91,9,-0.6063303701253777,7
3733,69,42,51,22,-0.6101979768400001,20
3734,39,68,87,35,-0.6125718981179344,33
3735,64,37,87,18,-0.6137520522219609,19
3736,11,55,28,29,-0.616199549727456,26
3737,58,22,31,11,-0.6168553703735028,11
3738,38,12,40,7,-0.6179079194784384,5
3739,47,23,63,13,-0.620390841012256,10
3740,71,33,36,16,-0.6241330409639598,17
3741,74,42,54,21,-0.6253470328077771,21
3742,37,40,65,19,-0.6273579146862459,21
3743,84,30,109,16,-0.6283430275726458,14
3744,29,20,38,10,-0.6286324723530289,10
3745,1,23,60,12,-0.6297573562891176,11
3746,12,27,18,13,-0.6303488190416867,14
3747,47,30,87,15,-0.6310013424305154,15
3748,64,28,4,15,-0.6316212138641698,13
3749,30,36,54,18,-0.6319788479058399,18
3750,20,34,13,18,-0.6324978295967559,16
3751,16,29,33,13,-0.6325119131101445,16
3752,20,16,93,9,-0.6327174645108351,7
3753,48,11,43,5,-0.6335452834733647,6
3754,86,58,57,29,-0.6339632718468784,29
3755,36,17,111,9,-0.6365354853619557,8
3756,41,25,25,11,-0.6394054706376676,14
3757,69,15,85,8,-0.6408165415497269,7
3758,109,10,2,5,-0.6444253237530958,5
3759,60,66,107,33,-0.6466200063575402,33
3760,84,28,65,14,-0.6478183306385067,14
3761,78,32,63,17,-0.6511427448806526,15
3762,65,65,39,31,-0.6541315550544982,34
3763,74,44,87,23,-0.6669497609047679,21
3764,12,23,23,12,-0.6683929234960122,11
3765,66,13,9,6,-0.673737677847826,7
3766,38,10,50,6,-0.675293514097801,4
3767,79,13,29,8,-0.6757838864896706,5
3768,3,16,79,7,-0.678818732592888,9
3769,23,14,109,7,-0.6795387556597896,7
3770,25,19,18,9,-0.6816652439852758,10
3771,76,30,8,16,-0.6822031764790518,14
3772,27,75,68,39,-0.6873238062883661,36
3773,48,17,88,10,-0.689025055934672,7
3774,11,27,69,13,-0.6919460086860751,14
3775,85,19,100,10,-0.6921450091110364,9
3776,93,17,11,7,-0.6934063282822591,10
3777,43,30,3,16,-0.6945065447681108,14
3778,74,15,90,9,-0.6948431634826367,6
3779,39,11,61,5,-0.6964131355147433,6
3780,91,11,38,6,-0.7003822911270713,5
3781,86,60,50,29,-0.7047454434688808,31
3782,87,25,103,14,-0.7049312985026178,11
3783,54,20,41,10,-0.7052079558025968,10
3784,51,64,55,33,-0.7052787365416385,31
3785,29,23,94,12,-0.7057962050625216,11
3786,86,71,68,35,-0.7070864651977493,36
3787,27,18,106,11,-0.7074485049679552,7
3788,39,37,57,18,-0.709053708192349,19
3789,3,13,97,7,-0.7099885191404633,6
3790,12,37,51,19,-0.710191678656004,18
3791,71,18,43,8,-0.71222852771467,10
3792,28,13,82,6,-0.7153587234866207,7
3793,40,18,61,9,-0.7154895706830816,9
3794,79,21,34,12,-0.7201940806784467,9
3795,65,40,15,21,-0.7235944137426212,19
3796,17,24,8,12,-0.7243993806611906,12
3797,27,19,81,10,-0.7248890061970974,9
3798,109,20,49,10,-0.7270267076148585,10
3799,4,10,57,6,-0.7276499847388465,4
3800,96,10,71,5,-0.7278695572627789,5
3801,99,13,27,6,-0.7284055341482082,7
3802,27,13,33,7,-0.7289108112107213,6
3803,84,18,91,9,-0.7314185268120208,9
3804,5,41,95,20,-0.7316066534315533,21
3805,112,22,9,12,-0.7326551262265775,10
3806,86,77,40,41,-0.7352757671814375,36
3807,63,40,5,18,-0.7358500176759462,22
3808,89,18,50,10,-0.7372362100871707,8
3809,106,43,50,21,-0.738942307634008,22
3810,15,24,25,11,-0.7394428200536295,13
3811,108,12,7,7,-0.7404080910313952,5
3812,86,24,94,12,-0.7404864736135107,12
3813,84,27,37,14,-0.7406944026942689,13
3814,64,22,38,11,-0.741675899909911,11
3815,39,51,15,28,-0.7431576274831287,23
3816,74,13,36,8,-0.743717573303844,5
3817,78,32,11,15,-0.7439751541430462,17
3818,84,24,46,13,-0.7446057703540011,11
3819,13,15,14,9,-0.751185424264851,6
3820,20,83,86,43,-0.7625493429797979,40
3821,109,58,28,31,-0.7644849013466701,27
3822,3,17,102,9,-0.765118029688356,8
3823,50,15,58,7,-0.7660630045931228,8
3824,15,25,104,13,-0.7673608753763793,12
3825,93,20,97,10,-0.7717644600090567,10
3826,40,40,16,21,-0.774301700167752,19
3827,30,39,8,19,-0.7751271429311181,20
3828,69,32,88,17,-0.7753807063240767,15
3829,99,22,87,12,-0.7762165713325071,10
3830,107,76,84,39,-0.778427946812781,37
3831,28,51,13,26,-0.7790491963091725,25
3832,109,20,48,11,-0.7860713609857799,9
3833,104,18,4,8,-0.7872554057904768,10
3834,38,15,80,7,-0.7882565864146641,8
3835,18,29,77,16,-0.788355104031484,13
3836,33,14,75,8,-0.7900898585820659,6
3837,89,16,28,9,-0.7901986413516622,7
3838,33,20,86,11,-0.7909428017327464,9
3839,88,22,2,11,-0.7956469041111237,11
3840,62,11,98,6,-0.7995773049352679,5
3841,78,18,41,10,-0.8039593627471286,8
3842,40,26,30,13,-0.8045580871786177,13
3843,39,20,34,10,-0.8055872824637051,10
3844,40,14,56,7,-0.8062835825274064,7
3845,50,31,84,15,-0.8064114901977935,16
3846,79,16,7,8,-0.8085663274395147,8
3847,41,80,7,40,-0.8113607765595651,40
3848,20,18,57,9,-0.8178941572060112,9
3849,88,73,87,35,-0.819083108431481,38
3850,20,27,74,13,-0.8203305748765273,14
3851,45,19,114,10,-0.8205689132017484,9
3852,95,15,84,8,-0.8218033746912378,7
3853,37,48,28,24,-0.8263140292594411,24
3854,106,12,29,6,-0.8264692442725535,6
3855,86,75,109,38,-0.8275658662361587,37
3856,46,16,2,8,-0.8285194662826783,8
3857,15,21,63,11,-0.8375274324275149,10
3858,77,24,19,12,-0.8379851134542039,12
3859,98,14,60,7,-0.8439389777307166,7
3860,95,15,33,8,-0.8491128905949189,7
3861,11,38,65,19,-0.8512591605271699,19
3862,38,12,41,7,-0.851438988412223,5
3863,64,14,77,6,-0.8550421959375909,8
3864,114,10,10,6,-0.8617397018011254,4
3865,51,85,68,46,-0.8636071760652752,39
3866,43,25,41,13,-0.8640274273037507,12
3867,37,67,8,34,-0.8700084298071528,33
3868,84,17,60,7,-0.8716143564890693,10
3869,1,15,27,9,-0.8721383199452194,6
3870,15,47,13,23,-0.8757286594591233,24
3871,13,40,17,20,-0.8771877390861273,20
3872,88,21,83,10,-0.8798897555023183,11
3873,3,13,93,8,-0.8808947328421428,5
3874,69,19,9,10,-0.8879210172039286,9
3875,51,63,27,33,-0.8881383616064759,30
3876,70,24,39,13,-0.8958543413772146,11
3877,74,17,68,10,-0.9001065237726515,7
3878,55,17,78,8,-0.9002458878614066,9
3879,89,16,60,9,-0.9013103789489265,7
3880,50,14,62,8,-0.9017457082495504,6
3881,111,12,60,5,-0.9019980300500793,7
3882,50,14,6,7,-0.9048960894988044,7
3883,75,35,36,16,-0.9076169876586756,19
3884,1,14,39,9,-0.9120351629887077,5
3885,87,60,5,31,-0.9171807612986059,29
3886,114,27,75,14,-0.9181862737012573,13
3887,113,14,86,8,-0.9183338417210523,6
3888,3,29,9,15,-0.9194490367743472,14
3889,43,16,29,8,-0.9196986818795136,8
3890,40,29,18,17,-0.9358054757186769,12
3891,53,23,63,12,-0.9461903574638926,11
3892,107,93,8,45,-0.9469804998735963,48
3893,7,78,60,40,-0.951599528001069,38
3894,5,14,14,8,-0.9561035605846475,6
3895,103,11,106,5,-0.9583580547252434,6
3896,106,38,104,19,-0.9604760273979325,19
3897,57,15,64,8,-0.9686108755747862,7
3898,87,52,63,28,-0.969466480560497,24
3899,16,37,103,18,-0.9715722241173584,19
3900,9,12,78,6,-0.9745877106891214,6
3901,62,10,70,5,-0.9747108971050856,5
3902,5,65,107,33,-0.9748363761521153,32
3903,102,15,68,8,-0.9774478191416376,7
3904,107,32,69,17,-0.9867318989974738,15
3905,27,13,20,7,-0.9871413726704222,6
3906,88,33,43,18,-0.9947945347929833,15
3907,38,29,68,16,-0.9956485324900267,13
3908,86,15,66,8,-0.9972564817088987,7
3909,17,37,37,21,-0.9978108601802036,16
3910,41,34,57,17,-1.00006887405222,17
3911,93,11,114,5,-1.0049906589581687,6
3912,75,43,13,23,-1.0053644322647692,20
3913,88,12,45,7,-1.005819520359159,5
3914,57,61,16,33,-1.0059709651707398,28
3915,57,16,60,8,-1.0104370368222435,8
3916,86,32,85,17,-1.0113399236982104,15
3917,28,52,87,26,-1.0126365910584707,26
3918,18,41,107,19,-1.0183255345448867,22
3919,44,20,63,11,-1.0233184771026504,9
3920,37,53,51,30,-1.024933980807299,23
3921,97,33,2,17,-1.0254110764857562,16
3922,64,16,46,8,-1.031017738027724,8
3923,41,53,16,29,-1.0322107372740263,24
3924,3,14,45,7,-1.0349134798027073,7
3925,33,16,104,9,-1.037548645615811,7
3926,51,35,18,17,-1.0414861976482428,18
3927,13,60,4,32,-1.0440840904331994,28
3928,45,18,71,8,-1.050024616634439,10
3929,18,24,30,12,-1.0579199601112548,12
3930,44,14,100,7,-1.059041314786415,7
3931,3,32,88,17,-1.0621797128272317,15
3932,71,14,58,7,-1.067952436399428,7
3933,13,124,16,67,-1.0688774267420171,57
3934,37,20,67,11,-1.0707700527635244,9
3935,97,16,9,7,-1.0715415510849833,9
3936,97,19,64,10,-1.0748997556854094,9
3937,81,31,60,16,-1.076505088534958,15
3938,65,54,75,27,-1.0834874610355845,27
3939,17,15,15,7,-1.0855800690980348,8
3940,74,13,40,7,-1.0901529369074696,6
3941,106,39,70,19,-1.1024614638047292,20
3942,2,18,96,9,-1.1039761816908782,9
3943,45,19,40,10,-1.1043531225931214,9
3944,47,12,91,6,-1.104710696366028,6
3945,55,13,73,7,-1.1082443575059588,6
3946,13,45,50,23,-1.108472831409671,22
3947,6,16,51,9,-1.1096986250731458,7
3948,57,46,78,24,-1.1112398390600873,22
3949,109,16,40,9,-1.112646763896172,7
3950,61,14,100,7,-1.1138239851804959,7
3951,7,19,29,12,-1.1170674633929274,7
3952,18,13,27,6,-1.1211992327384528,7
3953,19,28,69,15,-1.1227446471060287,13
3954,16,81,11,46,-1.12337677136948,35
3955,31,26,3,12,-1.1304098830558946,14
3956,106,26,36,13,-1.1307287364062808,13
3957,87,34,15,17,-1.1352587821856683,17
3958,45,20,64,11,-1.143150033869323,9
3959,33,10,17,5,-1.1464162819529045,5
3960,8,13,111,6,-1.1570953689507364,7
3961,23,16,104,7,-1.1585628201755829,9
3962,63,108,65,56,-1.1623875158855317,52
3963,11,23,29,12,-1.1629803258834086,11
3964,55,52,39,28,-1.1740266098053438,24
3965,77,12,33,6,-1.1756675735500604,6
3966,72,18,107,9,-1.1760314323500414,9
3967,48,26,8,14,-1.1767574962584832,12
3968,104,16,89,8,-1.17687980833003,8
3969,96,31,76,17,-1.1853039288193825,14
3970,110,16,87,9,-1.1878037867151192,7
3971,37,36,88,19,-1.188834543043674,17
3972,41,12,48,6,-1.1910839111619829,6
3973,16,67,25,35,-1.193286529710067,32
3974,85,31,107,16,-1.1983111993424356,15
3975,46,15,3,7,-1.206477070713858,8
3976,97,33,25,17,-1.2112097532933461,16
3977,63,16,58,7,-1.211674081917942,9
3978,74,11,98,6,-1.2137114800422124,5
3979,87,33,62,17,-1.2162152618282451,16
3980,51,38,20,18,-1.2194063897993574,20
3981,41,17,55,9,-1.2209745250839963,8
3982,107,22,79,12,-1.2215901530488,10
3983,9,26,71,14,-1.2262156519313807,12
3984,108,18,64,9,-1.231630129497279,9
3985,107,88,51,50,-1.2335246266798194,38
3986,95,16,63,8,-1.233969730193377,8
3987,93,21,107,10,-1.2375139728583175,11
3988,31,25,71,13,-1.2380158081615502,12
3989,4,30,107,15,-1.2387516471106224,15
3990,55,16,108,9,-1.242512686909534,7
3991,29,38,16,19,-1.2448349982001037,19
3992,62,11,17,6,-1.2486647888480198,5
3993,18,21,3,12,-1.2496711785705863,9
3994,13,74,41,38,-1.251763682954914,36
3995,112,39,86,21,-1.25947121934584,18
3996,16,48,78,25,-1.260710368070168,23
3997,16,15,73,7,-1.2607482082851342,8
3998,14,15,107,7,-1.262180496300674,8
3999,1,11,71,5,-1.2732152302328004,6
4000,80,12,17,7,-1.2769817296361932,5
4001,107,59,96,32,-1.2779661064945946,27
4002,65,105,54,54,-1.2780833574082702,51
4003,88,17,89,8,-1.2888997749635154,9
4004,99,19,51,9,-1.2892082407104553,10
4005,74,22,2,12,-1.2925512141562505,10
4006,98,18,50,10,-1.2936360808559442,8
4007,43,37,51,18,-1.2941846087355031,19
4008,8,22,7,12,-1.2952715014492404,10
4009,13,44,5,23,-1.3023509853743016,21
4010,11,50,63,29,-1.3058923787126548,21
4011,64,11,84,7,-1.3059634387921004,4
4012,114,28,41,14,-1.307338108043571,14
4013,58,28,9,15,-1.3102681358219028,13
4014,9,52,68,27,-1.3104638696206783,25
4015,65,32,112,16,-1.312297716343952,16
4016,40,11,94,6,-1.3131730085845184,5
4017,23,21,54,11,-1.3133138976413505,10
4018,51,12,32,6,-1.314434714983353,6
4019,80,18,74,9,-1.3199661328668575,9
4020,41,33,18,16,-1.325098972830657,17
4021,72,13,66,7,-1.3337285865019077,6
4022,81,13,108,7,-1.3379621241230497,6
4023,23,10,6,5,-1.3385415186806267,5
4024,63,72,107,34,-1.3468604650887521,38
4025,40,17,108,8,-1.3479697301696822,9
4026,88,37,97,19,-1.3490743629309028,18
4027,81,14,30,7,-1.3508923221630345,7
4028,87,17,111,9,-1.3561671479223416,8
4029,74,12,112,6,-1.3616749140437368,6
4030,30,26,25,12,-1.3633847180345777,14
4031,76,47,106,22,-1.3637390504385927,25
4032,49,34,76,18,-1.3676760689556282,16
4033,48,10,75,5,-1.3711471542080287,5
4034,35,13,13,7,-1.3712745168342089,6
4035,55,66,86,35,-1.3714897734674971,31
4036,108,32,16,18,-1.3715645392196794,14
4037,41,51,39,25,-1.372500567882371,26
4038,62,15,55,8,-1.3800432063216195,7
4039,41,30,106,15,-1.3806292559177735,15
4040,7,31,95,17,-1.3809406634768695,14
4041,107,63,11,34,-1.381388350123713,29
4042,3,61,87,32,-1.3817700433345628,29
4043,29,11,36,5,-1.3837445576600587,6
4044,9,13,91,7,-1.3946381880594534,6
4045,44,12,75,7,-1.3998373775330364,5
4046,95,17,70,8,-1.4011695857654913,9
4047,107,44,78,24,-1.4031357697454565,20
4048,9,25,46,12,-1.4052752923291365,13
4049,39,52,8,26,-1.4053790168528855,26
4050,71,20,12,10,-1.4059148964814152,10
4051,62,29,100,14,-1.4095954922785314,15
4052,53,11,1,6,-1.4196819324858239,5
4053,55,23,71,11,-1.421958484011042,12
4054,45,35,36,16,-1.4232731245081227,19
4055,103,12,77,6,-1.4351835204848122,6
4056,25,28,50,14,-1.4391705454909016,14
4057,97,21,20,10,-1.4395279608818727,11
4058,69,33,65,17,-1.4425642416495137,16
4059,48,21,39,12,-1.4474709554841445,9
4060,63,55,106,28,-1.4485566818099482,27
4061,65,28,62,14,-1.4496341901836995,14
4062,13,73,39,39,-1.450285772990475,34
4063,27,41,12,23,-1.4555506897092887,18
4064,78,24,29,13,-1.4596579734080963,11
4065,83,23,25,13,-1.459720188055496,10
4066,47,21,31,11,-1.4606130980712662,10
4067,51,64,40,33,-1.4624658901194143,31
4068,3,24,71,13,-1.4668209780059573,11
4069,69,13,6,6,-1.4672562795661197,7
4070,7,24,35,12,-1.4676220715119415,12
4071,32,17,11,8,-1.4729852723414758,9
4072,43,20,106,10,-1.474165054679951,10
4073,63,15,73,7,-1.4760785674332912,8
4074,79,17,103,9,-1.4762996181953623,8
4075,69,20,109,10,-1.4769023355605448,10
4076,84,10,68,6,-1.4788993773509191,4
4077,71,74,60,39,-1.4843115108657061,35
4078,62,17,76,9,-1.4886483429037691,8
4079,88,22,77,11,-1.4907823177695663,11
4080,16,51,15,25,-1.4927859366591065,26
4081,11,16,112,8,-1.4950492246382485,8
4082,25,47,107,24,-1.4967278623744356,23
4083,5,52,46,28,-1.4974094901037482,24
4084,102,15,19,9,-1.4975662366291902,6
4085,63,34,9,18,-1.4983458266579128,16
4086,50,31,17,15,-1.49970720548843,16
4087,89,10,54,6,-1.5037658090302106,4
4088,50,25,27,15,-1.5040884605682712,10
4089,27,29,64,15,-1.5066564848276949,14
4090,55,12,46,7,-1.514859018089955,5
4091,61,22,3,14,-1.52003799809277,8
4092,37,14,35,7,-1.523131742310598,7
4093,76,17,3,9,-1.5249357900982534,8
4094,27,66,13,34,-1.5277775268373521,32
4095,84,20,114,11,-1.52828266290098,9
4096,81,15,64,8,-1.5315551836921653,7
4097,53,13,29,8,-1.5317670028644754,5
4098,11,21,94,10,-1.5369194320927224,11
4099,86,10,22,5,-1.5381482899799153,5
4100,50,19,43,11,-1.543424112881611,8
4101,74,61,107,33,-1.5445233108407423,28
4102,11,59,87,33,-1.5460531773065476,26
4103,27,30,63,17,-1.5482939869847547,13
4104,102,25,57,13,-1.548376076980684,12
4105,11,20,80,10,-1.553265227546683,10
4106,55,44,75,25,-1.5547955200380577,19
4107,15,19,64,9,-1.5585187752284793,10
4108,106,26,109,13,-1.5621072878912867,13
4109,111,14,9,7,-1.5621342613374538,7
4110,86,49,15,26,-1.5627809554713057,23
4111,54,68,50,35,-1.5636701794042414,33
4112,88,79,8,41,-1.565686635365358,38
4113,86,100,106,52,-1.5692663469089445,48
4114,78,27,30,14,-1.569607458561736,13
4115,41,43,63,23,-1.570459310802143,20
4116,88,34,96,17,-1.575548976259807,17
4117,90,22,55,10,-1.578656952498874,12
4118,100,12,58,6,-1.5819008855655043,6
4119,61,20,88,12,-1.5819478875432604,8
4120,25,15,2,7,-1.5845186001024019,8
4121,62,23,49,13,-1.5851399264471626,10
4122,75,11,14,6,-1.594721022285632,5
4123,60,33,18,17,-1.5967719343018119,16
4124,49,57,88,30,-1.6047588256045957,27
4125,79,20,28,10,-1.6049020016645688,10
4126,54,56,46,29,-1.6114239899738896,27
4127,69,29,30,15,-1.6139022710932374,14
4128,13,32,38,15,-1.6143148990855232,17
4129,18,19,81,10,-1.6163568658399634,9
4130,87,17,44,9,-1.6239279411647838,8
4131,72,31,13,15,-1.6241775993144314,16
4132,86,28,35,16,-1.6302927109086072,12
4133,8,20,12,11,-1.6327256818745013,9
4134,68,18,6,8,-1.6346986227731553,10
4135,49,10,102,6,-1.6394569107680623,4
4136,88,59,41,32,-1.639787437624219,27
4137,68,41,30,21,-1.639799876413629,20
4138,38,34,86,18,-1.6422594839902307,16
4139,68,23,36,12,-1.6511686348202665,11
4140,76,33,50,15,-1.6543169040864105,18
4141,74,47,37,24,-1.6628163329711265,23
4142,48,19,106,10,-1.6634533717988316,9
4143,9,16,81,8,-1.6671416814909092,8
4144,33,19,54,11,-1.6683853925492647,8
4145,60,48,87,24,-1.6692465502528933,24
4146,112,17,17,9,-1.6709980493790124,8
4147,31,28,45,15,-1.6710870406691087,13
4148,3,46,68,23,-1.6711554440218517,23
4149,7,45,63,27,-1.6735738766299244,18
4150,50,14,23,9,-1.6739476096476136,5
4151,64,18,17,10,-1.674226151428344,8
4152,106,40,55,22,-1.6835382667235002,18
4153,11,38,76,21,-1.6853933912873247,17
4154,28,59,88,32,-1.691739512223794,27
4155,5,64,28,33,-1.6933141899778517,31
4156,23,15,36,6,-1.6972875274185715,9
4157,102,16,20,8,-1.6989391239814924,8
4158,57,15,85,8,-1.7034495534090752,7
4159,37,10,48,5,-1.703593750319215,5
4160,70,42,107,21,-1.7077418931454795,21
4161,71,28,62,14,-1.7107847940783525,14
4162,107,31,98,16,-1.7124892646076513,15
4163,83,24,104,14,-1.7171480590838843,10
4164,45,15,63,8,-1.7260545689947928,7
4165,28,10,77,5,-1.7274479044716362,5
4166,77,20,109,10,-1.7279763913588915,10
4167,68,13,32,8,-1.7311662598089228,5
4168,75,19,70,9,-1.7314858975507368,10
4169,96,38,106,21,-1.7318320126651903,17
4170,44,27,16,15,-1.7334648777380297,12
4171,106,19,48,10,-1.7335189393534853,9
4172,87,33,46,19,-1.7365355025976204,14
4173,12,26,16,14,-1.7388261312317643,12
4174,88,37,36,21,-1.7392851936744331,16
4175,6,11,18,6,-1.7414584600944745,5
4176,36,33,60,17,-1.7416473627060742,16
4177,43,21,104,12,-1.750605109142023,9
4178,70,26,84,14,-1.7530345342228948,12
4179,11,61,8,32,-1.7536827183689407,29
4180,110,11,88,5,-1.7642228121429868,6
4181,43,18,68,9,-1.7652060939878167,9
4182,69,21,50,10,-1.7758250016074644,11
4183,68,39,15,22,-1.7799026131571736,17
4184,90,25,37,13,-1.7816453937181784,12
4185,8,20,29,12,-1.7818268121537415,8
4186,77,27,65,15,-1.782430515644692,12
4187,46,27,97,14,-1.7888516310768021,13
4188,48,19,20,11,-1.7888857426975089,8
4189,47,25,65,13,-1.7906040954239375,12
4190,39,35,114,17,-1.7909993968165123,18
4191,102,33,54,17,-1.796747473799329,16
4192,103,10,63,6,-1.799391808148131,4
4193,16,50,112,26,-1.7995643538534825,24
4194,31,34,51,20,-1.8036645224364214,14
4195,86,57,70,31,-1.8046372203949796,26
4196,25,22,36,11,-1.8071440138268584,11
4197,112,32,13,16,-1.8090394068654707,16
4198,13,15,89,7,-1.810301927311195,8
4199,111,18,40,9,-1.8104998545748818,9
4200,99,13,102,7,-1.8212893413036864,6
4201,114,13,44,7,-1.8263733365516708,6
4202,114,15,11,7,-1.8276036019184323,8
4203,13,29,74,15,-1.8278354237299068,14
4204,90,23,88,13,-1.8344778390431937,10
4205,96,38,84,19,-1.835648682700679,19
4206,100,41,8,22,-1.8381782940280222,19
4207,20,30,114,16,-1.839540566254475,14
4208,76,27,30,15,-1.8425803619698329,12
4209,88,25,19,12,-1.8450287055712715,13
4210,97,22,53,12,-1.8492466822191078,10
4211,33,13,60,8,-1.8644268792007364,5
4212,5,95,37,49,-1.865428870342572,46
4213,47,13,53,7,-1.8674520504863439,6
4214,48,19,60,10,-1.868377497336699,9
4215,8,41,2,21,-1.8848654476169693,20
4216,13,108,68,57,-1.8849483625328238,51
4217,30,16,96,9,-1.8850748786904887,7
4218,64,23,25,12,-1.8857238852847689,11
4219,106,35,20,19,-1.890590591428699,16
4220,98,12,85,7,-1.89296376158292,5
4221,99,27,55,15,-1.895072402151854,12
4222,107,72,39,37,-1.9049396835446852,35
4223,28,67,8,36,-1.9053784571291421,31
4224,88,21,12,11,-1.9079727374799846,10
4225,1,38,68,20,-1.9099752765436673,18
4226,17,11,110,6,-1.9155371371930654,5
4227,106,32,97,16,-1.9159665785715099,16
4228,89,18,86,11,-1.91732676207041,7
4229,76,11,99,5,-1.9173589523208336,6
4230,64,43,53,23,-1.9214578200473016,20
4231,88,56,55,32,-1.9221308051774746,24
4232,70,32,104,17,-1.9224071285610191,15
4233,79,10,9,6,-1.9224211679655938,4
4234,50,40,63,22,-1.9230864117365445,18
4235,18,21,114,11,-1.923577249757447,10
4236,28,89,16,48,-1.9239787295163941,41
4237,54,28,17,14,-1.9259736473512514,14
4238,3,70,86,37,-1.9270985258428814,33
4239,40,19,70,11,-1.9276789997691202,8
4240,109,35,104,18,-1.92892724137796,17
4241,97,14,23,7,-1.9330528734436563,7
4242,98,10,32,5,-1.9380052263831622,5
4243,7,49,71,24,-1.9387153694352766,25
4244,104,13,110,8,-1.9388474450810558,5
4245,31,14,23,8,-1.9392936999416424,6
4246,55,20,25,11,-1.9429576796619947,9
4247,94,15,33,8,-1.9451389474962029,7
4248,55,90,8,45,-1.947129549305828,45
4249,64,34,36,17,-1.9485056781764598,17
4250,57,34,27,17,-1.953476656636175,17
4251,86,30,19,15,-1.9572349198961245,15
4252,35,11,50,6,-1.9581460146246743,5
4253,33,14,39,7,-1.9600955952261445,7
4254,84,42,87,23,-1.9615694257244276,19
4255,97,11,80,6,-1.9631828964682223,5
4256,112,24,41,13,-1.964220147900722,11
4257,3,22,23,12,-1.9704853033748784,10
4258,35,10,54,6,-1.9706076038783524,4
4259,70,31,88,17,-1.9762934359596291,14
4260,53,28,95,17,-1.9769373995573178,11
4261,79,12,100,7,-1.9822381822120878,5
4262,25,38,28,22,-1.983389891159918,16
4263,4,15,30,8,-1.9875071363114745,7
4264,4,19,53,10,-1.987694792892672,9
4265,88,15,85,8,-1.9929645574579284,7
4266,112,15,104,8,-1.9939359727925703,7
4267,74,26,114,13,-1.997597253168688,13
4268,27,11,66,6,-1.9992664520674241,5
4269,87,32,75,17,-2.0004298974911783,15
4270,97,22,83,10,-2.007636873207568,12
4271,51,40,57,21,-2.0085737503790417,19
4272,37,20,62,12,-2.010740712828139,8
4273,76,15,103,7,-2.0116582341491567,8
4274,86,47,23,25,-2.0116860012086675,22
4275,102,29,16,15,-2.0125036552898954,14
4276,12,21,88,11,-2.0143660264494705,10
4277,70,29,68,15,-2.015118158104638,14
4278,27,46,41,26,-2.0152493875384536,20
4279,37,14,69,7,-2.015512849900142,7
4280,60,11,93,7,-2.018629631632218,4
4281,90,37,8,21,-2.01946478207178,16
4282,17,27,114,16,-2.021159075364869,11
4283,60,26,90,15,-2.0244178494313436,11
4284,107,53,50,27,-2.025793662275194,26
4285,13,11,32,6,-2.026181507027533,5
4286,8,85,86,42,-2.026979224114562,43
4287,114,14,91,7,-2.031242634143396,7
4288,13,25,33,13,-2.031483396821485,12
4289,104,41,8,22,-2.032634893277436,19
4290,17,21,104,11,-2.0345116655508884,10
4291,88,59,40,32,-2.0357313010299647,27
4292,54,50,39,26,-2.0364960507840566,24
4293,88,21,93,12,-2.047097578055207,9
4294,16,19,85,11,-2.049381192265949,8
4295,104,56,88,31,-2.0522336100675984,25
4296,60,20,62,10,-2.059758878798644,10
4297,50,12,94,7,-2.06732591518685,5
4298,23,20,27,10,-2.072262837137012,10
4299,63,10,82,5,-2.0779758612966877,5
4300,65,47,74,24,-2.0847963525870905,23
4301,51,14,44,9,-2.0848742289559725,5
4302,68,43,64,25,-2.0864244028015873,18
4303,11,18,40,9,-2.089442100461012,9
4304,8,74,54,42,-2.089621958137288,32
4305,8,22,97,11,-2.094799206270941,11
4306,55,34,83,17,-2.0962093979720193,17
4307,104,66,37,36,-2.097616403905139,30
4308,79,18,84,9,-2.0988599029371886,9
4309,86,120,107,64,-2.1006252645807835,56
4310,23,19,112,11,-2.1018527652621195,8
4311,94,28,68,15,-2.1065110625469554,13
4312,13,38,57,19,-2.1070868819342956,19
4313,25,11,69,6,-2.112059751085246,5
4314,65,87,87,46,-2.1137956539275025,41
4315,72,17,7,9,-2.1143024060967655,8
4316,70,11,53,6,-2.117480208536356,5
4317,63,24,49,12,-2.1212323385530327,12
4318,9,62,7,31,-2.1219031094822904,31
4319,114,32,102,18,-2.1240842876015074,14
4320,61,12,2,7,-2.133108515807601,5
4321,74,30,11,16,-2.13476100803091,14
4322,30,20,7,9,-2.135688474905444,11
4323,84,20,10,11,-2.1368540059137278,9
4324,51,64,3,32,-2.1369691563906166,32
4325,68,17,81,9,-2.1370452313390267,8
4326,39,39,71,21,-2.140211900940766,18
4327,69,11,55,6,-2.141856565606558,5
4328,49,11,89,6,-2.1552213251273216,5
4329,107,34,108,18,-2.157882497190881,16
4330,86,14,6,8,-2.158350497876565,6
4331,34,34,17,17,-2.1611181742005137,17
4332,98,16,55,9,-2.1617935333932956,7
4333,29,11,12,6,-2.1635205735103518,5
4334,53,13,23,7,-2.1639220781507644,6
4335,68,46,41,24,-2.171804807510052,22
4336,93,16,84,8,-2.173203038685071,8
4337,11,30,30,16,-2.1759327888687228,14
4338,100,10,52,6,-2.1822522154052866,4
4339,27,36,34,19,-2.186049556860645,17
4340,74,64,8,36,-2.1866220406514896,28
4341,54,10,31,5,-2.1866689261471493,5
4342,27,31,8,16,-2.189115216838179,15
4343,47,13,19,7,-2.1915786077930717,6
4344,40,33,41,17,-2.193580777269949,16
4345,106,35,68,19,-2.1936858069827965,16
4346,40,75,7,42,-2.1957521283064807,33
4347,16,72,104,39,-2.198861242302897,33
4348,91,14,17,8,-2.201331771128629,6
4349,49,10,96,5,-2.201359601705883,5
4350,90,36,16,18,-2.2014934680529152,18
4351,27,27,75,15,-2.203651126537084,12
4352,96,50,5,28,-2.21142719225076,22
4353,51,12,93,6,-2.216632142916852,6
4354,62,11,72,6,-2.217469660829094,5
4355,98,14,18,6,-2.2211477971408065,8
4356,99,13,98,6,-2.22125816779338,7
4357,12,11,112,5,-2.224733688615062,6
4358,39,43,75,21,-2.225217366532354,22
4359,25,16,90,9,-2.226157693683706,7
4360,74,27,20,15,-2.230377352624161,12
4361,65,18,46,11,-2.232998478058102,7
4362,16,78,54,41,-2.2330589924227278,37
4363,20,14,18,8,-2.233452860395892,6
4364,114,26,4,13,-2.2345648368573685,13
4365,48,17,27,10,-2.2349641271706258,7
4366,22,13,34,7,-2.237675057859748,6
4367,107,61,68,31,-2.2392858218745864,30
4368,49,21,64,12,-2.2416010602386143,9
4369,13,65,104,35,-2.2428038741485192,30
4370,27,10,70,5,-2.243263258457554,5
4371,4,38,88,20,-2.24592170041755,18
4372,69,36,87,21,-2.24685081086476,15
4373,50,22,34,11,-2.2486274008584752,11
4374,86,77,30,43,-2.250031935213088,34
4375,83,11,63,7,-2.251852755522098,4
4376,34,21,65,12,-2.2537760542177065,9
4377,25,30,95,16,-2.25397314365567,14
4378,41,13,74,6,-2.254565024803335,7
4379,106,62,87,32,-2.262204101784014,30
4380,3,23,109,12,-2.262800410189072,11
4381,88,45,106,26,-2.2639858690375605,19
4382,42,11,87,6,-2.267067713255768,5
4383,7,12,85,7,-2.267272935114745,5
4384,96,66,28,35,-2.2674069446039327,31
4385,31,10,61,5,-2.2696136748473594,5
4386,68,108,7,58,-2.2702884441480373,50
4387,11,47,50,25,-2.2760239537437803,22
4388,46,60,11,32,-2.2786375815091913,28
4389,69,12,77,6,-2.2797993708458972,6
4390,40,47,9,26,-2.2806450266015688,21
4391,65,19,48,9,-2.2816603054261098,10
4392,81,10,38,5,-2.2819621266449897,5
4393,84,88,86,44,-2.284433513190378,44
4394,112,36,107,18,-2.2856893291686893,18
4395,88,26,81,14,-2.2857834835265276,12
4396,4,13,106,6,-2.287883468044352,7
4397,5,24,100,13,-2.2932427434044693,11
4398,17,39,65,23,-2.2982880050722274,16
4399,7,20,80,11,-2.2986689861273333,9
4400,32,21,86,11,-2.2989864902239,10
4401,112,24,87,12,-2.29999509507633,12
4402,95,26,60,14,-2.3000350580848172,12
4403,70,28,63,15,-2.3099114645774366,13
4404,37,23,57,12,-2.3105129908375908,11
4405,63,31,71,17,-2.3112629873314643,14
4406,96,58,8,31,-2.3139911898201158,27
4407,91,32,88,17,-2.315767764685103,15
4408,102,21,104,10,-2.320627297470276,11
4409,103,10,8,6,-2.3245085117289825,4
4410,42,10,72,6,-2.3285230567907305,4
4411,5,51,109,26,-2.3285813949081646,25
4412,53,28,25,14,-2.3301510854690832,14
4413,38,12,114,6,-2.3415263774379937,6
4414,109,29,76,17,-2.3483387187433746,12
4415,33,18,11,11,-2.3498549166237144,7
4416,43,50,16,28,-2.3507433165143348,22
4417,31,36,4,21,-2.3535355966794675,15
4418,33,12,99,7,-2.354570382478156,5
4419,109,14,96,8,-2.3566759619593642,6
4420,97,14,100,8,-2.3583259709010784,6
4421,88,44,64,25,-2.359083003612554,19
4422,5,23,99,12,-2.3616219022642833,11
4423,97,13,49,8,-2.3668261814242064,5
4424,50,24,40,14,-2.3671440474550494,10
4425,63,32,25,16,-2.368826537360261,16
4426,55,31,53,17,-2.372089532662412,14
4427,104,44,39,24,-2.3751154073426832,20
4428,22,11,51,6,-2.3756967454119193,5
4429,12,29,49,12,-2.375753597057763,17
4430,107,40,71,23,-2.3760609676092477,17
4431,112,14,8,8,-2.379829723910836,6
4432,51,33,50,17,-2.382850969710936,16
4433,56,13,75,8,-2.3840139649043506,5
4434,104,25,96,14,-2.3866419839158355,11
4435,71,21,4,13,-2.3871750117365993,8
4436,95,40,104,22,-2.389034218387607,18
4437,48,13,23,7,-2.3894452247322278,6
4438,45,22,16,13,-2.3925466679441407,9
4439,109,21,97,11,-2.398141101921527,10
4440,28,38,46,22,-2.3990178798165633,16
4441,98,15,114,8,-2.3992721750256893,7
4442,94,27,100,17,-2.400243221659599,10
4443,80,26,20,14,-2.4033351571638573,12
4444,66,13,106,8,-2.407503356329986,5
4445,93,33,8,17,-2.4111455321691304,16
4446,92,11,65,6,-2.411285975254871,5
4447,28,28,60,13,-2.412225021834092,15
4448,81,24,107,13,-2.4141594134658964,11
4449,94,19,28,11,-2.414960475317553,8
4450,86,28,108,16,-2.416374005048123,12
4451,99,11,109,6,-2.419517402501058,5
4452,48,18,7,9,-2.420153811750299,9
4453,19,41,43,22,-2.422134068827929,19
4454,4,23,55,12,-2.4222288362060125,11
4455,9,56,88,30,-2.4233671798250107,26
4456,19,40,54,23,-2.424520710409421,17
4457,90,39,107,20,-2.4251424853764534,19
4458,96,17,3,9,-2.432078371197564,8
4459,75,20,91,7,-2.4323694332612673,13
4460,51,19,14,12,-2.4338441230915153,7
4461,102,24,109,13,-2.4374588964673864,11
4462,47,15,64,9,-2.441201731533323,6
4463,62,49,16,29,-2.442326323138999,20
4464,50,10,32,4,-2.4440541907162716,6
4465,61,15,63,9,-2.4454100802634517,6
4466,51,53,8,28,-2.455772911290401,25
4467,86,17,110,9,-2.4597124602837575,8
4468,25,32,102,17,-2.4608896969250464,15
4469,1,17,17,9,-2.4627610735098764,8
4470,37,10,103,4,-2.465940588175405,6
4471,69,17,74,8,-2.466497282082454,9
4472,54,65,87,36,-2.4668313607417627,29
4473,81,17,4,10,-2.467812477706327,7
4474,103,17,30,10,-2.4703689712282206,7
4475,20,20,17,11,-2.47595507024807,9
4476,43,34,27,18,-2.487486899178624,16
4477,111,11,18,6,-2.489910872635885,5
4478,11,21,64,13,-2.490493863054093,8
4479,111,37,65,21,-2.4964278491140752,16
4480,67,13,84,6,-2.5007098745341834,7
4481,109,18,37,10,-2.5010134043415313,8
4482,16,20,89,10,-2.511892346981157,10
4483,27,35,29,20,-2.513976649329259,15
4484,70,50,16,28,-2.5152007904251366,22
4485,36,15,12,8,-2.5163199425137495,7
4486,46,27,68,15,-2.520930145642676,12
4487,11,17,14,10,-2.5264878637219237,7
4488,4,18,39,10,-2.5267698999647226,8
4489,9,33,36,18,-2.527924078037467,15
4490,30,19,99,11,-2.5303882936847786,8
4491,107,15,44,8,-2.5305445670994087,7
4492,17,29,7,16,-2.5320894413613915,13
4493,72,14,43,7,-2.536394554509495,7
4494,65,35,97,19,-2.5397394280205696,16
4495,54,43,11,23,-2.540561631211796,20
4496,95,14,77,7,-2.5410335587352315,7
4497,20,40,88,20,-2.541950104212904,20
4498,38,22,60,11,-2.5449702313683376,11
4499,36,74,7,40,-2.54935875079736,34
4500,76,14,44,8,-2.550414193143335,6
4501,30,12,47,5,-2.551854085041667,7
4502,1,19,73,11,-2.5534291003907295,8
4503,15,28,49,14,-2.5643365274615744,14
4504,61,14,27,7,-2.57284080053487,7
4505,51,29,1,15,-2.5741193049184683,14
4506,87,28,12,16,-2.574704855122628,12
4507,47,10,62,6,-2.5775304802735826,4
4508,112,22,50,13,-2.578275791966446,9
4509,88,15,33,9,-2.581178022844095,6
4510,48,42,16,22,-2.5852222637676325,20
4511,18,33,86,19,-2.5923706641316473,14
4512,109,10,1,5,-2.592960677140225,5
4513,37,27,102,15,-2.5931875377695395,12
4514,107,90,65,48,-2.5935205793511154,42
4515,80,32,65,17,-2.5986356922004106,15
4516,91,23,36,13,-2.600483205457647,10
4517,28,101,86,56,-2.605523566241804,45
4518,1,29,40,16,-2.608102727316189,13
4519,49,62,16,35,-2.6115342674254607,27
4520,107,33,94,20,-2.613370215138467,13
4521,64,28,75,15,-2.614396425436705,13
4522,89,10,39,6,-2.6189716831037586,4
4523,28,42,39,22,-2.623339407780362,20
4524,85,10,8,6,-2.6233679922969846,4
4525,8,33,23,18,-2.626483448480395,15
4526,107,70,27,39,-2.628606213410475,31
4527,54,13,110,7,-2.6358849029934492,6
4528,86,47,49,23,-2.64144375548164,24
4529,69,24,100,13,-2.641711217702834,11
4530,5,60,16,35,-2.643518445682432,25
4531,20,20,19,10,-2.646933293157401,10
4532,36,13,57,8,-2.653116090105381,5
4533,88,29,92,16,-2.65412565592523,13
4534,68,32,19,18,-2.655929810520747,14
4535,27,24,40,11,-2.6563176029466598,13
4536,20,33,11,19,-2.658025854837769,14
4537,91,13,74,7,-2.658254293210725,6
4538,1,29,41,17,-2.6671220598664935,12
4539,60,62,51,37,-2.6680912544453945,25
4540,7,118,13,63,-2.6708973171944717,55
4541,44,17,25,9,-2.673535476281759,8
4542,34,20,12,11,-2.6757342119787486,9
4543,12,10,48,6,-2.675775448389388,4
4544,88,66,60,37,-2.676500890728167,29
4545,5,25,39,13,-2.6791322172692884,12
4546,58,14,43,8,-2.6806335210316137,6
4547,107,21,93,12,-2.6848247910711387,9
4548,43,13,74,6,-2.684879666635042,7
4549,29,13,50,7,-2.685645621491712,6
4550,30,26,28,13,-2.6864332481864484,13
4551,71,40,65,23,-2.6867803351656674,17
4552,102,20,13,12,-2.6891186576501758,8
4553,43,29,11,15,-2.690595886408955,14
4554,31,22,87,11,-2.6915087275033085,11
4555,30,17,9,10,-2.6960180413408095,7
4556,8,25,49,14,-2.696314421209298,11
4557,68,27,47,15,-2.700809442975109,12
4558,76,30,70,15,-2.70093044855826,15
4559,79,11,39,7,-2.7039365709334438,4
4560,33,14,90,8,-2.70862298496318,6
4561,76,19,20,9,-2.715649408766538,10
4562,4,20,63,11,-2.7170319642618344,9
4563,80,11,95,6,-2.7197438471090796,5
4564,51,17,58,9,-2.7220403540386453,8
4565,88,16,44,8,-2.7255415222047015,8
4566,85,17,12,9,-2.7289106494776965,8
4567,98,22,51,12,-2.729369792679445,10
4568,46,26,60,14,-2.73308552490518,12
4569,54,25,15,12,-2.7351472639255974,13
4570,106,50,65,27,-2.735321183024918,23
4571,62,30,39,17,-2.7367319129051135,13
4572,63,12,99,6,-2.7377253409939377,6
4573,104,22,97,11,-2.7396377781056187,11
4574,68,31,69,17,-2.743936079051887,14
4575,65,36,43,18,-2.7525986025329345,18
4576,43,14,70,8,-2.753352748891417,6
4577,96,34,97,17,-2.7556888339056815,17
4578,35,23,88,12,-2.7598010038488656,11
4579,94,17,1,8,-2.7623810098011994,9
4580,29,31,3,17,-2.7653963352103443,14
4581,80,36,16,21,-2.7654656327688567,15
4582,12,36,86,20,-2.7666405101595566,16
4583,10,11,5,5,-2.7716738654503192,6
4584,18,36,88,19,-2.772376960809781,17
4585,91,31,28,17,-2.78581966806185,14
4586,107,36,17,19,-2.787289486478376,17
4587,41,58,51,31,-2.788035903246996,27
4588,112,14,85,8,-2.788857070839803,6
4589,68,73,16,42,-2.78969333419419,31
4590,102,12,70,5,-2.7906887378625402,7
4591,36,13,100,7,-2.7923934619121096,6
4592,1,26,7,14,-2.793205495238504,12
4593,44,14,68,7,-2.795327721392829,7
4594,8,32,83,16,-2.795775595052066,16
4595,112,14,106,7,-2.805082024542768,7
4596,41,15,99,8,-2.808167291861728,7
4597,76,26,46,14,-2.809518783996085,12
4598,36,32,1,16,-2.8095303452930684,16
4599,48,14,68,7,-2.820644331468806,7
4600,71,13,18,7,-2.821320109059578,6
4601,62,18,54,10,-2.824080555827827,8
4602,112,21,75,12,-2.824219405034075,9
4603,50,44,2,24,-2.824465738990298,20
4604,79,17,8,8,-2.8288746666590137,9
4605,107,39,15,24,-2.829161299112949,15
4606,9,49,107,25,-2.8292011367922663,24
4607,86,61,114,32,-2.830798394303986,29
4608,81,23,53,13,-2.832269045840244,10
4609,49,41,30,23,-2.833183272591318,18
4610,35,11,39,6,-2.8361547619317586,5
4611,17,28,28,15,-2.8369834071231876,13
4612,16,25,4,12,-2.841104684052144,13
4613,39,33,95,18,-2.8414955259540986,15
4614,102,25,8,13,-2.845551076408804,12
4615,44,13,28,6,-2.846139863099275,7
4616,33,13,97,7,-2.8486496222061595,6
4617,72,27,86,15,-2.8515199105364175,12
4618,96,16,73,9,-2.853430398009382,7
4619,49,10,79,6,-2.8563921563379915,4
4620,94,15,88,7,-2.8588031686479423,8
4621,28,25,69,13,-2.86191295640514,12
4622,88,14,72,8,-2.866088260356642,6
4623,63,23,46,11,-2.867241869896345,12
4624,17,10,88,4,-2.869337502995377,6
4625,68,69,88,38,-2.869521100331378,31
4626,1,14,112,9,-2.8723250567679255,5
4627,53,12,57,6,-2.8739584447786406,6
4628,30,21,75,11,-2.874328227945735,10
4629,43,26,69,14,-2.8746246974980187,12
4630,77,14,106,7,-2.8755893681261506,7
4631,46,25,17,14,-2.8756726104757036,11
4632,51,139,16,74,-2.8865327335551183,65
4633,70,10,44,5,-2.8975248911261424,5
4634,9,27,50,15,-2.8991061521351393,12
4635,51,31,70,16,-2.904546585958991,15
4636,37,19,91,10,-2.9050960547005253,9
4637,54,36,80,18,-2.9116630961094714,18
4638,41,22,47,11,-2.9126189727076235,11
4639,108,12,25,7,-2.9132670669268257,5
4640,33,10,37,6,-2.9157377490462184,4
4641,106,19,102,9,-2.9207255392565092,10
4642,62,14,1,7,-2.9215215839903856,7
4643,57,28,19,15,-2.921824032048088,13
4644,33,10,3,6,-2.927658221464783,4
4645,40,18,12,9,-2.930289703709333,9
4646,78,25,88,14,-2.9333918667099623,11
4647,28,21,33,10,-2.934003356051787,11
4648,87,20,36,12,-2.9355732508976633,8
4649,49,27,68,15,-2.9363199373932996,12
4650,65,27,83,14,-2.938404758323201,13
4651,9,10,72,5,-2.9405168738711245,5
4652,8,39,60,20,-2.943834756343734,19
4653,46,18,71,9,-2.9448527741935417,9
4654,87,37,18,21,-2.947620136311878,16
4655,29,19,54,11,-2.949914447875301,8
4656,3,33,15,18,-2.9522579457276694,15
4657,46,23,114,13,-2.9631435316072414,10
4658,57,18,25,10,-2.964934950553877,8
4659,17,10,26,5,-2.965521786469379,5
4660,37,21,2,11,-2.96975801126945,10
4661,88,64,114,34,-2.973692991812809,30
4662,4,32,36,19,-2.9739066740354194,13
4663,106,36,84,18,-2.9754739608250116,18
4664,1,13,46,6,-2.9771068452784495,7
4665,107,93,13,50,-2.982316075322625,43
4666,34,27,109,15,-2.985891726458783,12
4667,34,11,114,5,-2.988482941118179,6
4668,90,47,86,27,-2.9972067340822783,20
4669,69,11,4,6,-2.9994841766617175,5
4670,34,14,96,8,-3.001763014782562,6
4671,37,47,20,25,-3.0049852144749636,22
4672,108,20,50,10,-3.006186687462411,10
4673,39,43,9,22,-3.012148514540606,21
4674,48,20,30,12,-3.014647330297821,8
4675,51,24,103,13,-3.0173765224790308,11
4676,30,10,98,5,-3.02034303732743,5
4677,88,29,47,15,-3.0208806441241425,14
4678,33,17,40,11,-3.0217035797006933,6
4679,98,13,39,8,-3.033232316977352,5
4680,19,23,76,13,-3.0337389389191673,10
4681,78,43,86,23,-3.0347227728327737,20
4682,65,39,25,23,-3.0368934823131157,16
4683,12,30,68,16,-3.041358769608484,14
4684,96,13,38,7,-3.0422152322461713,6
4685,3,40,12,23,-3.0432320355913474,17
4686,74,36,104,21,-3.04807176373519,15
4687,30,24,15,13,-3.0504007259335744,11
4688,55,45,7,26,-3.054761469393279,19
4689,8,17,10,10,-3.0558998323304016,7
4690,57,11,6,6,-3.056750466696465,5
4691,86,42,71,22,-3.0606693617391714,20
4692,25,18,71,10,-3.0644100067848146,8
4693,25,30,75,17,-3.069551733540898,13
4694,60,29,19,15,-3.0741844930514612,14
4695,12,34,39,19,-3.074812586551119,15
4696,65,30,19,16,-3.080558293575502,14
4697,23,55,16,30,-3.0835008847032337,25
4698,37,59,107,32,-3.087858660035624,27
4699,96,22,51,12,-3.0911457625040346,10
4700,27,17,6,9,-3.0947871865212924,8
4701,109,10,85,7,-3.095406882310695,3
4702,38,26,88,16,-3.098643089238903,10
4703,91,10,64,6,-3.0993479020870796,4
4704,74,16,88,10,-3.1000151762465555,6
4705,68,14,99,8,-3.100103615084465,6
4706,60,15,92,9,-3.101629065738581,6
4707,87,38,29,22,-3.101661587985348,16
4708,86,21,111,12,-3.1037611827633413,9
4709,30,23,20,12,-3.104651925893034,11
4710,4,24,50,12,-3.1105592371369597,12
4711,17,25,25,14,-3.1106502600539105,11
4712,80,11,36,6,-3.1158574211756616,5
4713,12,13,52,7,-3.116099774948756,6
4714,65,58,8,31,-3.1193338772056767,27
4715,94,42,43,23,-3.121120942526353,19
4716,27,26,76,15,-3.12237716329118,11
4717,11,26,34,15,-3.1224893996672782,11
4718,61,15,51,10,-3.123205657151169,5
4719,2,15,76,9,-3.135016863493125,6
4720,45,12,112,6,-3.1460936650177533,6
4721,13,65,100,35,-3.1478251869099085,30
4722,23,23,75,11,-3.148733601092015,12
4723,7,51,104,28,-3.158219418007504,23
4724,82,21,86,12,-3.1586560919846263,9
4725,60,25,106,15,-3.171261503808182,10
4726,30,12,74,6,-3.175828716417198,6
4727,47,34,16,19,-3.1778605747552753,15
4728,26,11,87,6,-3.1783658220432547,5
4729,69,16,103,8,-3.1785957104061207,8
4730,47,14,72,7,-3.1816598855809177,7
4731,50,21,100,12,-3.182484639829971,9
4732,114,31,54,16,-3.1847921316014234,15
4733,50,54,37,28,-3.1883352760136074,26
4734,58,10,11,6,-3.188429972054717,4
4735,8,15,69,8,-3.1913004711052873,7
4736,11,41,13,23,-3.191655583423845,18
4737,5,61,88,32,-3.1946532218196624,29
4738,39,41,36,23,-3.1998605067578225,18
4739,17,28,106,17,-3.2039846830051117,11
4740,20,18,15,10,-3.2047440335755613,8
4741,51,51,106,28,-3.2074755817578335,23
4742,97,12,56,6,-3.2085312435870676,6
4743,31,47,60,23,-3.2094707274879264,24
4744,97,19,50,11,-3.210625734622642,8
4745,74,16,17,9,-3.21177055102783,7
4746,102,28,76,16,-3.2119451410163746,12
4747,28,39,55,23,-3.2184704312839756,16
4748,80,10,100,6,-3.2216300029845613,4
4749,7,55,23,30,-3.222928305376168,25
4750,107,38,29,24,-3.2256905965719005,14
4751,51,103,13,54,-3.227556289434052,49
4752,36,49,107,26,-3.234838704648262,23
4753,86,93,63,54,-3.236835270517722,39
4754,34,18,9,10,-3.2368917561941424,8
4755,60,25,99,14,-3.238194459102709,11
4756,94,34,19,18,-3.238554458984935,16
4757,81,12,23,7,-3.2407035870770007,5
4758,96,10,64,6,-3.247034103841878,4
4759,57,12,91,6,-3.2485819762855144,6
4760,15,38,100,21,-3.2528324504039126,17
4761,25,47,114,27,-3.2540864225169766,20
4762,108,11,29,6,-3.254331422994319,5
4763,74,24,7,15,-3.257493143792889,9
4764,37,55,16,30,-3.2596488969019104,25
4765,53,56,18,30,-3.2615252410170648,26
4766,54,56,28,31,-3.262278028179984,25
4767,13,20,85,12,-3.272077258935019,8
4768,77,70,60,38,-3.272179230588988,32
4769,90,10,3,5,-3.2732247266022596,5
4770,67,13,114,7,-3.274670651234843,6
4771,53,50,39,28,-3.277161726088196,22
4772,3,25,8,12,-3.2773896333319046,13
4773,38,18,8,10,-3.2796886341896276,8
4774,78,31,68,17,-3.2853723279616904,14
4775,35,15,55,8,-3.2899027901624813,7
4776,107,45,34,26,-3.2909922405162497,19
4777,86,83,74,44,-3.294889270853105,39
4778,5,60,104,32,-3.3007473735225057,28
4779,61,13,47,7,-3.3043540506366424,6
4780,64,21,114,12,-3.304666725448282,9
4781,96,14,41,9,-3.308894289236027,5
4782,79,19,63,11,-3.3134147957453677,8
4783,75,31,60,17,-3.313915862803686,14
4784,86,37,91,20,-3.314546868451311,17
4785,84,16,97,10,-3.316428205809935,6
4786,97,14,98,7,-3.3185319117606182,7
4787,51,46,28,24,-3.330644392104213,22
4788,48,17,80,10,-3.3356230533911266,7
4789,5,13,68,7,-3.3380294056441127,6
4790,98,20,54,11,-3.3414082574983,9
4791,91,15,40,8,-3.345577169162442,7
4792,65,20,94,10,-3.3472699488499087,10
4793,20,10,83,5,-3.347889825164404,5
4794,107,15,14,9,-3.3479962116917545,6
4795,106,17,14,10,-3.3600594128266095,7
4796,86,54,60,30,-3.3612428132287855,24
4797,61,14,9,8,-3.362078776884612,6
4798,8,23,14,13,-3.3634201583462153,10
4799,97,25,54,13,-3.364815342765676,12
4800,20,17,40,10,-3.3649339637959637,7
4801,57,27,69,16,-3.367166221655228,11
4802,100,22,37,13,-3.371836978910977,9
4803,11,23,72,12,-3.376181827523783,11
4804,60,78,13,45,-3.3770875938219227,33
4805,39,40,64,22,-3.3772164918090795,18
4806,98,15,73,8,-3.3800553651819163,7
4807,3,48,39,25,-3.3807598414665594,23
4808,55,28,36,15,-3.383336577257353,13
4809,9,31,60,18,-3.3853349951371756,13
4810,104,10,73,6,-3.391491099464731,4
4811,5,50,55,28,-3.393419962444799,22
4812,28,13,4,7,-3.3940824912486858,6
4813,19,44,49,24,-3.3946963082952313,20
4814,84,29,55,16,-3.4012305577969593,13
4815,7,35,43,21,-3.4056925239293374,14
4816,36,11,17,5,-3.417273645156755,6
4817,78,18,28,9,-3.417711658801107,9
4818,112,17,54,10,-3.4203709759608767,7
4819,37,12,4,7,-3.4218717037755084,5
4820,69,10,108,4,-3.4269138907252144,6
4821,11,49,55,29,-3.4281320850013386,20
4822,27,52,7,28,-3.4308990471010508,24
4823,81,11,78,5,-3.4320246992935264,6
4824,55,28,76,17,-3.4438952481653042,11
4825,46,63,86,37,-3.447367416883429,26
4826,86,94,7,54,-3.4487912180291196,40
4827,114,14,112,7,-3.4529529803290626,7
4828,23,21,37,11,-3.4530437057487418,10
4829,5,23,33,12,-3.454327509177194,11
4830,60,40,43,22,-3.455693016886847,18
4831,5,60,74,32,-3.4699961467083447,28
4832,11,44,51,25,-3.472776128070486,19
4833,54,57,96,29,-3.47661338595835,28
4834,18,16,55,8,-3.481046717374471,8
4835,70,20,25,11,-3.484518115943737,9
4836,45,16,41,10,-3.4850666688674528,6
4837,51,30,36,16,-3.4874600225025065,14
4838,36,13,62,7,-3.489528327052378,6
4839,109,26,20,16,-3.492917739743867,10
4840,55,19,48,11,-3.494162257250903,8
4841,114,36,97,20,-3.494809729950691,16
4842,51,39,114,20,-3.4973322349486486,19
4843,15,22,23,12,-3.5001626021093473,10
4844,51,86,88,44,-3.5018167353637493,42
4845,108,13,37,7,-3.5019197237718496,6
4846,54,15,38,8,-3.5022681709669805,7
4847,102,14,39,8,-3.502429360744224,6
4848,109,27,25,15,-3.504136926234725,12
4849,23,16,74,9,-3.5053157619270587,7
4850,100,14,53,8,-3.519519789056673,6
4851,15,17,28,9,-3.521005718300721,8
4852,25,17,93,9,-3.530039788975629,8
4853,62,10,6,6,-3.534555615892033,4
4854,7,15,44,8,-3.535266020755452,7
4855,36,65,40,37,-3.5400829247343655,28
4856,27,29,47,16,-3.5439664319349258,13
4857,19,31,13,18,-3.544087166327379,13
4858,70,11,33,6,-3.5452850377562317,5
4859,49,17,114,8,-3.5487282111911385,9
4860,109,28,41,17,-3.5487793479544014,11
4861,74,25,75,15,-3.5502981320595746,10
4862,65,49,53,26,-3.552341058928982,23
4863,36,19,28,10,-3.554999615354126,9
4864,79,12,60,7,-3.5553709332305647,5
4865,64,41,107,22,-3.561300386963444,19
4866,108,13,79,8,-3.562523700236057,5
4867,7,28,6,13,-3.5631855242339143,15
4868,84,13,62,7,-3.5672380956620335,6
4869,11,27,48,15,-3.571700875711398,12
4870,43,19,25,12,-3.5730773529480744,7
4871,87,22,14,13,-3.5746572289058,9
4872,50,21,41,12,-3.5746660286103196,9
4873,51,22,102,12,-3.5799509862134076,10
4874,95,10,97,6,-3.58943247133478,4
4875,11,22,7,13,-3.590907173314132,9
4876,87,126,86,66,-3.5946026077494535,60
4877,16,57,75,31,-3.5952902080350193,26
4878,107,79,88,45,-3.598399827647509,34
4879,18,19,91,11,-3.6010074197876603,8
4880,39,17,69,9,-3.6024816939136084,8
4881,88,36,1,19,-3.612486249864136,17
4882,61,21,13,13,-3.614653337686763,8
4883,52,13,65,8,-3.6178596605803364,5
4884,85,18,28,10,-3.6213061715807027,8
4885,28,26,80,14,-3.6230809501897747,12
4886,18,19,43,9,-3.6267699505365183,10
4887,100,22,72,13,-3.6290401350984753,9
4888,28,52,20,29,-3.638022846799735,23
4889,9,22,49,11,-3.641292433645158,11
4890,43,18,34,10,-3.6439583345872726,8
4891,49,19,50,10,-3.645049395982722,9
4892,70,10,14,5,-3.6470421341148493,5
4893,18,11,17,5,-3.6519056838531805,6
4894,20,11,62,6,-3.653244367006128,5
4895,9,15,109,7,-3.6538651478462696,8
4896,32,21,107,11,-3.6546977761524695,10
4897,71,10,90,5,-3.656103603020123,5
4898,31,24,39,14,-3.6610558433956144,10
4899,65,80,51,45,-3.664771412812795,35
4900,38,38,107,22,-3.669594298718899,16
4901,84,21,38,11,-3.6699802067032485,10
4902,109,23,65,11,-3.6820630235649316,12
4903,16,37,34,21,-3.695530839257544,16
4904,28,19,23,10,-3.6970356039584393,9
4905,35,10,112,5,-3.704644012481237,5
4906,11,18,77,10,-3.711392742612507,8
4907,64,21,1,11,-3.714096825641642,10
4908,5,21,15,13,-3.7147342263498238,8
4909,11,14,85,8,-3.719074703847315,6
4910,88,57,27,30,-3.7236261153468573,27
4911,54,64,20,33,-3.7237387131550492,31
4912,40,13,15,7,-3.72557831166786,6
4913,40,59,60,33,-3.735016412978278,26
4914,25,65,86,35,-3.735239092039536,30
4915,4,13,1,8,-3.7360390878519714,5
4916,20,49,87,26,-3.7393752403405793,23
4917,7,31,15,15,-3.741081293807926,16
4918,40,42,53,23,-3.7429391558119995,19
4919,76,21,41,10,-3.750106309053706,11
4920,94,19,78,11,-3.755618352433771,8
4921,17,14,102,8,-3.765627490194503,6
4922,13,47,114,23,-3.7759149187311776,24
4923,92,13,104,6,-3.7768187223532292,7
4924,93,10,7,5,-3.7802315490169662,5
4925,19,39,78,23,-3.7879382183310812,16
4926,27,20,108,12,-3.7884843892598083,8
4927,50,25,90,14,-3.7900343777578573,11
4928,39,11,6,6,-3.7966207547038056,5
4929,102,16,62,9,-3.80648773210449,7
4930,87,23,77,13,-3.8076309751658517,10
4931,78,22,72,11,-3.8085176531004055,11
4932,107,58,41,35,-3.8135227597382513,23
4933,5,16,110,9,-3.8138584796050923,7
4934,91,28,5,17,-3.814625093066516,11
4935,79,31,16,18,-3.819316250104339,13
4936,3,11,4,6,-3.825046392091852,5
4937,13,26,91,14,-3.8317482607331113,12
4938,46,13,38,8,-3.8338597693432233,5
4939,12,11,47,6,-3.8390154161535603,5
4940,7,26,20,14,-3.839940256500115,12
4941,31,23,18,12,-3.8430258307678655,11
4942,38,21,30,13,-3.8447589179027672,8
4943,17,17,85,10,-3.8507511089593067,7
4944,47,12,109,7,-3.8566604611588287,5
4945,107,50,40,30,-3.857060552716013,20
4946,62,33,86,18,-3.857981546675883,15
4947,48,16,57,9,-3.8589473829739207,7
4948,104,29,30,15,-3.861841224882902,14
4949,63,41,74,22,-3.8635092916190312,19
4950,29,21,41,12,-3.868637237264424,9
4951,41,86,65,51,-3.8730812369047194,35
4952,78,18,15,9,-3.8743903606720744,9
4953,100,20,98,12,-3.8795815505382065,8
4954,104,33,41,17,-3.881745214521683,16
4955,112,22,3,11,-3.88182962585215,11
4956,29,19,76,9,-3.891834089248112,10
4957,54,25,1,14,-3.8929886538978167,11
4958,57,23,28,13,-3.8971175709019774,10
4959,58,13,77,7,-3.8981506835692437,6
4960,84,51,51,29,-3.8997018485628714,22
4961,3,44,107,23,-3.899807395774833,21
4962,63,30,55,16,-3.900377194965694,14
4963,91,15,102,8,-3.901213400624812,7
4964,90,11,64,6,-3.902108781861291,5
4965,107,40,19,24,-3.904284310407854,16
4966,66,13,51,7,-3.909986058428536,6
4967,52,14,30,8,-3.910728614777823,6
4968,46,50,51,28,-3.912731533664656,22
4969,15,22,72,11,-3.9142791835201267,11
4970,87,24,83,13,-3.91671040731581,11
4971,70,38,37,22,-3.9227382855891673,16
4972,2,28,5,16,-3.923277825320168,12
4973,20,15,85,8,-3.925425491644285,7
4974,27,54,39,32,-3.9257008066498833,22
4975,58,22,60,12,-3.934983120996658,10
4976,98,15,102,8,-3.939114797619031,7
4977,40,11,6,6,-3.9442678680230827,5
4978,43,19,35,10,-3.946831407739413,9
4979,65,61,28,35,-3.946950789839021,26
4980,104,11,67,6,-3.95056976239549,5
4981,93,24,74,13,-3.960101768879081,11
4982,96,15,78,9,-3.9616133541960434,6
4983,94,11,84,6,-3.968156665744442,5
4984,14,12,96,7,-3.975747798085754,5
4985,76,10,83,6,-3.979171756100493,4
4986,97,18,60,9,-3.9792005525226375,9
4987,69,29,41,18,-3.9797729258891983,11
4988,6,18,88,10,-3.9856102257236907,8
4989,3,12,106,7,-3.9869286680549827,5
4990,68,13,89,7,-3.9920034832972595,6
4991,14,12,112,6,-3.993235963114868,6
4992,100,18,9,11,-3.995326860016922,7
4993,86,24,47,14,-4.000877578594486,10
4994,112,16,31,10,-4.001730552260451,6
4995,71,33,30,18,-4.006253796204616,15
4996,31,12,66,7,-4.0087548725586535,5
4997,77,18,5,10,-4.010067732208507,8
4998,110,20,8,12,-4.013172679497405,8
4999,35,21,16,13,-4.016361918873652,8
5000,96,21,39,13,-4.016816457185763,8
5001,3,19,34,11,-4.018197174307542,8
5002,47,31,7,18,-4.025431088719288,13
5003,114,42,60,20,-4.029174933224298,22
5004,47,13,71,7,-4.030916530509354,6
5005,10,10,104,5,-4.031221485043642,5
5006,114,41,63,26,-4.037972989054352,15
5007,43,10,1,5,-4.03897671575872,5
5008,51,25,71,14,-4.0432752193478,11
5009,69,12,84,7,-4.046782427990888,5
5010,49,30,17,15,-4.049707497011166,15
5011,40,10,32,5,-4.050021677419869,5
5012,20,10,14,6,-4.051966837258037,4
5013,30,27,29,16,-4.052572066011694,11
5014,11,20,79,12,-4.052675901080834,8
5015,39,11,56,5,-4.06142915092174,6
5016,98,13,57,7,-4.061911842048279,6
5017,95,10,43,6,-4.0633983206079485,4
5018,38,12,20,8,-4.067291998076463,4
5019,78,43,13,24,-4.067422210231104,19
5020,18,38,28,20,-4.067881996028204,18
5021,31,68,7,38,-4.069172309295859,30
5022,46,21,95,12,-4.071848693893576,9
5023,109,48,16,28,-4.0745201581983626,20
5024,5,117,86,66,-4.074944655375777,51
5025,50,52,16,30,-4.077728865066029,22
5026,55,26,100,13,-4.083678379707881,13
5027,98,17,78,9,-4.084899624702041,8
5028,19,40,39,25,-4.086515444510746,15
5029,19,11,36,6,-4.0885902184216905,5
5030,51,51,17,27,-4.088673144397257,24
5031,39,17,80,9,-4.091599339844536,8
5032,54,33,104,18,-4.094488077381487,15
5033,35,24,20,14,-4.098728722002913,10
5034,60,33,78,18,-4.099027308208704,15
5035,93,20,83,11,-4.100880722204593,9
5036,86,146,16,85,-4.102924157952738,61
5037,63,30,97,17,-4.107378727934806,13
5038,19,46,100,26,-4.112454947141802,20
5039,2,12,7,7,-4.115660194227726,5
5040,54,38,55,20,-4.117783078696892,18
5041,87,23,58,13,-4.119284370275493,10
5042,41,35,60,18,-4.124791635334071,17
5043,50,15,83,7,-4.131296712002356,8
5044,106,51,107,28,-4.131711792879518,23
5045,77,35,86,20,-4.136062394176435,15
5046,20,11,71,7,-4.136430557393971,4
5047,51,66,54,37,-4.14069304603691,29
5048,71,47,53,27,-4.141303557057988,20
5049,3,18,58,11,-4.142010326983761,7
5050,65,49,23,26,-4.142109485382541,23
5051,77,21,55,12,-4.142542522610539,9
5052,95,12,100,6,-4.142851413596655,6
5053,73,13,20,8,-4.146065391689571,5
5054,76,18,84,10,-4.146116027740745,8
5055,17,12,99,7,-4.14837583337694,5
5056,84,60,28,34,-4.150279635735799,26
5057,84,24,27,13,-4.1560592219163555,11
5058,16,81,60,45,-4.163560927764607,36
5059,5,40,83,21,-4.1637099044245005,19
5060,15,49,57,27,-4.164396962864757,22
5061,96,24,60,16,-4.164982345638211,8
5062,23,53,107,29,-4.172486813229873,24
5063,25,27,23,15,-4.182190113226027,12
5064,1,36,13,22,-4.187998461115464,14
5065,103,12,112,7,-4.192929666832579,5
5066,29,26,51,14,-4.200611882951567,12
5067,74,18,108,11,-4.201041319943182,7
5068,107,45,76,28,-4.202504181872558,17
5069,3,18,103,9,-4.204198112236477,9
5070,36,56,65,32,-4.205692860728475,24
5071,87,28,90,16,-4.209781806456323,12
5072,109,43,51,27,-4.215905468463524,16
5073,63,20,17,11,-4.21709530073227,9
5074,18,19,4,11,-4.220670692754493,8
5075,100,29,28,17,-4.221129674472951,12
5076,16,37,97,20,-4.222715093786658,17
5077,44,11,71,6,-4.223524348839462,5
5078,38,21,9,12,-4.224156596688182,9
5079,104,11,29,6,-4.232469176091455,5
5080,109,12,71,7,-4.235965151087514,5
5081,71,44,16,26,-4.241804878716307,18
5082,34,14,106,7,-4.243674039664674,7
5083,72,10,6,5,-4.248570153213719,5
5084,18,11,94,6,-4.250781715158487,5
5085,50,55,87,30,-4.260657685212961,25
5086,63,32,100,17,-4.262978075872107,15
5087,107,30,91,18,-4.264126621091654,12
5088,7,13,12,7,-4.26484586719297,6
5089,55,15,29,9,-4.266015075713762,6
5090,11,34,15,20,-4.274425602895658,14
5091,8,29,78,17,-4.275327190654623,12
5092,15,20,114,11,-4.2831762689104504,9
5093,54,28,25,16,-4.300413553073274,12
5094,84,18,75,10,-4.30081159040195,8
5095,55,45,37,24,-4.301001080588835,21
5096,53,27,106,14,-4.302319600135899,13
5097,78,29,100,17,-4.3065041234398125,12
5098,8,10,31,6,-4.309099443279481,4
5099,90,13,76,8,-4.309550016746243,5
5100,17,23,97,13,-4.313428551304956,10
5101,98,27,104,13,-4.313899934387767,14
5102,88,53,11,31,-4.315288914266512,22
5103,71,14,70,7,-4.315612188206777,7
5104,40,22,4,12,-4.316643149060896,10
5105,77,15,112,10,-4.331879954372313,5
5106,41,19,95,11,-4.332143979792176,8
5107,22,12,60,7,-4.334241842742782,5
5108,3,29,11,17,-4.336087828492782,12
5109,13,40,12,26,-4.341371143569527,14
5110,76,10,12,5,-4.341891338463575,5
5111,48,20,34,11,-4.343261719849951,9
5112,65,29,70,18,-4.3439841796636145,11
5113,6,16,65,9,-4.346168811124812,7
5114,48,30,28,17,-4.353346769104993,13
5115,39,24,76,15,-4.35477451293687,9
5116,83,11,19,6,-4.359398192701051,5
5117,71,31,64,19,-4.35947313780117,12
5118,23,20,95,11,-4.361896262769259,9
5119,70,17,49,9,-4.364791676107711,8
5120,9,15,74,9,-4.36741522698094,6
5121,23,23,40,13,-4.36842332680331,10
5122,58,13,55,7,-4.369004483506263,6
5123,9,24,55,14,-4.371040618945101,10
5124,25,33,87,18,-4.379098196808543,15
5125,54,10,99,6,-4.3797228746123675,4
5126,49,36,87,19,-4.382569293954681,17
5127,64,12,12,7,-4.3938981464127,5
5128,2,22,16,13,-4.395353237879596,9
5129,108,14,71,8,-4.402422140240547,6
5130,109,43,88,26,-4.409029007848903,17
5131,81,36,86,23,-4.413702097160582,13
5132,64,24,50,13,-4.415510499418938,11
5133,53,64,7,36,-4.416213736910661,28
5134,23,17,29,9,-4.418393467914156,8
5135,87,29,71,16,-4.418670539958073,13
5136,13,30,99,17,-4.420966828834257,13
5137,20,14,23,8,-4.42777867543601,6
5138,3,35,65,21,-4.4295097081626285,14
5139,109,15,95,9,-4.444131433700797,6
5140,19,14,50,8,-4.445333605009822,6
5141,16,44,95,24,-4.453378575583385,20
5142,73,12,50,8,-4.454782630059153,4
5143,97,11,77,7,-4.454901155383999,4
5144,32,18,37,10,-4.466542082918519,8
5145,25,31,96,17,-4.472832877552798,14
5146,3,26,62,15,-4.473036771828815,11
5147,107,33,95,18,-4.475609109265347,15
5148,8,12,56,7,-4.475636615156397,5
5149,64,46,7,25,-4.4812400569888355,21
5150,40,50,65,28,-4.488092661947341,22
5151,37,15,93,9,-4.4934456656390305,6
5152,39,21,58,12,-4.494576390875354,9
5153,60,47,55,26,-4.496007919155315,21
5154,46,68,13,40,-4.4975404191418,28
5155,69,12,76,8,-4.499300236532236,4
5156,87,41,23,24,-4.512300706037801,17
5157,93,16,20,8,-4.515352163146577,8
5158,112,18,49,10,-4.517911222226065,8
5159,50,23,74,13,-4.520207268757788,10
5160,60,17,61,9,-4.5273940858246595,8
5161,48,19,13,11,-4.529838045170984,8
5162,28,71,50,41,-4.530365152854882,30
5163,75,23,106,12,-4.532198108241345,11
5164,15,18,99,11,-4.551461310618722,7
5165,46,15,83,8,-4.551826612706302,7
5166,23,15,70,8,-4.554568026577778,7
5167,5,18,43,10,-4.5592775438308895,8
5168,104,16,99,8,-4.562749239239297,8
5169,95,14,99,8,-4.572737764013027,6
5170,58,23,7,12,-4.575034525669345,11
5171,65,16,99,9,-4.579704538683142,7
5172,71,25,28,15,-4.584215619303487,10
5173,54,26,78,15,-4.592600537057518,11
5174,96,32,50,18,-4.592653394244437,14
5175,58,11,27,6,-4.5994976626736825,5
5176,60,19,108,11,-4.601423271346142,8
5177,18,15,38,8,-4.607415756411176,7
5178,86,72,37,40,-4.607837359690986,32
5179,96,21,13,12,-4.608058597276483,9
5180,57,11,74,6,-4.613445177041254,5
5181,68,20,85,13,-4.615895850726343,7
5182,40,10,72,6,-4.6161082317709115,4
5183,88,37,100,22,-4.625717286575203,15
5184,92,15,51,8,-4.63031933752528,7
5185,89,13,65,7,-4.632113459581728,6
5186,110,15,106,8,-4.633960085739299,7
5187,25,22,60,12,-4.636282806493915,10
5188,107,115,87,66,-4.636961156879717,49
5189,109,19,73,11,-4.637139105733963,8
5190,69,11,80,6,-4.638884395252677,5
5191,25,13,48,7,-4.641698897655362,6
5192,13,14,73,8,-4.6427133386229835,6
5193,96,39,63,24,-4.649023449526139,15
5194,1,16,15,10,-4.6493508409190305,6
5195,79,13,27,7,-4.65158326253367,6
5196,47,15,25,8,-4.655390231832644,7
5197,38,19,109,12,-4.668016203688245,7
5198,17,15,98,8,-4.682891635652736,7
5199,39,51,40,30,-4.685059105758994,21
5200,5,16,71,9,-4.686451238703376,7
5201,84,36,16,21,-4.697024903080797,15
5202,103,16,43,10,-4.701447170954383,6
5203,46,23,20,15,-4.708713070266484,8
5204,75,14,15,9,-4.7291616067808215,5
5205,46,11,6,6,-4.730994669309113,5
5206,55,82,13,47,-4.733958835671246,35
5207,30,23,34,13,-4.738526825697685,10
5208,41,42,87,24,-4.740822182406319,18
5209,7,107,16,60,-4.744562074788692,47
5210,77,16,25,9,-4.745845616411638,7
5211,5,30,90,18,-4.752640516818982,12
5212,50,23,7,13,-4.754905099968965,10
5213,50,16,93,10,-4.755526241513055,6
5214,79,12,55,7,-4.763372141256467,5
5215,60,23,76,15,-4.763967746356448,8
5216,57,38,87,22,-4.765071720806053,16
5217,94,16,55,9,-4.767452995148862,7
5218,31,15,12,8,-4.770632464521183,7
5219,70,13,90,7,-4.771084444295363,6
5220,37,10,9,6,-4.7723167368365935,4
5221,23,14,33,8,-4.772846471482118,6
5222,108,17,30,10,-4.777036339137378,7
5223,5,12,9,7,-4.777710715122403,5
5224,81,25,15,14,-4.783657780343267,11
5225,87,22,72,12,-4.7870712017642,10
5226,5,33,76,19,-4.788314400539968,14
5227,76,24,97,13,-4.7891970450006545,11
5228,1,17,9,8,-4.79405950293998,9
5229,20,13,52,8,-4.795236183864801,5
5230,25,11,111,6,-4.797175922879397,5
5231,88,14,34,8,-4.799596567728285,6
5232,96,22,75,15,-4.80138149231193,7
5233,56,11,16,7,-4.802141402722699,4
5234,12,16,1,9,-4.804302234326598,7
5235,88,44,75,26,-4.804702938088101,18
5236,106,25,2,14,-4.808494527305082,11
5237,106,12,6,7,-4.810944704219048,5
5238,85,11,74,6,-4.812388004493803,5
5239,65,112,16,64,-4.817496389223386,48
5240,54,15,14,10,-4.820525855929131,5
5241,25,19,31,10,-4.823839301099763,9
5242,9,47,65,28,-4.82612869570304,19
5243,67,15,8,9,-4.8319098461555825,6
5244,109,17,94,9,-4.83756516721433,8
5245,64,20,83,11,-4.840996077098241,9
5246,87,19,6,11,-4.8434411334318215,8
5247,83,17,39,10,-4.845386042652696,7
5248,32,12,97,7,-4.851459349576838,5
5249,114,11,77,6,-4.854209160918299,5
5250,107,38,58,23,-4.857008495705362,15
5251,112,31,100,17,-4.858414274039212,14
5252,3,24,81,14,-4.860040341211914,10
5253,107,12,52,8,-4.8612628499818085,4
5254,89,10,5,7,-4.862465640901751,3
5255,106,54,37,29,-4.865641247327304,25
5256,1,11,29,7,-4.8669345755887905,4
5257,79,20,13,12,-4.869950872786804,8
5258,57,26,88,14,-4.87081224887015,12
5259,84,17,100,11,-4.876415167032029,6
5260,88,44,23,27,-4.876485476342165,17
5261,95,11,69,7,-4.882909765417962,4
5262,19,53,30,31,-4.884651595572228,22
5263,72,12,20,7,-4.886775559464287,5
5264,57,10,12,6,-4.887217524526499,4
5265,46,11,27,7,-4.887638683251711,4
5266,101,10,39,6,-4.8897412781033625,4
5267,51,47,75,26,-4.890410363576285,21
5268,77,16,23,9,-4.892331871891682,7
5269,29,15,9,9,-4.900194767905049,6
5270,87,39,95,22,-4.900981782159268,17
5271,77,43,13,25,-4.906794574928388,18
5272,28,12,38,6,-4.907164394244693,6
5273,29,11,18,7,-4.9072911901611045,4
5274,100,14,47,8,-4.909302114786421,6
5275,106,56,74,32,-4.924754963776778,24
5276,107,77,100,41,-4.925676488158578,36
5277,36,40,86,23,-4.927433251240003,17
5278,9,22,114,15,-4.931319071415344,7
5279,9,18,62,10,-4.931496627802285,8
5280,51,72,100,38,-4.9400020259394655,34
5281,71,11,49,6,-4.9409457894604065,5
5282,28,27,93,17,-4.941127481170006,10
5283,78,15,40,10,-4.942465399220729,5
5284,81,23,39,14,-4.943832581007466,9
5285,106,29,80,17,-4.946009667025365,12
5286,18,14,76,8,-4.948055179076069,6
5287,68,19,56,10,-4.94813216675333,9
5288,100,12,20,7,-4.948684351907288,5
5289,41,33,64,20,-4.951397157092104,13
5290,64,10,85,6,-4.962701184974939,4
5291,90,23,96,14,-4.963939687748077,9
5292,114,21,27,12,-4.967571693509977,9
5293,23,11,98,6,-4.9699651611390046,5
5294,44,10,80,5,-4.973541413806909,5
5295,55,34,80,18,-4.987967529735274,16
5296,94,19,63,11,-4.988953899876624,8
5297,31,23,50,13,-4.991999785997781,10
5298,71,15,74,8,-4.993812181109021,7
5299,60,47,30,30,-4.996202188281949,17
5300,106,41,7,21,-5.003800212982272,20
5301,34,25,100,13,-5.004456878240621,12
5302,5,26,93,16,-5.004460526821323,10
5303,79,32,86,19,-5.00488592427506,13
5304,83,13,102,8,-5.00532757458448,5
5305,72,24,85,15,-5.005644721261355,9
5306,43,35,39,19,-5.006459842543772,16
5307,43,16,12,10,-5.010092621024878,6
5308,94,17,112,11,-5.010192110959217,6
5309,19,24,62,15,-5.013702275619898,9
5310,51,30,108,17,-5.01698524145716,13
5311,64,49,13,26,-5.0266998971793155,23
5312,87,36,94,20,-5.028702412089721,16
5313,34,12,112,7,-5.029259987635688,5
5314,41,24,20,13,-5.0314400771852865,11
5315,84,18,43,10,-5.034570350714231,8
5316,38,31,39,18,-5.039769505176328,13
5317,85,15,63,8,-5.044437930195333,7
5318,12,14,72,9,-5.047489716591506,5
5319,75,20,95,12,-5.050260152484932,8
5320,10,16,7,9,-5.060407065651959,7
5321,61,10,41,6,-5.060781095904467,4
5322,100,38,104,22,-5.075921827905522,16
5323,54,63,63,37,-5.076984855158649,26
5324,28,16,47,9,-5.079195021327367,7
5325,64,23,3,13,-5.079848362911409,10
5326,20,10,32,7,-5.08216341529211,3
5327,65,23,90,12,-5.084911236528136,11
5328,12,20,19,10,-5.089413587728009,10
5329,33,14,49,9,-5.095253781724579,5
5330,108,13,28,7,-5.102919930198643,6
5331,70,23,55,13,-5.1032220329288345,10
5332,54,30,9,17,-5.1065751437855,13
5333,1,10,30,6,-5.107240382060612,4
5334,4,18,75,11,-5.1124286444655915,7
5335,33,14,64,9,-5.132334361355248,5
5336,58,30,40,16,-5.133397385337809,14
5337,77,25,107,14,-5.133888332698846,11
5338,3,21,36,13,-5.136055944816986,8
5339,8,17,72,9,-5.13781996064983,8
5340,49,48,27,28,-5.1421479817942535,20
5341,97,13,11,7,-5.149154391162877,6
5342,9,24,106,14,-5.150083731218861,10
5343,60,57,39,32,-5.152802282703848,25
5344,28,16,35,8,-5.1531236605423,8
5345,5,12,67,7,-5.159840528973067,5
5346,93,13,98,7,-5.16002306712359,6
5347,56,11,91,6,-5.160182814393273,5
5348,96,29,65,16,-5.165027076154162,13
5349,104,58,86,33,-5.175649699323349,25
5350,97,17,75,10,-5.183439015487436,7
5351,43,14,23,8,-5.189120753246301,6
5352,71,10,6,6,-5.19369227829273,4
5353,113,13,40,8,-5.193726392686624,5
5354,80,18,104,10,-5.194103195079233,8
5355,39,25,46,12,-5.196853389468722,13
5356,8,26,64,16,-5.197739409340508,10
5357,49,27,78,15,-5.19822420135013,12
5358,53,36,16,22,-5.201094174764714,14
5359,43,21,63,12,-5.2076884486347055,9
5360,109,22,50,13,-5.207842202449344,9
5361,100,79,16,47,-5.211034078416431,32
5362,91,12,33,6,-5.213867650447791,6
5363,81,17,19,10,-5.218113087589113,7
5364,37,22,40,12,-5.218981261850287,10
5365,88,101,7,58,-5.220134457500581,43
5366,49,27,54,15,-5.2221669490494795,12
5367,106,54,54,29,-5.222938310920249,25
5368,39,23,92,12,-5.223931097826438,11
5369,5,11,35,6,-5.226534281744142,5
5370,23,12,9,7,-5.231512665759891,5
5371,25,21,91,12,-5.23677892954369,9
5372,16,14,52,8,-5.238731564661997,6
5373,40,26,25,15,-5.242222631716463,11
5374,65,21,72,12,-5.252570868054741,9
5375,65,14,85,8,-5.254482148208554,6
5376,31,11,35,6,-5.255104723881262,5
5377,78,13,38,8,-5.257855955824042,5
5378,1,11,34,8,-5.259854618241473,3
5379,104,67,107,39,-5.260319067961476,28
5380,75,55,86,30,-5.26427494208678,25
5381,92,11,28,7,-5.266199037582341,4
5382,86,87,11,50,-5.273960435375777,37
5383,50,42,104,25,-5.274159989604433,17
5384,37,61,87,36,-5.276652153242825,25
5385,87,15,45,9,-5.278722468966395,6
5386,62,23,13,13,-5.279557581763118,10
5387,88,11,56,6,-5.280224334897691,5
5388,66,17,63,10,-5.284182240989782,7
5389,109,13,62,6,-5.284405260681885,7
5390,27,50,100,28,-5.287624363758568,22
5391,28,19,14,12,-5.2887953454841945,7
5392,86,21,99,13,-5.291638236148403,8
5393,87,15,10,9,-5.299026363997258,6
5394,81,14,77,8,-5.303602497121746,6
5395,47,13,58,8,-5.30548176696703,5
5396,98,13,3,6,-5.306424260089196,7
5397,3,28,41,19,-5.308183069174531,9
5398,61,15,86,9,-5.3141256002493495,6
5399,19,19,38,13,-5.315551758814999,6
5400,3,40,7,24,-5.3159543510502685,16
5401,102,14,97,9,-5.335160623731844,5
5402,62,19,7,11,-5.339510147514966,8
5403,109,26,43,16,-5.342025656363839,10
5404,53,53,68,31,-5.342360173932808,22
5405,63,47,37,28,-5.351566239537104,19
5406,96,12,15,7,-5.353611172107395,5
5407,30,26,50,15,-5.354360679381177,11
5408,65,15,81,9,-5.355649781765625,6
5409,97,35,7,19,-5.356987360153851,16
5410,98,18,27,10,-5.36449815571211,8
5411,87,71,8,41,-5.367678061923828,30
5412,39,36,84,20,-5.3696744868149775,16
5413,18,25,15,15,-5.370261713586336,10
5414,103,16,65,10,-5.377768524309904,6
5415,109,22,100,14,-5.379853421224184,8
5416,68,38,54,23,-5.38244711210709,15
5417,51,31,49,18,-5.385702050111725,13
5418,86,40,64,23,-5.391204217901306,17
5419,33,20,8,12,-5.397787705463012,8
5420,58,11,4,7,-5.405037105567146,4
5421,19,32,11,20,-5.420057417715362,12
5422,76,27,98,16,-5.421334528995662,11
5423,25,38,104,21,-5.42238345531963,17
5424,63,33,104,19,-5.4225005902868935,14
5425,3,59,27,34,-5.425882645309908,25
5426,107,128,16,79,-5.431518804017521,49
5427,69,13,42,7,-5.432900919803644,6
5428,68,29,71,18,-5.435653336862234,11
5429,84,25,85,16,-5.43974367052044,9
5430,71,43,75,27,-5.454468163058883,16
5431,76,14,71,7,-5.456476326439049,7
5432,50,13,57,8,-5.460704285123115,5
5433,51,31,5,20,-5.465657211287607,11
5434,74,13,31,8,-5.468299370651384,5
5435,25,22,100,12,-5.476003695191371,10
5436,89,14,51,8,-5.490983680492761,6
5437,55,27,111,16,-5.4926637972483014,11
5438,102,10,67,6,-5.497246561771841,4
5439,69,28,58,15,-5.500786187625171,13
5440,64,15,44,9,-5.503275136525506,6
5441,40,13,2,8,-5.504797437287729,5
5442,19,14,40,9,-5.507682773045995,5
5443,109,13,32,7,-5.508051897308618,6
5444,81,10,80,5,-5.509744831821596,5
5445,83,19,95,12,-5.510188596504647,7
5446,65,23,45,12,-5.510611418282089,11
5447,65,55,27,33,-5.511757537656285,22
5448,57,17,30,10,-5.519917929042004,7
5449,7,33,28,20,-5.522079859732704,13
5450,77,15,74,9,-5.523098396212753,6
5451,102,11,64,7,-5.525256448935202,4
5452,86,56,27,33,-5.536809223154122,23
5453,23,21,64,12,-5.5388775759536575,9
5454,2,22,20,13,-5.544865436021075,9
5455,75,42,18,24,-5.546579166688544,18
5456,84,18,25,11,-5.5466876181289715,7
5457,31,53,36,30,-5.548564460468652,23
5458,25,41,8,25,-5.550067480025435,16
5459,54,16,69,9,-5.552096999235808,7
5460,46,44,8,24,-5.553053726096312,20
5461,4,11,46,6,-5.55622187464566,5
5462,95,30,13,17,-5.556983808516705,13
5463,40,72,13,41,-5.55717975004481,31
5464,95,10,31,6,-5.5581891593402775,4
5465,20,63,107,36,-5.562332766197254,27
5466,88,98,86,57,-5.562390170991595,41
5467,38,23,7,13,-5.575438881033769,10
5468,44,22,20,13,-5.576158683247875,9
5469,86,38,69,22,-5.57780243243977,16
5470,88,14,14,8,-5.580858903619988,6
5471,53,13,89,7,-5.581720835788214,6
5472,51,49,104,31,-5.5898408722731645,18
5473,96,38,20,23,-5.5910643603065,15
5474,64,17,80,9,-5.593698551425535,8
5475,10,11,23,6,-5.611414438981714,5
5476,60,13,72,8,-5.611432015329073,5
5477,91,26,68,14,-5.6194663727720915,12
5478,50,26,95,15,-5.619957219349124,11
5479,54,42,13,25,-5.620345999055131,17
5480,84,24,9,14,-5.622843694169617,10
5481,5,10,19,6,-5.6233787755961275,4
5482,17,21,5,14,-5.625033929201381,7
5483,73,28,86,15,-5.62531345595925,13
5484,20,16,78,9,-5.6294679305494935,7
5485,6,11,15,7,-5.630932126309074,4
5486,103,16,15,9,-5.63230736555337,7
5487,9,43,75,26,-5.632694127818325,17
5488,46,16,109,9,-5.636528034552768,7
5489,74,23,73,14,-5.649045009007229,9
5490,97,13,39,8,-5.649731064357227,5
5491,97,10,4,6,-5.649870700339136,4
5492,16,44,20,28,-5.653886889078911,16
5493,75,31,46,18,-5.654705399493304,13
5494,82,11,54,7,-5.66427830231393,4
5495,99,31,16,18,-5.66581833704302,13
5496,37,39,75,25,-5.670197882049106,14
5497,25,10,94,5,-5.671887186214519,5
5498,13,37,63,21,-5.677540897301028,16
5499,95,10,102,6,-5.68531996234082,4
5500,9,37,28,20,-5.685359581946876,17
5501,114,17,76,11,-5.686109810518627,6
5502,40,21,35,13,-5.689140213576859,8
5503,5,46,106,28,-5.689619439430468,18
5504,32,10,70,5,-5.692479372096212,5
5505,62,17,53,10,-5.701449545318568,7
5506,65,37,64,21,-5.704413748738565,16
5507,72,23,54,14,-5.711828677342125,9
5508,12,16,69,8,-5.715951067980107,8
5509,51,26,25,15,-5.726135112848949,11
5510,9,14,45,9,-5.727853500458989,5
5511,25,48,13,26,-5.729332953997916,22
5512,47,31,107,18,-5.730039668040247,13
5513,90,34,54,20,-5.736974886712374,14
5514,106,42,25,26,-5.737688222420908,16
5515,114,25,100,15,-5.743860264273012,10
5516,77,12,36,7,-5.751140829309579,5
5517,47,13,23,8,-5.7551420632928085,5
5518,53,13,58,6,-5.756559382638664,7
5519,68,15,80,9,-5.759836210772863,6
5520,65,59,30,35,-5.762519510174729,24
5521,54,10,61,6,-5.763750710129652,4
5522,50,17,15,10,-5.769945271210999,7
5523,60,45,23,27,-5.772794691627649,18
5524,15,20,47,11,-5.77631526354168,9
5525,81,16,104,8,-5.786821230718981,8
5526,11,19,62,11,-5.7893692476300584,8
5527,19,13,48,7,-5.7924314405881985,6
5528,31,19,91,12,-5.801858258461768,7
5529,106,11,10,8,-5.803672894932928,3
5530,98,19,8,12,-5.806615359942182,7
5531,20,13,79,8,-5.810117746469,5
5532,85,13,19,8,-5.818975421540376,5
5533,5,16,40,9,-5.82052725169565,7
5534,3,51,16,31,-5.834346763807353,20
5535,66,13,88,8,-5.83875237321326,5
5536,69,40,13,24,-5.8433632929084185,16
5537,65,10,108,5,-5.847992745343311,5
5538,14,17,65,9,-5.8502735629953175,8
5539,79,12,80,6,-5.851472407179256,6
5540,112,21,7,13,-5.863389950487481,8
5541,7,17,34,10,-5.863504951401834,7
5542,76,17,34,9,-5.865641989407286,8
5543,95,36,54,20,-5.865979569344108,16
5544,15,32,60,18,-5.866410164624054,14
5545,19,50,87,30,-5.875904223711482,20
5546,31,12,28,7,-5.87633787823225,5
5547,16,71,30,43,-5.881090287787539,28
5548,36,12,46,7,-5.88209418081934,5
5549,74,22,102,13,-5.882481039476403,9
5550,108,17,75,10,-5.88550634585497,7
5551,43,16,17,9,-5.888801333071093,7
5552,3,11,37,6,-5.889738338475411,5
5553,84,34,74,18,-5.89139952158172,16
5554,68,15,101,10,-5.891939886749793,5
5555,91,16,51,10,-5.8958428007861405,6
5556,107,59,75,39,-5.896729059645905,20
5557,57,27,84,14,-5.910397185802948,13
5558,65,82,104,47,-5.912154582043186,35
5559,30,13,17,7,-5.91447305541631,6
5560,7,23,78,12,-5.919551023484503,11
5561,93,14,75,8,-5.9232430439307135,6
5562,114,20,73,12,-5.924435121305104,8
5563,104,26,53,15,-5.936620222245527,11
5564,38,28,16,19,-5.939629377317461,9
5565,17,48,16,31,-5.940232340982311,17
5566,53,15,28,9,-5.945744364633271,6
5567,76,31,28,17,-5.950271226300689,14
5568,10,12,97,6,-5.950831581917707,6
5569,102,25,11,14,-5.954662394051191,11
5570,87,36,76,22,-5.961685886360439,14
5571,29,34,39,18,-5.966090049954571,16
5572,40,18,97,11,-5.966918416140385,7
5573,81,16,47,10,-5.967835030110958,6
5574,18,20,64,12,-5.974775055211904,8
5575,8,96,16,58,-5.979899774107107,38
5576,37,17,94,10,-5.981553616214368,7
5577,77,25,3,14,-5.98288839075645,11
5578,84,20,98,13,-5.9888897315784195,7
5579,31,25,114,14,-5.9918765203954925,11
5580,54,21,94,12,-6.000772945562409,9
5581,98,11,112,7,-6.005421104961223,4
5582,19,34,29,21,-6.006279537520524,13
5583,8,33,34,20,-6.006661745556504,13
5584,35,18,27,11,-6.016767935838185,7
5585,48,15,29,9,-6.020141509256062,6
5586,17,17,103,11,-6.022913063656272,6
5587,37,24,98,14,-6.023716027404387,10
5588,51,46,78,25,-6.027505517364009,21
5589,50,17,91,11,-6.027790824025908,6
5590,68,10,26,6,-6.030745942778486,4
5591,31,31,75,17,-6.03348213428737,14
5592,98,24,7,15,-6.033686003781978,9
5593,32,16,8,9,-6.041444852098721,7
5594,88,18,76,10,-6.043471817882156,8
5595,93,15,70,9,-6.04469500542117,6
5596,112,30,53,16,-6.0449768388221905,14
5597,18,24,63,15,-6.046455003215171,9
5598,41,27,23,16,-6.068042449918635,11
5599,88,64,65,40,-6.068722517026162,24
5600,102,13,23,7,-6.080684731147943,6
5601,107,23,111,12,-6.08814286411973,11
5602,108,14,96,8,-6.092516088942793,6
5603,47,11,54,6,-6.095812400128514,5
5604,57,25,3,15,-6.0966839928023155,10
5605,69,16,62,9,-6.0981418118710495,7
5606,15,12,84,7,-6.09892148672844,5
5607,10,13,16,8,-6.102410867550437,5
5608,7,12,90,7,-6.108519045195329,5
5609,31,13,81,9,-6.1171597913254026,4
5610,50,18,3,10,-6.122691253496958,8
5611,88,35,25,23,-6.12387967695023,12
5612,65,29,49,17,-6.132432657786819,12
5613,97,20,41,12,-6.148946376824951,8
5614,68,48,114,28,-6.151577271829135,20
5615,7,32,100,19,-6.153012622391109,13
5616,103,12,18,8,-6.156389570504274,4
5617,47,27,75,18,-6.156969718274411,9
5618,81,11,50,6,-6.158903696641065,5
5619,100,25,23,15,-6.160200190912259,10
5620,36,47,13,29,-6.167141158071527,18
5621,107,18,89,11,-6.170428149811347,7
5622,93,10,80,5,-6.175234905241036,5
5623,71,12,91,7,-6.18747414228945,5
5624,97,26,87,17,-6.190868250218131,9
5625,48,18,50,11,-6.197823593871153,7
5626,2,28,63,16,-6.200018491851487,12
5627,20,49,65,31,-6.200424954113156,18
5628,37,21,41,13,-6.201755384784584,8
5629,70,28,74,15,-6.203999405338755,13
5630,12,14,63,7,-6.204748395941869,7
5631,84,15,35,9,-6.209299301194262,6
5632,70,24,114,15,-6.214622620602992,9
5633,91,42,16,27,-6.227187272730331,15
5634,94,10,95,5,-6.229015093991725,5
5635,5,48,114,28,-6.237633533478722,20
5636,12,15,74,9,-6.2521595478777305,6
5637,55,65,107,38,-6.2629651896189,27
5638,107,58,30,35,-6.265220866431884,23
5639,95,12,15,7,-6.265255655621161,5
5640,5,45,20,28,-6.270373633442783,17
5641,4,21,86,13,-6.2794844995496994,8
5642,93,14,29,8,-6.281843189307091,6
5643,72,15,50,9,-6.282212191469299,6
5644,4,15,12,10,-6.285579029533407,5
5645,35,28,107,18,-6.28648605209851,10
5646,68,68,40,42,-6.288399173895767,26
5647,102,36,28,21,-6.294379170221602,15
5648,97,55,86,32,-6.295568946747488,23
5649,8,16,43,9,-6.2973312547824625,7
5650,53,48,107,29,-6.300738049492764,19
5651,98,18,70,12,-6.319051319272617,6
5652,51,37,77,21,-6.323702748298249,16
5653,55,12,89,7,-6.335775873531147,5
5654,96,17,85,12,-6.345069391274802,5
5655,27,13,92,7,-6.356396578041118,6
5656,62,16,30,9,-6.359003401599691,7
5657,43,19,64,11,-6.3596171770522805,8
5658,56,21,7,12,-6.361794853449643,9
5659,46,24,7,16,-6.362046113103759,8
5660,65,63,55,37,-6.3684891116276825,26
5661,102,15,33,9,-6.371524301983965,6
5662,17,18,72,11,-6.374145428769879,7
5663,27,16,28,11,-6.382931621067471,5
5664,96,13,33,6,-6.392035038140809,7
5665,37,20,80,12,-6.401050818487372,8
5666,54,18,91,10,-6.414686940093467,8
5667,23,10,61,6,-6.419517618014351,4
5668,80,23,96,14,-6.423400971659429,9
5669,100,21,75,11,-6.426877840881264,10
5670,94,18,69,11,-6.432434124144747,7
5671,87,111,16,67,-6.443351580850934,44
5672,33,16,68,10,-6.451134609706938,6
5673,28,10,6,6,-6.452419128804086,4
5674,18,23,50,13,-6.452668500546503,10
5675,91,20,8,12,-6.453847873736644,8
5676,10,15,11,9,-6.454288934219365,6
5677,57,19,97,11,-6.465009515620628,8
5678,15,12,35,6,-6.467296765301491,6
5679,74,14,89,8,-6.468908820916452,6
5680,68,11,98,7,-6.4699276959750645,4
5681,77,24,12,14,-6.470174604893745,10
5682,9,20,70,13,-6.477071321597405,7
5683,55,29,74,17,-6.503619546467788,12
5684,79,15,76,10,-6.514592595269537,5
5685,66,20,60,13,-6.515171561917162,7
5686,91,14,15,7,-6.516506116971919,7
5687,38,12,102,9,-6.529266346603463,3
5688,80,13,91,8,-6.531108694088673,5
5689,34,14,94,8,-6.5316475345754,6
5690,13,48,81,30,-6.534046463710123,18
5691,57,11,49,6,-6.545795026371636,5
5692,112,16,58,9,-6.546457957272807,7
5693,23,32,106,17,-6.5490553960891695,15
5694,19,22,64,15,-6.56099923334209,7
5695,50,17,78,11,-6.562139985257883,6
5696,30,15,112,10,-6.562692428407148,5
5697,63,31,75,18,-6.570041946714375,13
5698,114,26,53,15,-6.571088082289226,11
5699,60,33,49,20,-6.5716085183615585,13
5700,101,11,27,7,-6.582303845846212,4
5701,67,16,34,8,-6.586851367561421,8
5702,3,33,49,19,-6.592008597219499,14
5703,79,20,30,13,-6.592079457136293,7
5704,63,31,64,18,-6.595351994440166,13
5705,90,14,41,8,-6.5967648052143675,6
5706,35,25,11,15,-6.6098986532599575,10
5707,29,15,70,8,-6.612089427667156,7
5708,64,18,70,12,-6.615054052504187,6
5709,77,12,102,7,-6.618078815941928,5
5710,30,14,23,8,-6.618468991829209,6
5711,68,21,20,12,-6.619136630374986,9
5712,38,17,12,10,-6.62024917402118,7
5713,5,48,25,29,-6.626414170343123,19
5714,13,43,47,26,-6.630254291387857,17
5715,37,22,39,13,-6.632156694863052,9
5716,77,29,49,19,-6.634323972200785,10
5717,65,30,4,18,-6.635600395573753,12
5718,17,38,86,21,-6.641619574926921,17
5719,5,26,32,16,-6.6474470604519045,10
5720,63,59,8,34,-6.653552632837189,25
5721,37,19,71,11,-6.65399605348867,8
5722,71,11,83,6,-6.6562053803338666,5
5723,80,13,19,8,-6.6570365011750905,5
5724,54,20,85,13,-6.664179187550933,7
5725,86,34,34,20,-6.6743605007457365,14
5726,68,31,23,17,-6.676959480055365,14
5727,98,24,11,14,-6.689063597940291,10
5728,28,54,104,32,-6.697414309723438,22
5729,106,11,111,8,-6.697425895741327,3
5730,23,25,63,16,-6.701335055503609,9
5731,38,11,108,7,-6.702463242169256,4
5732,74,15,83,8,-6.703298030488857,7
5733,97,35,28,22,-6.716635909782018,13
5734,32,10,65,6,-6.718474357729474,4
5735,95,13,14,8,-6.731405281187272,5
5736,96,38,74,24,-6.731828732252354,14
5737,69,20,15,13,-6.736896270525392,7
5738,48,26,84,16,-6.740791105108492,10
5739,19,16,104,10,-6.7421717924971425,6
5740,74,23,100,14,-6.742923050259367,9
5741,68,13,45,8,-6.747691137383073,5
5742,71,10,94,6,-6.748460655059317,4
5743,109,27,63,15,-6.749986635160669,12
5744,50,17,33,10,-6.750798742645295,7
5745,8,39,13,24,-6.751757053519926,15
5746,96,82,86,50,-6.757041595559337,32
5747,63,63,51,35,-6.773843003389744,28
5748,42,10,8,5,-6.78054178477664,5
5749,87,29,80,18,-6.787984537789167,11
5750,38,14,2,8,-6.792448237787324,6
5751,31,10,55,6,-6.798197972656263,4
5752,49,16,28,9,-6.8012848235530035,7
5753,13,50,71,29,-6.804323620324037,21
5754,102,22,50,12,-6.80991941483062,10
5755,9,32,8,17,-6.810878783728156,15
5756,51,101,39,61,-6.8132830847231824,40
5757,4,13,56,7,-6.816273515879698,6
5758,31,69,68,41,-6.8216343585610195,28
5759,65,14,79,8,-6.821859416038812,6
5760,106,25,95,16,-6.830338155584793,9
5761,29,15,20,9,-6.832826874702706,6
5762,51,28,62,17,-6.837263314130047,11
5763,72,13,30,8,-6.847644213705808,5
5764,51,99,7,62,-6.849475435937795,37
5765,37,25,30,16,-6.853302921187577,9
5766,68,36,11,21,-6.85543924100114,15
5767,86,47,41,30,-6.858675087687564,17
5768,4,43,60,24,-6.864343045215706,19
5769,69,19,29,11,-6.87026975866342,8
5770,38,12,34,8,-6.8714448233593854,4
5771,108,17,19,10,-6.881086420926002,7
5772,99,15,106,10,-6.882359612487446,5
5773,15,28,29,17,-6.882712695666244,11
5774,112,17,18,11,-6.887267609994753,6
5775,67,13,88,9,-6.891493842154355,4
5776,87,80,13,50,-6.899678334949694,30
5777,62,33,107,18,-6.9022637475512845,15
5778,68,21,58,13,-6.90465268486649,8
5779,29,17,28,10,-6.905526522456792,7
5780,37,36,13,22,-6.914764249585317,14
5781,70,59,54,36,-6.915280708611422,23
5782,88,12,99,7,-6.939131232028662,5
5783,50,33,60,18,-6.944865376684973,15
5784,88,20,58,12,-6.951724289335951,8
5785,51,25,4,16,-6.952578906103856,9
5786,55,30,109,16,-6.952801077513018,14
5787,63,20,90,12,-6.95733483322538,8
5788,104,18,32,12,-6.959225086389547,6
5789,39,15,111,9,-6.9608600117118025,6
5790,87,22,102,14,-6.961827622477071,8
5791,36,34,16,21,-6.96230955324868,13
5792,97,23,18,14,-6.965163575719862,9
5793,68,22,29,14,-6.975698761703106,8
5794,103,21,13,14,-6.977895728155675,7
5795,43,22,57,15,-6.979538883847623,7
5796,30,30,53,18,-6.98498975026545,12
5797,55,20,17,11,-6.987444025974705,9
5798,13,23,111,13,-6.988942249892523,10
5799,5,15,62,9,-6.9927087595973925,6
5800,87,21,4,14,-6.993636995986407,7
5801,54,14,79,9,-6.993661154009002,5
5802,57,33,8,21,-6.998719542214547,12
5803,54,26,93,17,-7.002072182522708,9
5804,69,13,40,9,-7.006717860168283,4
5805,102,26,100,17,-7.010528546414991,9
5806,38,25,63,17,-7.013791456544737,8
5807,87,59,100,34,-7.015018003782934,25
5808,53,27,87,15,-7.0226395127694765,12
5809,87,59,68,36,-7.025146503692478,23
5810,40,15,95,9,-7.026458120737084,6
5811,43,10,80,6,-7.031005677454656,4
5812,48,15,76,10,-7.031929988428476,5
5813,27,19,37,12,-7.034792767414986,7
5814,60,18,94,11,-7.03515997246868,7
5815,114,11,72,6,-7.039741382461142,5
5816,97,25,55,16,-7.041738062020974,9
5817,51,112,86,65,-7.045124405985645,47
5818,73,16,65,10,-7.056062739811477,6
5819,36,18,99,12,-7.061516094995873,6
5820,63,27,98,16,-7.061533653908025,11
5821,53,10,85,7,-7.0781457464371815,3
5822,70,35,28,21,-7.078735797739843,14
5823,3,27,104,17,-7.086280408507764,10
5824,86,44,43,27,-7.088505715477101,17
5825,64,26,30,16,-7.0955835601535755,10
5826,17,14,38,8,-7.099034060595349,6
5827,45,10,1,6,-7.100044646871247,4
5828,54,32,100,20,-7.10626505268504,12
5829,7,33,45,20,-7.114147641228475,13
5830,83,30,86,20,-7.114862976089347,10
5831,76,27,65,18,-7.121500914302365,9
5832,107,12,67,8,-7.124134838046419,4
5833,38,11,62,7,-7.1316627039169695,4
5834,58,14,30,9,-7.134101849433175,5
5835,15,39,27,22,-7.136849333340001,17
5836,68,28,97,17,-7.141635420047943,11
5837,78,13,33,8,-7.142209395263034,5
5838,55,50,40,31,-7.142420946012767,19
5839,60,17,5,11,-7.144002600647478,6
5840,69,12,111,7,-7.144443379259754,5
5841,51,26,97,17,-7.145200913148901,9
5842,37,14,29,8,-7.14724630286853,6
5843,3,25,114,16,-7.152889180930064,9
5844,30,13,80,8,-7.153305949978541,5
5845,48,13,69,7,-7.158814996268265,6
5846,60,23,17,14,-7.159951280063792,9
5847,14,14,86,8,-7.166696838482464,6
5848,55,39,104,24,-7.167673821947763,15
5849,57,19,114,12,-7.16817977917647,7
5850,61,13,30,8,-7.1697153559652405,5
5851,112,16,36,10,-7.175574629533439,6
5852,77,29,39,17,-7.177660787541264,12
5853,29,24,98,15,-7.1803162169621215,9
5854,43,41,107,25,-7.185388949196882,16
5855,43,15,112,9,-7.1893251112725896,6
5856,52,22,86,14,-7.203855363753252,8
5857,8,27,18,18,-7.207241863382852,9
5858,90,15,30,9,-7.212567303813302,6
5859,12,19,103,10,-7.213680669512274,9
5860,46,49,16,31,-7.2152411720160545,18
5861,30,16,114,9,-7.223280031087767,7
5862,63,25,57,14,-7.224570014752202,11
5863,37,15,89,8,-7.228788398092474,7
5864,77,21,78,13,-7.235135596673452,8
5865,40,27,114,18,-7.240772461331045,9
5866,5,14,31,9,-7.246607645789562,5
5867,96,12,69,8,-7.2527556906488755,4
5868,91,29,87,18,-7.256753645120718,11
5869,81,19,75,12,-7.259552889264539,7
5870,10,14,63,9,-7.261720580359904,5
5871,48,14,100,8,-7.263809625362936,6
5872,98,17,20,11,-7.267496359610283,6
5873,70,16,110,10,-7.267896542251016,6
5874,96,10,62,7,-7.268496266352443,3
5875,57,13,106,7,-7.272492874678534,6
5876,68,20,55,13,-7.273979151335479,7
5877,88,125,16,78,-7.275285101443858,47
5878,29,16,97,10,-7.284915525257297,6
5879,17,18,23,11,-7.286484354574564,7
5880,40,31,43,18,-7.287691070183636,13
5881,40,33,54,20,-7.298767912387552,13
5882,57,16,9,10,-7.3012995151759785,6
5883,88,81,54,50,-7.303369139610548,31
5884,93,20,16,11,-7.319623013756244,9
5885,5,42,70,25,-7.323141246130922,17
5886,88,30,62,18,-7.323841783087013,12
5887,2,16,75,9,-7.332326563651874,7
5888,34,24,78,14,-7.336336560215481,10
5889,104,41,40,26,-7.342291894534161,15
5890,114,18,23,12,-7.344942637597017,6
5891,8,45,109,26,-7.345721442245661,19
5892,79,24,48,15,-7.345817828277464,9
5893,58,25,16,16,-7.354299843099007,9
5894,9,19,17,11,-7.358179157868899,8
5895,8,25,73,15,-7.3587900254771785,10
5896,33,16,25,11,-7.36592627296452,5
5897,55,72,16,46,-7.367072119933609,26
5898,80,14,31,10,-7.367135464628977,4
5899,71,10,73,6,-7.373234065194552,4
5900,23,48,13,27,-7.373546879981893,21
5901,81,19,71,12,-7.374213709282582,7
5902,71,29,50,17,-7.386130219514863,12
5903,5,10,1,6,-7.391988711274882,4
5904,49,71,39,45,-7.394965855903045,26
5905,94,11,20,7,-7.40491165274963,4
5906,20,30,70,19,-7.408681007686701,11
5907,41,34,36,18,-7.412500474371831,16
5908,16,24,6,13,-7.439865172191104,11
5909,9,46,16,30,-7.4405406867592765,16
5910,19,23,41,15,-7.443816997766071,8
5911,49,22,34,13,-7.4445926572295065,9
5912,71,12,11,7,-7.444969376445684,5
5913,87,36,48,23,-7.446817758629747,13
5914,39,97,16,59,-7.447997820293564,38
5915,110,21,37,12,-7.457046552670356,9
5916,70,12,100,7,-7.4587771296449565,5
5917,80,11,27,7,-7.461746767808683,4
5918,53,12,45,7,-7.463487107897495,5
5919,39,18,110,12,-7.464111416570426,6
5920,65,25,18,15,-7.467319094675634,10
5921,13,28,58,19,-7.470332721233391,9
5922,31,37,64,23,-7.4738922265185375,14
5923,63,15,108,9,-7.475559971035059,6
5924,36,14,70,8,-7.476080415111231,6
5925,109,21,7,13,-7.49374057253885,8
5926,61,16,107,9,-7.509321940652878,7
5927,47,11,85,8,-7.514718359567324,3
5928,17,17,41,11,-7.526219064648907,6
5929,55,11,6,8,-7.526848268362213,3
5930,7,16,33,9,-7.532188482638043,7
5931,77,15,17,9,-7.533332094576503,6
5932,55,22,34,13,-7.5346031268462745,9
5933,46,39,74,25,-7.538103847079201,14
5934,46,10,85,7,-7.538229298143678,3
5935,69,28,78,17,-7.539471489927139,11
5936,55,13,49,8,-7.5458342197342585,5
5937,49,42,107,26,-7.54869416702441,16
5938,103,19,39,12,-7.555167426699794,7
5939,104,21,9,13,-7.555832585448779,8
5940,40,38,87,22,-7.562449238427529,16
5941,45,19,60,11,-7.562934672858015,8
5942,49,23,75,14,-7.565086245339051,9
5943,5,14,34,10,-7.5706698448560905,4
5944,12,37,100,22,-7.573615059890708,15
5945,114,31,28,18,-7.584853881328922,13
5946,36,10,72,6,-7.585561627806541,4
5947,103,24,11,16,-7.585830317962974,8
5948,57,36,11,20,-7.587225628637274,16
5949,64,24,55,16,-7.5905103785531685,8
5950,9,38,87,22,-7.592453429043,16
5951,36,20,18,12,-7.59490287850123,8
5952,7,30,37,18,-7.598616530184265,12
5953,88,25,108,16,-7.612957755702023,9
5954,69,32,60,18,-7.613845124007753,14
5955,27,14,71,9,-7.62097447229337,5
5956,61,11,69,8,-7.633216471104327,3
5957,86,68,100,40,-7.636169972116549,28
5958,5,29,97,19,-7.639418302115126,10
5959,60,11,70,7,-7.646435749026202,4
5960,31,13,33,7,-7.647223417443056,6
5961,3,30,19,18,-7.65432850050548,12
5962,60,39,104,27,-7.655966632440946,12
5963,76,38,16,21,-7.656889763008765,17
5964,66,11,104,8,-7.6588091193640615,3
5965,112,29,27,18,-7.661494705671572,11
5966,77,26,41,17,-7.665671674519284,9
5967,96,24,37,14,-7.66584492569651,10
5968,62,22,28,13,-7.667182073614821,9
5969,38,29,37,18,-7.668156637885105,11
5970,104,10,72,6,-7.673968450836452,4
5971,55,35,50,20,-7.677574556383835,15
5972,29,42,65,26,-7.677996095860502,16
5973,63,76,16,47,-7.685927446350538,29
5974,11,32,5,20,-7.6874421575338765,12
5975,7,25,111,15,-7.6903234257719815,10
5976,1,28,86,17,-7.696680317913658,11
5977,68,61,75,39,-7.698232004910782,22
5978,86,42,98,25,-7.705613124334462,17
5979,96,21,114,13,-7.708209589747942,8
5980,27,29,72,17,-7.712316498929216,12
5981,76,22,13,13,-7.713193951992328,9
5982,94,28,30,17,-7.7213771310551085,11
5983,104,17,78,11,-7.72449974280056,6
5984,101,14,16,9,-7.729447625525013,5
5985,72,12,76,8,-7.731997605583364,4
5986,29,18,46,9,-7.738693511487547,9
5987,29,20,49,12,-7.741005146754658,8
5988,84,11,44,6,-7.741464370739851,5
5989,111,10,30,7,-7.744421754490768,3
5990,54,13,73,8,-7.746921178252214,5
5991,68,29,28,19,-7.7489930389673605,10
5992,11,38,100,24,-7.7524005573637345,14
5993,25,49,37,29,-7.755599308877523,20
5994,73,11,53,7,-7.756297558195456,4
5995,34,19,29,11,-7.767616545334048,8
5996,114,14,92,10,-7.774797164908212,4
5997,81,18,114,10,-7.777439516700387,8
5998,87,62,27,38,-7.782709431356691,24
5999,111,10,47,6,-7.786638633209642,4
6000,78,11,108,7,-7.797957113003336,4
6001,110,12,114,8,-7.80031681097971,4
6002,94,17,3,10,-7.803158745647014,7
6003,46,46,25,27,-7.8204011950255445,19
6004,108,14,54,10,-7.821734358546893,4
6005,86,19,10,11,-7.821831100451638,8
6006,106,63,13,39,-7.824636159857551,24
6007,43,58,13,33,-7.834617919431734,25
6008,1,20,114,13,-7.837742070296789,7
6009,48,17,74,9,-7.856052955631058,8
6010,91,26,106,17,-7.859341034872017,9
6011,35,12,44,7,-7.859665557157517,5
6012,98,15,108,9,-7.863072789163925,6
6013,53,26,27,17,-7.864216242382975,9
6014,90,25,114,15,-7.8701656835045455,10
6015,77,35,27,22,-7.8745216976484995,13
6016,51,16,111,10,-7.892613399402855,6
6017,29,16,17,9,-7.899676305324425,7
6018,90,14,53,9,-7.901032299292589,5
6019,31,11,78,6,-7.904414780494012,5
6020,38,13,71,9,-7.906029048659733,4
6021,82,10,88,6,-7.9125780836424955,4
6022,33,13,30,9,-7.913395188124881,4
6023,18,22,54,13,-7.917650548154778,9
6024,3,27,78,16,-7.9286272661286095,11
6025,103,16,78,12,-7.929047988565183,4
6026,2,12,30,7,-7.930773013016298,5
6027,87,17,73,12,-7.94220715025842,5
6028,64,34,16,22,-7.948318536704253,12
6029,109,53,54,34,-7.951130265295214,19
6030,63,17,111,10,-7.959677987637775,7
6031,34,15,102,10,-7.962391346680718,5
6032,39,21,23,13,-7.9630880242589255,8
6033,61,10,58,6,-7.964357976226589,4
6034,5,25,65,15,-7.967561696591303,10
6035,68,20,34,12,-7.978044783319167,8
6036,76,26,112,15,-7.97915167815144,11
6037,84,28,5,17,-7.986435375626319,11
6038,3,19,20,12,-7.98758608002235,7
6039,70,16,13,10,-7.990308468406848,6
6040,40,16,98,9,-7.9934169616460915,7
6041,6,22,44,15,-7.994067314889739,7
6042,96,19,102,12,-7.995631160966494,7
6043,88,42,39,26,-8.004378009209995,16
6044,81,18,41,12,-8.009042710590084,6
6045,98,31,91,19,-8.010154956050265,12
6046,88,47,63,31,-8.011636403272155,16
6047,9,11,35,6,-8.012816785902407,5
6048,52,12,63,7,-8.015196003418383,5
6049,50,41,75,27,-8.02466935745211,14
6050,15,15,62,9,-8.026015633994907,6
6051,18,18,100,10,-8.035989461751754,8
6052,66,10,30,7,-8.038057442870684,3
6053,84,36,20,25,-8.04861670328596,11
6054,69,45,16,29,-8.054291070790873,16
6055,46,15,19,9,-8.056646218005671,6
6056,87,37,78,23,-8.058116178413243,14
6057,46,13,53,8,-8.064750592390654,5
6058,68,38,76,27,-8.067259765332077,11
6059,70,18,50,10,-8.072010588554933,8
6060,19,23,28,15,-8.074139814737293,8
6061,48,35,86,22,-8.077263763613384,13
6062,97,16,110,10,-8.077466293642948,6
6063,5,61,8,37,-8.080732178020163,24
6064,4,17,43,10,-8.083539648296872,7
6065,78,45,27,30,-8.094234380040165,15
6066,46,42,37,28,-8.095895819595153,14
6067,49,11,95,8,-8.095998639719069,3
6068,29,28,84,17,-8.097345709310337,11
6069,55,31,30,20,-8.098468910297374,11
6070,29,30,100,18,-8.110545199162951,12
6071,111,11,81,8,-8.120062859865854,3
6072,110,11,20,7,-8.125291114928718,4
6073,102,24,107,14,-8.13222898848336,10
6074,107,14,56,8,-8.142413744294045,6
6075,112,10,4,6,-8.145974306589782,4
6076,51,49,76,32,-8.147426040460973,17
6077,8,31,68,19,-8.152272734975385,12
6078,20,17,33,11,-8.157924685534638,6
6079,9,20,76,13,-8.161384986883025,7
6080,49,19,72,12,-8.165643444811545,7
6081,87,53,7,34,-8.186933222272419,19
6082,39,25,74,15,-8.19553508787693,10
6083,93,24,87,15,-8.201353690040278,9
6084,51,42,64,26,-8.201880887276833,16
6085,27,76,16,48,-8.208343393350667,28
6086,15,12,34,8,-8.217126810746985,4
6087,40,14,112,8,-8.221202026655053,6
6088,71,10,99,6,-8.22496630028886,4
6089,106,21,69,13,-8.230262561693124,8
6090,15,29,8,17,-8.25475655550095,12
6091,94,12,103,7,-8.264881457481591,5
6092,14,12,37,7,-8.266467835075433,5
6093,91,18,41,12,-8.276671952774393,6
6094,106,31,90,21,-8.28384546124837,10
6095,56,17,86,11,-8.300855291965847,6
6096,57,13,10,9,-8.304300512026645,4
6097,109,23,74,15,-8.306575916019822,8
6098,48,13,90,8,-8.30973168111364,5
6099,9,15,25,10,-8.323455878342047,5
6100,43,37,100,22,-8.32640255183555,15
6101,14,15,39,9,-8.331118383446642,6
6102,103,27,27,17,-8.336735171369103,10
6103,96,25,48,16,-8.343995751105185,9
6104,31,32,41,20,-8.353957395244585,12
6105,5,22,7,14,-8.357081514884824,8
6106,25,45,7,29,-8.372806618348289,16
6107,60,48,27,32,-8.376015772921441,16
6108,68,25,62,15,-8.382615098007268,10
6109,19,17,63,11,-8.404706837961044,6
6110,67,14,109,7,-8.41022889195963,7
6111,102,12,41,8,-8.421036787338009,4
6112,90,19,73,12,-8.424101991862472,7
6113,103,14,88,9,-8.430464226549898,5
6114,114,20,55,13,-8.432483182241098,7
6115,70,24,96,13,-8.437417991026262,11
6116,95,11,29,7,-8.438441558722076,4
6117,41,24,8,16,-8.446748885751395,8
6118,96,14,95,9,-8.450373982592183,5
6119,94,22,76,15,-8.458632259785002,7
6120,106,16,12,11,-8.461406597257815,5
6121,107,39,48,24,-8.464254422847032,15
6122,20,37,63,22,-8.464473402081472,15
6123,112,26,39,16,-8.46467402651886,10
6124,19,28,103,17,-8.469047877005718,11
6125,79,13,112,8,-8.473860498540244,5
6126,85,14,55,9,-8.476039600481302,5
6127,69,19,104,13,-8.49135996300536,6
6128,40,28,64,18,-8.49607162432113,10
6129,45,10,91,6,-8.504304930616431,4
6130,40,23,62,12,-8.506273692628868,11
6131,6,21,13,13,-8.50747605743762,8
6132,52,11,50,6,-8.515472572504802,5
6133,69,22,81,13,-8.51799786685539,9
6134,61,20,53,14,-8.524850655507478,6
6135,63,11,110,7,-8.534985747455591,4
6136,102,30,65,20,-8.537651480715674,10
6137,35,12,94,7,-8.545638882275087,5
6138,63,11,93,7,-8.547776338932225,4
6139,67,15,16,10,-8.550473387804695,5
6140,2,11,94,7,-8.550586885180518,4
6141,36,11,78,7,-8.552435160203329,4
6142,80,12,41,8,-8.558761558111074,4
6143,93,10,49,6,-8.572163796775683,4
6144,55,23,95,15,-8.57500650986488,8
6145,77,18,53,11,-8.576780251337032,7
6146,93,44,65,26,-8.591281807406075,18
6147,107,34,2,22,-8.596357154255283,12
6148,14,22,16,14,-8.60697123103142,8
6149,65,24,1,14,-8.633116949744032,10
6150,58,12,70,8,-8.662523092509444,4
6151,54,11,53,7,-8.670288326383613,4
6152,31,12,19,8,-8.67684008479621,4
6153,31,31,9,20,-8.678153869820548,11
6154,68,67,39,41,-8.679610428054554,26
6155,20,41,39,24,-8.683414479878408,17
6156,76,49,86,30,-8.683760649202954,19
6157,77,13,46,8,-8.692557302357297,5
6158,86,15,45,9,-8.710518828201982,6
6159,45,10,58,6,-8.721721801464438,4
6160,8,20,62,14,-8.725180325771555,6
6161,17,22,4,15,-8.72773506800961,7
6162,103,18,34,12,-8.732399245718996,6
6163,46,26,57,16,-8.738900979302741,10
6164,106,14,38,7,-8.74501943352997,7
6165,88,42,15,29,-8.764269632154088,13
6166,1,27,16,19,-8.77734005429633,8
6167,18,23,106,15,-8.778191080978738,8
6168,94,33,27,21,-8.781173446924036,12
6169,39,51,30,31,-8.783045292899404,20
6170,99,14,77,10,-8.784719144285262,4
6171,107,11,26,7,-8.789963547813729,4
6172,28,17,41,11,-8.792780130820775,6
6173,42,10,106,7,-8.802546839644418,3
6174,47,18,36,12,-8.810892372607713,6
6175,19,19,84,12,-8.81339664085273,7
6176,77,22,63,15,-8.81999753264251,7
6177,36,19,63,12,-8.822881427312195,7
6178,87,28,34,18,-8.828394029345118,10
6179,107,40,12,27,-8.830240406285606,13
6180,87,15,32,10,-8.84415502943487,5
6181,51,16,35,10,-8.849945437990398,6
6182,66,22,107,14,-8.85129730206017,8
6183,12,15,6,8,-8.873687126500895,7
6184,53,11,49,7,-8.876928289416243,4
6185,13,23,90,15,-8.883764352926041,8
6186,109,18,75,12,-8.883837567249163,6
6187,97,12,69,8,-8.888377862411463,4
6188,104,12,48,8,-8.912185347145057,4
6189,25,19,110,13,-8.917701672558223,6
6190,88,10,26,6,-8.91952728239028,4
6191,91,10,11,7,-8.923724837318142,3
6192,84,22,13,15,-8.926224969766146,7
6193,31,12,73,8,-8.93891957013575,4
6194,74,26,51,18,-8.938947542412075,8
6195,41,34,11,23,-8.953991407123155,11
6196,32,11,28,7,-8.963821007682874,4
6197,81,14,11,9,-8.967824856070845,5
6198,114,20,47,12,-8.969382880850324,8
6199,36,18,97,11,-8.970668153566264,7
6200,112,20,88,13,-8.974262508725221,7
6201,52,15,28,9,-8.975367013246691,6
6202,81,10,48,7,-8.989696104511108,3
6203,80,15,78,10,-8.990142670025005,5
6204,72,10,38,6,-8.999506480702255,4
6205,50,19,85,12,-9.007921978503543,7
6206,88,30,30,18,-9.008031571554382,12
6207,36,15,5,9,-9.008614310253614,6
6208,12,18,28,12,-9.017903873482359,6
6209,45,16,35,9,-9.0400315918615,7
6210,87,25,108,16,-9.059723048381347,9
6211,60,31,100,20,-9.061505094229707,11
6212,86,29,44,19,-9.073857704921481,10
6213,107,39,80,26,-9.074881524481423,13
6214,40,16,57,10,-9.075047590769474,6
6215,8,34,95,21,-9.07920947405897,13
6216,75,12,94,8,-9.080901166069642,4
6217,31,15,109,10,-9.113887572404183,5
6218,17,11,92,7,-9.114563540800457,4
6219,2,13,57,8,-9.119959996501734,5
6220,102,17,30,10,-9.136610239450578,7
6221,103,25,107,16,-9.14512742352519,9
6222,106,25,39,15,-9.155969378752744,10
6223,5,43,50,26,-9.156049369840705,17
6224,63,21,62,13,-9.161474645821366,8
6225,72,14,63,10,-9.168022793278983,4
6226,40,15,92,10,-9.168940871834318,5
6227,77,30,30,20,-9.170963575252879,10
6228,29,22,112,14,-9.174610307731975,8
6229,38,14,53,9,-9.17946873124013,5
6230,58,19,54,11,-9.183988111852097,8
6231,91,14,23,8,-9.188824217195519,6
6232,18,31,68,20,-9.190826393650616,11
6233,63,16,81,10,-9.193429569946268,6
6234,114,21,95,13,-9.195016624238182,8
6235,76,36,63,24,-9.197425932191027,12
6236,40,17,73,11,-9.199997222971483,6
6237,90,11,93,7,-9.204947446014161,4
6238,109,22,68,15,-9.205767765094542,7
6239,12,15,98,10,-9.22694029536893,5
6240,69,16,70,11,-9.227346228401576,5
6241,3,17,54,10,-9.232444908063064,7
6242,20,23,91,14,-9.233435902067152,9
6243,62,12,18,8,-9.23480098215858,4
6244,53,15,78,9,-9.245467105519943,6
6245,51,22,34,14,-9.254702967852264,8
6246,94,17,114,10,-9.267018335328506,7
6247,27,30,54,19,-9.269071237772641,11
6248,60,26,47,17,-9.272798561110873,9
6249,17,11,12,7,-9.29461180473596,4
6250,38,10,45,7,-9.31109379184883,3
6251,86,26,29,17,-9.312176261822106,9
6252,84,10,77,7,-9.326879307665175,3
6253,81,13,54,8,-9.335698946306055,5
6254,2,29,28,19,-9.34282167881126,10
6255,87,20,1,12,-9.344990956449259,8
6256,28,12,26,8,-9.352858082446943,4
6257,84,21,104,13,-9.37162724208143,8
6258,76,23,100,14,-9.372708881255951,9
6259,4,16,27,10,-9.378715415982104,6
6260,16,25,81,16,-9.384174025613888,9
6261,36,11,109,8,-9.390936468630553,3
6262,38,16,27,11,-9.401601002215298,5
6263,2,15,13,9,-9.422510080465482,6
6264,63,11,32,7,-9.44232166344675,4
6265,87,12,21,8,-9.455785486787555,4
6266,15,13,48,8,-9.460060192318016,5
6267,96,47,16,33,-9.462953828826512,14
6268,57,16,23,10,-9.474501256774834,6
6269,98,22,13,15,-9.474726692398683,7
6270,85,11,3,6,-9.478406721140294,5
6271,84,11,18,7,-9.493458888054228,4
6272,66,12,11,7,-9.498908037150544,5
6273,99,22,37,15,-9.502759058160713,7
6274,51,35,15,22,-9.503627084553733,13
6275,2,13,114,8,-9.50915856241785,5
6276,80,14,90,10,-9.509239360264804,4
6277,69,13,33,8,-9.51115802646404,5
6278,36,17,8,11,-9.51236026695053,6
6279,64,14,62,8,-9.515284324050947,6
6280,9,27,18,18,-9.520249042639605,9
6281,25,32,20,21,-9.520523686179052,11
6282,31,22,1,13,-9.525804060927038,9
6283,51,15,48,8,-9.527077025607763,7
6284,75,11,20,7,-9.527707505687719,4
6285,108,13,106,9,-9.535201707134298,4
6286,107,25,33,15,-9.539564483245073,10
6287,34,13,18,9,-9.550016463821068,4
6288,3,17,17,10,-9.550337372259282,7
6289,13,23,26,16,-9.562123129591576,7
6290,31,28,27,16,-9.569633624787404,12
6291,48,12,17,7,-9.570482008629265,5
6292,7,20,73,12,-9.582485903794177,8
6293,43,21,54,13,-9.585604342831413,8
6294,112,27,64,19,-9.59501283307151,8
6295,53,13,8,9,-9.596286006275326,4
6296,84,18,83,11,-9.60947373437216,7
6297,8,14,99,8,-9.611065592860308,6
6298,109,17,70,11,-9.623350653501726,6
6299,39,44,18,29,-9.63146242776497,15
6300,53,23,41,15,-9.631953807885303,8
6301,57,18,103,12,-9.636212144542752,6
6302,114,10,22,5,-9.649313306364819,5
6303,75,11,85,8,-9.651599660168168,3
6304,13,10,101,7,-9.652646543094523,3
6305,71,12,100,8,-9.66068752031631,4
6306,60,47,64,32,-9.661747726131638,15
6307,114,34,8,23,-9.699231858321152,11
6308,84,30,8,20,-9.700360955856535,10
6309,103,28,86,19,-9.705229465558817,9
6310,13,46,30,30,-9.709229692968337,16
6311,11,18,75,11,-9.710887852205726,7
6312,8,15,52,10,-9.715026692600487,5
6313,37,12,78,8,-9.71930744346727,4
6314,89,13,48,10,-9.72016162500569,3
6315,31,19,43,9,-9.720852773553686,10
6316,3,57,13,38,-9.732565767154382,19
6317,18,49,16,33,-9.751591518104966,16
6318,74,17,34,12,-9.755899618645072,5
6319,53,14,15,9,-9.759389882181187,5
6320,51,30,95,21,-9.77001175442697,9
6321,83,24,37,15,-9.783726366978415,9
6322,93,10,62,6,-9.798162399200404,4
6323,62,16,114,10,-9.799890996069498,6
6324,109,21,53,14,-9.80472277411344,7
6325,55,20,27,14,-9.808864964478701,6
6326,17,24,40,16,-9.815776001763277,8
6327,109,40,11,27,-9.818197495918096,13
6328,109,12,81,8,-9.819741316945185,4
6329,15,16,12,10,-9.82295766860778,6
6330,57,13,54,10,-9.824315369895016,3
6331,69,17,47,11,-9.824856595944096,6
6332,47,17,9,11,-9.833363334347146,6
6333,98,10,53,6,-9.839111782848335,4
6334,3,10,74,7,-9.841517466916374,3
6335,13,21,44,14,-9.844973608163802,7
6336,33,26,51,19,-9.853114112635922,7
6337,57,14,38,8,-9.862555383696968,6
6338,27,12,22,8,-9.866452926590911,4
6339,1,17,75,12,-9.87310906944801,5
6340,71,15,17,9,-9.874078720771612,6
6341,54,17,2,12,-9.883928701627932,5
6342,16,20,110,13,-9.89345041941321,7
6343,51,18,79,10,-9.895968302837433,8
6344,83,14,11,10,-9.896151919094907,4
6345,79,13,15,8,-9.90032435289108,5
6346,68,21,103,13,-9.904114100948439,8
6347,75,35,28,23,-9.910859132469225,12
6348,60,34,54,23,-9.913747967452048,11
6349,70,18,30,11,-9.913973705469935,7
6350,57,11,1,7,-9.916035104284742,4
6351,84,50,63,31,-9.919938234846498,19
6352,2,10,95,7,-9.9203126299905,3
6353,29,15,75,9,-9.923300198268764,6
6354,90,14,46,9,-9.960134782518512,5
6355,109,12,91,8,-9.971568873148845,4
6356,85,10,87,7,-9.971655390565868,3
6357,88,18,73,12,-9.974203425238962,6
6358,61,15,6,10,-9.97686134497221,5
6359,12,21,53,13,-9.979940044053077,8
6360,66,16,65,11,-9.984983127130162,5
6361,109,14,93,9,-9.987067099161266,5
6362,65,25,95,16,-9.987438820754939,9
6363,13,33,108,22,-10.000850224923417,11
6364,57,19,76,13,-10.020193133593672,6
6365,84,27,30,19,-10.023299208241367,8
6366,91,19,30,13,-10.028289002870833,6
6367,107,13,110,9,-10.034721322746934,4
6368,3,10,70,7,-10.036631807498473,3
6369,66,14,87,9,-10.045799735479145,5
6370,19,21,34,14,-10.04652541369688,7
6371,38,10,44,7,-10.048373138060267,3
6372,83,23,13,15,-10.067954696106943,8
6373,69,37,49,22,-10.07650924818243,15
6374,49,16,40,10,-10.077718304922938,6
6375,106,12,79,8,-10.079963228120917,4
6376,76,32,23,20,-10.095144638641566,12
6377,36,36,53,25,-10.11473282468799,11
6378,29,11,74,7,-10.117149758840513,4
6379,114,12,78,7,-10.123963867745248,5
6380,109,10,92,7,-10.132066653367776,3
6381,31,37,53,23,-10.136338371296794,14
6382,23,11,96,7,-10.143008283174424,4
6383,68,16,92,11,-10.14730683848729,5
6384,103,15,49,9,-10.14878375797578,6
6385,3,15,47,10,-10.157562494268502,5
6386,49,27,98,18,-10.169586744689964,9
6387,9,12,6,7,-10.175309866966634,5
6388,37,41,97,27,-10.190687502541847,14
6389,33,13,71,9,-10.195530501937561,4
6390,49,23,41,15,-10.197367127109924,8
6391,2,15,98,9,-10.198603389321665,6
6392,104,19,90,12,-10.205908373136605,7
6393,39,24,91,16,-10.206322081312436,8
6394,109,42,107,28,-10.207364620313744,14
6395,28,14,10,10,-10.2079261309438,4
6396,31,17,30,10,-10.214096274935343,7
6397,12,28,78,20,-10.22132094514818,8
6398,91,35,63,24,-10.225389928816243,11
6399,106,16,67,10,-10.252161434234205,6
6400,84,16,103,9,-10.266610610260122,7
6401,3,33,30,23,-10.271953494822817,10
6402,68,22,72,15,-10.275897741373276,7
6403,112,24,60,16,-10.282975838759182,8
6404,107,23,45,15,-10.289536165233189,8
6405,12,31,94,19,-10.295600144451132,12
6406,31,29,107,16,-10.30345756995746,13
6407,88,43,53,29,-10.308417089519109,14
6408,15,13,108,9,-10.31501087444828,4
6409,65,10,35,7,-10.321578642281732,3
6410,19,44,27,30,-10.321934555240029,14
6411,1,13,37,8,-10.34216426905315,5
6412,54,48,37,32,-10.34544690764123,16
6413,102,16,40,10,-10.346146758066936,6
6414,27,15,17,9,-10.354549099588288,6
6415,7,10,94,7,-10.355621654064775,3
6416,12,24,104,16,-10.358875950961012,8
6417,88,39,50,25,-10.364860984100913,14
6418,69,24,63,16,-10.366973166191583,8
6419,55,16,15,12,-10.37053728825799,4
6420,68,14,108,9,-10.37834742902955,5
6421,93,16,106,10,-10.37915501513517,6
6422,92,14,16,11,-10.38158487536854,3
6423,35,26,76,17,-10.390096019432454,9
6424,103,14,72,9,-10.391960458595065,5
6425,11,18,49,12,-10.404879276914007,6
6426,29,35,60,22,-10.42089747006503,13
6427,39,16,44,10,-10.434810009571377,6
6428,46,15,78,9,-10.435320162132966,6
6429,9,17,43,10,-10.43571876790201,7
6430,94,10,77,7,-10.443428313097055,3
6431,108,17,48,12,-10.443613045373397,5
6432,31,10,6,6,-10.459894630543896,4
6433,23,20,55,12,-10.462878964621972,8
6434,43,18,49,12,-10.472136702675098,6
6435,49,14,94,10,-10.474432971630804,4
6436,48,37,63,25,-10.480037623792747,12
6437,9,27,64,19,-10.495957554452968,8
6438,36,27,27,17,-10.523349599331356,10
6439,97,19,71,13,-10.523533962196899,6
6440,77,19,72,12,-10.526850068136513,7
6441,108,13,76,9,-10.539317855686345,4
6442,20,39,50,26,-10.540260354284218,13
6443,3,26,28,17,-10.54496551322771,9
6444,79,13,19,8,-10.549815768045496,5
6445,40,17,28,10,-10.551622113062638,7
6446,12,11,20,7,-10.562633058497617,4
6447,54,19,71,12,-10.56377327137223,7
6448,9,15,95,9,-10.569002592922953,6
6449,75,26,104,17,-10.574353916694225,9
6450,15,24,43,16,-10.586839846653573,8
6451,91,31,7,22,-10.60910028610159,9
6452,103,13,28,9,-10.6092467019397,4
6453,70,10,15,6,-10.611513903253623,4
6454,91,12,69,7,-10.612845012106748,5
6455,71,18,98,12,-10.627953776602759,6
6456,16,11,26,7,-10.641463660095837,4
6457,98,25,5,16,-10.662918685540621,9
6458,33,17,63,11,-10.663903494014166,6
6459,9,21,20,14,-10.676297323703047,7
6460,76,13,75,8,-10.684711333832395,5
6461,36,13,43,8,-10.713552025008546,5
6462,111,11,54,8,-10.714143810197228,3
6463,87,46,43,31,-10.72207638198379,15
6464,106,64,16,44,-10.722961682071126,20
6465,17,22,53,15,-10.723383781136489,7
6466,104,15,34,10,-10.72614939252648,5
6467,11,10,23,7,-10.736120462067522,3
6468,12,33,60,19,-10.739930341878678,14
6469,108,23,53,14,-10.749834986479383,9
6470,43,24,55,18,-10.765561111805061,6
6471,7,11,59,8,-10.771239818059199,3
6472,19,25,7,18,-10.775977198177875,7
6473,70,31,87,19,-10.78146556878429,12
6474,91,25,55,18,-10.791612827626562,7
6475,81,17,106,10,-10.816681182916206,7
6476,65,26,38,16,-10.83463870682702,10
6477,114,31,87,19,-10.855794018644563,12
6478,67,17,86,11,-10.856458271232285,6
6479,81,33,51,21,-10.882761671799576,12
6480,3,21,72,13,-10.897361410959398,8
6481,41,29,100,19,-10.901599179638218,10
6482,5,17,73,11,-10.90738305979487,6
6483,86,37,102,25,-10.919714046293317,12
6484,66,10,78,6,-10.927212098742269,4
6485,60,15,103,10,-10.955343329408253,5
6486,88,19,102,14,-10.972125082564368,5
6487,97,25,13,16,-10.985857531237674,9
6488,110,20,51,14,-11.000148170458745,6
6489,3,26,40,18,-11.007177692487943,8
6490,71,13,15,9,-11.00914391321026,4
6491,92,14,41,9,-11.016394202336143,5
6492,57,22,79,14,-11.023600850861115,8
6493,66,13,7,8,-11.034566799554375,5
6494,32,17,16,11,-11.045561391190384,6
6495,114,12,32,8,-11.045874107216177,4
6496,1,39,55,27,-11.047135752371082,12
6497,11,11,99,7,-11.04788337752713,4
6498,62,11,43,7,-11.085279152018602,4
6499,89,21,41,15,-11.096465892840719,6
6500,104,15,62,11,-11.098747349135209,4
6501,32,13,74,9,-11.101664191982367,4
6502,70,15,46,10,-11.123543654837002,5
6503,91,16,43,11,-11.128114127049445,5
6504,107,47,57,31,-11.151231752940351,16
6505,1,13,78,9,-11.156578268103178,4
6506,38,18,11,12,-11.20455542890719,6
6507,1,11,89,7,-11.20901106938993,4
6508,46,12,100,8,-11.210309669403358,4
6509,3,15,25,10,-11.21463496022273,5
6510,106,18,98,12,-11.217270403208776,6
6511,51,13,73,9,-11.219804453521853,4
6512,8,36,75,25,-11.220741251540183,11
6513,96,20,46,12,-11.223825219116964,8
6514,68,25,25,17,-11.235607083018872,8
6515,81,13,40,9,-11.249205674756395,4
6516,70,11,83,6,-11.265042422069474,5
6517,7,52,75,35,-11.2746633859962,17
6518,65,50,100,34,-11.275226832418381,16
6519,55,14,2,9,-11.276816159574057,5
6520,27,11,111,8,-11.279710088837586,3
6521,61,10,75,6,-11.283854363299366,4
6522,5,10,80,7,-11.295210617596885,3
6523,96,25,7,18,-11.300422106484014,7
6524,20,12,64,9,-11.331308462604776,3
6525,112,11,108,7,-11.335603356831987,4
6526,62,21,74,14,-11.355871307801838,7
6527,102,15,75,11,-11.3579023724584,4
6528,112,22,28,15,-11.372427658976596,7
6529,78,28,39,19,-11.374922957505097,9
6530,10,14,107,9,-11.38119632500004,5
6531,57,22,65,15,-11.3825342300458,7
6532,38,11,4,8,-11.395009854616482,3
6533,109,27,30,19,-11.403472149040358,8
6534,18,17,47,12,-11.411676107822032,5
6535,12,26,41,18,-11.41461712371932,8
6536,18,47,13,31,-11.43817217657445,16
6537,68,18,50,11,-11.447393428752164,7
6538,49,35,100,23,-11.456244824909794,12
6539,106,41,114,27,-11.462749893343954,14
6540,27,34,104,23,-11.465054134307787,11
6541,58,14,49,9,-11.46784966027551,5
6542,109,18,57,12,-11.478987462443365,6
6543,18,15,11,10,-11.496523839067972,5
6544,37,12,68,8,-11.496583691347078,4
6545,75,14,98,9,-11.497093707313171,5
6546,18,10,108,7,-11.508388616511894,3
6547,81,15,7,9,-11.525413070422037,6
6548,7,12,110,7,-11.526061320417652,5
6549,3,15,38,10,-11.55575224939262,5
6550,3,13,108,9,-11.562059375800661,4
6551,71,10,111,7,-11.563837134119527,3
6552,104,16,36,10,-11.564722196156035,6
6553,39,15,90,10,-11.577976501423594,5
6554,70,23,11,16,-11.609570033059052,7
6555,38,17,75,13,-11.628826987325242,4
6556,40,12,100,8,-11.638460148115906,4
6557,83,17,107,12,-11.644521740420235,5
6558,104,11,93,7,-11.670878710804795,4
6559,88,10,21,7,-11.67738292245627,3
6560,81,10,8,7,-11.678569579324556,3
6561,28,23,34,16,-11.682170467841411,7
6562,96,13,91,9,-11.692854193124042,4
6563,37,17,49,11,-11.72528182723186,6
6564,69,12,34,10,-11.742698738008174,2
6565,102,17,63,11,-11.747209471298394,6
6566,103,10,58,7,-11.772908526311586,3
6567,62,10,112,7,-11.78047192200998,3
6568,65,12,91,8,-11.784658313781671,4
6569,54,10,44,7,-11.791894285038754,3
6570,40,21,8,15,-11.791921402372775,6
6571,108,11,8,8,-11.805411430354427,3
6572,91,10,53,7,-11.811611902058761,3
6573,77,31,104,21,-11.812621663747166,10
6574,111,16,28,11,-11.820301223407922,5
6575,64,10,74,6,-11.828764368523549,4
6576,28,47,63,33,-11.828866423716303,14
6577,86,17,92,11,-11.83357437507567,6
6578,28,34,74,23,-11.834419909257845,11
6579,9,31,15,18,-11.856396499936704,13
6580,41,22,111,14,-11.859477089655313,8
6581,12,11,79,7,-11.866943529008417,4
6582,47,19,11,14,-11.903588292468488,5
6583,57,26,70,16,-11.90658563047212,10
6584,77,17,71,12,-11.915487518479782,5
6585,65,46,114,30,-11.938229846486397,16
6586,18,27,95,18,-11.951490678023534,9
6587,46,41,104,27,-11.952707107210891,14
6588,77,15,37,10,-11.967604181160283,5
6589,55,18,102,12,-11.983866194974432,6
6590,19,17,17,12,-11.997198209588891,5
6591,29,16,64,12,-12.010507228979478,4
6592,81,29,87,18,-12.01535695996611,11
6593,104,12,1,8,-12.020108292717424,4
6594,46,20,30,14,-12.04416469804492,6
6595,89,10,10,7,-12.051235053807009,3
6596,63,18,1,11,-12.054495717242014,7
6597,71,22,104,14,-12.060518806565574,8
6598,3,20,53,14,-12.068087567340713,6
6599,23,22,49,15,-12.076835461637527,7
6600,19,21,72,15,-12.088885005162664,6
6601,35,11,8,8,-12.093356369533684,3
6602,72,20,28,14,-12.11934808588004,6
6603,4,10,15,6,-12.1242208434208,4
6604,37,14,34,10,-12.135815020075325,4
6605,63,12,92,7,-12.136993324985582,5
6606,96,40,11,27,-12.14102850879166,13
6607,70,22,2,14,-12.153236389251056,8
6608,43,22,30,16,-12.163922938579748,6
6609,99,21,107,14,-12.174640608684573,7
6610,84,35,11,24,-12.189911906563859,11
6611,109,15,72,11,-12.199392565133767,4
6612,13,11,42,8,-12.203174115394757,3
6613,106,11,78,8,-12.21024325274275,3
6614,37,19,64,13,-12.216856507558585,6
6615,43,19,75,14,-12.224767647713705,5
6616,60,22,74,14,-12.230302476711504,8
6617,28,13,43,8,-12.235475976434271,5
6618,29,11,58,8,-12.250932195859464,3
6619,19,16,9,11,-12.252328421645837,5
6620,84,11,71,8,-12.255989147154674,3
6621,39,10,32,7,-12.25900875776762,3
6622,41,13,34,8,-12.262731570966233,5
6623,11,32,104,22,-12.263565943853274,10
6624,60,18,37,11,-12.263894360602317,7
6625,39,21,109,15,-12.264003725130951,6
6626,18,15,69,10,-12.281407888329312,5
6627,19,29,51,21,-12.290136577107422,8
6628,77,30,100,21,-12.297677425682458,9
6629,96,29,98,20,-12.301665445316491,9
6630,57,14,75,10,-12.306540056833528,4
6631,94,34,13,23,-12.315280597409897,11
6632,104,23,49,16,-12.322985298305156,7
6633,97,12,67,9,-12.35346782744064,3
6634,12,14,75,9,-12.356839423121746,5
6635,109,10,35,7,-12.407562430544212,3
6636,50,17,36,10,-12.423703215189779,7
6637,58,27,65,18,-12.431650709075084,9
6638,87,31,98,22,-12.43458344819276,9
6639,37,14,18,10,-12.438833593443572,4
6640,81,12,28,8,-12.485800898870087,4
6641,92,15,64,8,-12.492372460791037,7
6642,5,27,75,17,-12.535083552437035,10
6643,3,30,84,19,-12.554534045985248,11
6644,71,18,41,13,-12.557773267008848,5
6645,35,12,3,8,-12.563400964105028,4
6646,5,27,57,19,-12.572003913811173,8
6647,102,12,15,9,-12.597866884640942,3
6648,85,20,39,13,-12.618845399489867,7
6649,78,20,76,15,-12.633094549652572,5
6650,38,13,100,10,-12.638482369277126,3
6651,103,12,50,8,-12.651595097212068,4
6652,5,15,48,11,-12.675358072710548,4
6653,63,40,80,28,-12.682443988429267,12
6654,9,19,11,13,-12.708684805193936,6
6655,88,16,111,12,-12.710530076381987,4
6656,48,12,98,9,-12.72400980532305,3
6657,106,24,46,15,-12.725492516069489,9
6658,49,13,80,8,-12.731038457974943,5
6659,106,14,33,10,-12.736963404825662,4
6660,36,10,95,7,-12.746346244298937,3
6661,1,15,100,10,-12.750379039232412,5
6662,64,14,109,8,-12.756972146613661,6
6663,51,21,80,14,-12.779249811641693,7
6664,11,14,108,10,-12.798974196396992,4
6665,49,16,48,12,-12.810788363261887,4
6666,89,13,63,10,-12.828122832512113,3
6667,94,25,39,17,-12.842801062921897,8
6668,65,21,2,16,-12.8900275785182,5
6669,109,19,17,13,-12.911257852793488,6
6670,88,85,13,60,-12.913347950380574,25
6671,94,13,9,8,-12.936870793436032,5
6672,76,16,74,10,-12.943701075259918,6
6673,12,15,114,9,-12.949509468076533,6
6674,85,11,41,7,-12.952472883327003,4
6675,60,29,91,19,-12.952631394075716,10
6676,77,19,98,14,-12.97671040308093,5
6677,94,17,85,12,-12.991600312687373,5
6678,77,23,8,16,-12.998028971879117,7
6679,12,14,9,10,-13.029002866437166,4
6680,47,14,55,9,-13.036465008068177,5
6681,109,25,15,19,-13.057625002721618,6
6682,72,13,57,11,-13.071458888669095,2
6683,37,41,11,29,-13.080901694615491,12
6684,90,10,57,7,-13.132689572016897,3
6685,37,28,95,21,-13.149042342745602,7
6686,112,17,47,11,-13.19505835586536,6
6687,54,18,36,12,-13.217744798273172,6
6688,54,37,75,25,-13.241406019841683,12
6689,11,23,95,17,-13.263288005084238,6
6690,5,31,102,21,-13.269431869962297,10
6691,99,12,7,8,-13.274517260788413,4
6692,106,19,64,13,-13.295192075566398,6
6693,88,20,80,13,-13.305539707805675,7
6694,46,17,50,11,-13.310329365776978,6
6695,102,13,29,10,-13.321878000516273,3
6696,46,12,18,9,-13.322032493347338,3
6697,32,11,55,7,-13.36363963009391,4
6698,87,27,79,20,-13.366750000927569,7
6699,35,12,104,8,-13.369677424437175,4
6700,103,14,109,9,-13.379278679742848,5
6701,19,15,18,11,-13.380338986795524,4
6702,48,11,62,7,-13.383804058498159,4
6703,45,10,27,7,-13.421070416218551,3
6704,112,11,91,8,-13.423237527272477,3
6705,53,15,75,10,-13.423496737137004,5
6706,68,16,61,11,-13.424919545398375,5
6707,70,13,34,9,-13.426554854854947,4
6708,32,12,25,7,-13.427877456338663,5
6709,45,15,23,11,-13.436468047997268,4
6710,53,19,43,14,-13.438033142991657,5
6711,35,15,36,11,-13.440272285829963,4
6712,51,24,94,17,-13.451133934243911,7
6713,11,14,2,10,-13.45919571362459,4
6714,69,24,27,16,-13.483104419153626,8
6715,108,12,84,9,-13.488009207908556,3
6716,63,32,30,22,-13.49817196218878,10
6717,112,13,55,10,-13.498405767917479,3
6718,29,27,13,18,-13.513958263485302,9
6719,6,10,80,7,-13.522871173076245,3
6720,12,15,30,11,-13.545717330650549,4
6721,91,12,76,9,-13.56346091448288,3
6722,74,10,15,7,-13.56932630742914,3
6723,60,18,34,13,-13.64483641529246,5
6724,18,11,49,8,-13.655065375637419,3
6725,49,13,47,10,-13.686396277061279,3
6726,44,14,104,10,-13.703910249073422,4
6727,31,25,63,18,-13.714594813504094,7
6728,27,10,97,6,-13.735152835550487,4
6729,88,37,95,26,-13.752013257016609,11
6730,57,17,62,13,-13.757275808574347,4
6731,77,24,43,17,-13.78751906666527,7
6732,76,19,7,12,-13.791356001018313,7
6733,112,11,97,9,-13.794615799527321,2
6734,31,74,13,51,-13.800549608099518,23
6735,31,17,98,11,-13.805084918983175,6
6736,112,14,38,11,-13.819485047030144,3
6737,57,12,47,8,-13.842676334165544,4
6738,103,30,100,21,-13.847875266312384,9
6739,72,18,39,13,-13.872487814202472,5
6740,89,18,27,13,-13.875961301826154,5
6741,50,19,53,13,-13.883151416746287,6
6742,83,21,16,15,-13.89514480765839,6
6743,3,31,63,24,-13.905152866710317,7
6744,112,10,25,7,-13.919292260310078,3
6745,112,11,37,8,-13.937736127059297,3
6746,20,14,60,10,-13.93992645286088,4
6747,89,11,19,8,-13.941610438828935,3
6748,69,19,75,14,-13.94230448490658,5
6749,71,24,40,17,-13.948125771645659,7
6750,39,21,108,14,-13.94833446698378,7
6751,109,29,114,22,-13.961336538901845,7
6752,75,12,111,8,-13.972281809419961,4
6753,41,11,6,7,-13.992186541782052,4
6754,54,29,48,20,-14.01975726236914,9
6755,103,16,55,12,-14.032110996505946,4
6756,39,11,45,7,-14.033377854173942,4
6757,77,29,40,21,-14.048771071022598,8
6758,68,31,100,21,-14.067965798054423,10
6759,38,22,104,15,-14.071473191155556,7
6760,9,30,41,21,-14.113579732248974,9
6761,3,32,100,23,-14.177671200718626,9
6762,66,12,58,9,-14.196057070749212,3
6763,75,10,72,7,-14.207053385683185,3
6764,7,17,61,11,-14.217702740281519,6
6765,62,14,12,10,-14.247970004836,4
6766,17,11,83,7,-14.26961565001442,4
6767,18,15,23,10,-14.275894417804931,5
6768,102,11,46,8,-14.307494713152051,3
6769,57,12,31,8,-14.310689026630849,4
6770,86,25,26,19,-14.32203675657022,6
6771,83,10,40,8,-14.347262135245904,2
6772,81,15,100,10,-14.382694095158195,5
6773,90,16,20,11,-14.40477443227545,5
6774,70,26,108,19,-14.427393649276276,7
6775,14,11,80,7,-14.435345395194508,4
6776,35,13,97,10,-14.4445517315995,3
6777,5,12,44,9,-14.447481002517355,3
6778,35,13,63,9,-14.450412261730216,4
6779,2,10,73,7,-14.457830254043136,3
6780,76,10,80,7,-14.461464881129865,3
6781,25,12,34,9,-14.468789684868275,3
6782,57,21,34,15,-14.476694715496805,6
6783,97,15,38,11,-14.531013843539446,4
6784,37,12,73,8,-14.533349572792924,4
6785,50,19,80,15,-14.554439051919099,4
6786,99,12,50,8,-14.581629542155014,4
6787,66,10,39,7,-14.612542929328725,3
6788,109,34,27,23,-14.672056456650022,11
6789,19,16,55,11,-14.68778354720053,5
6790,78,19,17,13,-14.709203332504178,6
6791,83,19,114,14,-14.71253096490687,5
6792,57,22,7,14,-14.718984574621356,8
6793,77,28,7,20,-14.729495105034685,8
6794,31,10,100,7,-14.730848989291465,3
6795,102,11,90,6,-14.739148726840858,5
6796,106,14,32,11,-14.741977351969277,3
6797,51,22,72,15,-14.75505634651796,7
6798,89,11,7,8,-14.785043291363063,3
6799,35,11,102,7,-14.787485364380144,4
6800,76,13,15,9,-14.81353391108204,4
6801,38,13,87,9,-14.859584047072818,4
6802,28,12,110,8,-14.8602682733133,4
6803,94,42,16,31,-14.871920571902171,11
6804,22,12,13,9,-14.994671319317485,3
6805,75,10,45,8,-15.003649946946844,2
6806,99,18,25,13,-15.014737107768294,5
6807,93,10,38,6,-15.046407356806796,4
6808,79,16,104,11,-15.05495488242158,5
6809,20,17,34,13,-15.068240557725042,4
6810,50,19,77,15,-15.082093464135088,4
6811,47,13,78,9,-15.091757543510102,4
6812,29,10,71,8,-15.14318831762859,2
6813,77,11,54,10,-15.154916790692534,1
6814,46,14,93,11,-15.251126640356869,3
6815,94,12,104,9,-15.27233865597327,3
6816,84,15,41,11,-15.33074063826509,4
6817,2,15,100,10,-15.363858490781986,5
6818,25,14,49,10,-15.43786379260084,4
6819,94,15,62,11,-15.456678982493086,4
6820,107,25,73,17,-15.460672720698524,8
6821,39,12,2,9,-15.473797666414958,3
6822,84,22,112,16,-15.486639525748986,6
6823,31,15,69,10,-15.502962092044207,5
6824,104,20,64,15,-15.515264160119221,5
6825,10,11,37,7,-15.516949569025604,4
6826,66,12,13,9,-15.520614540867868,3
6827,14,11,25,9,-15.536643242754739,2
6828,31,12,104,8,-15.561592201078605,4
6829,5,20,23,15,-15.563915929412014,5
6830,90,10,100,8,-15.596895375105728,2
6831,45,14,4,10,-15.600891470448104,4
6832,69,10,23,8,-15.603167423944376,2
6833,85,11,106,8,-15.605731963514037,3
6834,97,13,90,9,-15.62188808576594,4
6835,97,12,14,10,-15.664913845649806,2
6836,77,17,15,13,-15.676504035867326,4
6837,112,14,15,10,-15.700949053545525,4
6838,1,13,8,10,-15.702434313684371,3
6839,51,20,45,15,-15.703190735785386,5
6840,80,13,75,10,-15.71805205236554,3
6841,88,14,98,11,-15.721203352726127,3
6842,35,12,80,9,-15.72406211872363,3
6843,96,16,93,12,-15.73319462766121,4
6844,94,13,17,9,-15.746212612138288,4
6845,35,10,75,8,-15.755761764469415,2
6846,93,11,30,8,-15.77720736230077,3
6847,17,22,95,17,-15.802621580377178,5
6848,41,12,15,9,-15.83344464930069,3
6849,31,45,16,33,-15.837412153743443,12
6850,28,29,90,22,-15.880089586771652,7
6851,57,18,94,13,-15.891839037049907,5
6852,9,30,53,22,-15.894615033798411,8
6853,70,13,80,11,-15.90133341789594,2
6854,51,18,2,12,-15.90559711313002,6
6855,63,13,14,9,-15.961958621197994,4
6856,37,14,15,11,-16.033544043199246,3
6857,5,18,41,12,-16.050377082501456,6
6858,112,15,71,11,-16.11687592102847,4
6859,46,13,98,9,-16.12835125202737,4
6860,102,10,43,7,-16.154622115934174,3
6861,35,12,48,9,-16.1584671300222,3
6862,9,17,48,13,-16.17773183563187,4
6863,60,16,102,11,-16.199085660218575,5
6864,58,25,86,19,-16.26853319646312,6
6865,80,12,34,10,-16.269229317512288,2
6866,77,37,16,28,-16.280895857817438,9
6867,33,16,65,12,-16.286121361101078,4
6868,85,18,30,13,-16.30460960882904,5
6869,98,17,109,13,-16.306862994782442,4
6870,2,19,104,13,-16.35238800305578,6
6871,57,22,100,16,-16.352929528191847,6
6872,83,13,27,11,-16.36809252264109,2
6873,43,11,110,8,-16.376498956572302,3
6874,40,10,29,8,-16.37829418439082,2
6875,103,13,74,10,-16.409823032190317,3
6876,39,19,99,15,-16.42872930905631,4
6877,25,25,11,20,-16.429746187224737,5
6878,55,15,14,12,-16.464885141480416,3
6879,87,10,61,7,-16.482333693393567,3
6880,29,17,109,11,-16.515354927424745,6
6881,64,10,66,8,-16.526342406123632,2
6882,79,12,17,9,-16.528587589888385,3
6883,76,19,54,14,-16.540023798121855,5
6884,81,17,49,12,-16.548537671207548,5
6885,68,22,95,18,-16.550204863156033,4
6886,36,10,101,8,-16.627946704419497,2
6887,69,23,53,17,-16.67657945090473,6
6888,112,28,78,21,-16.679149831728488,7
6889,71,15,95,10,-16.72675418994599,5
6890,83,13,23,10,-16.744700089549813,3
6891,76,10,1,7,-16.815372977495876,3
6892,69,14,72,11,-16.843378758894527,3
6893,29,27,88,20,-16.852047860671814,7
6894,48,14,78,11,-16.88793509976696,3
6895,10,12,13,9,-16.89276746041982,3
6896,57,18,29,14,-16.901122362734952,4
6897,46,12,43,9,-16.90387334173946,3
6898,112,19,20,15,-16.964936240764274,4
6899,31,10,38,6,-16.97274158238424,4
6900,102,11,48,9,-16.98431234773642,2
6901,70,11,48,8,-17.04295857723929,3
6902,1,14,18,11,-17.058153705270225,3
6903,9,29,27,21,-17.072056537621457,8
6904,2,11,60,8,-17.11684300008854,3
6905,41,19,30,14,-17.13390543113777,5
6906,23,13,72,10,-17.14817782244225,3
6907,5,22,27,16,-17.186967099907662,6
6908,106,10,35,7,-17.319051156851785,3
6909,35,10,60,7,-17.41812694726481,3
6910,29,10,80,8,-17.457200220457587,2
6911,12,13,55,10,-17.50536963681713,3
6912,83,11,110,9,-17.575104905290946,2
6913,67,10,20,8,-17.6724550880506,2
6914,9,12,108,8,-17.689021813252335,4
6915,3,11,5,7,-17.694163901939547,4
6916,51,23,90,18,-17.7178788097309,5
6917,55,12,44,9,-17.771847163193563,3
6918,5,18,30,15,-17.81053305502534,3
6919,88,17,32,13,-17.824594134673823,4
6920,114,11,111,8,-17.846918134233796,3
6921,41,10,35,7,-17.84884882348167,3
6922,30,15,95,11,-17.91990160883281,4
6923,62,17,78,13,-18.093769732536938,4
6924,54,10,67,8,-18.121548101252507,2
6925,79,10,75,8,-18.185200748196127,2
6926,109,16,12,13,-18.236529516658816,3
6927,43,12,81,9,-18.327617727929386,3
6928,6,11,19,8,-18.335706204340305,3
6929,13,20,80,14,-18.335804849316276,6
6930,54,12,34,10,-18.362976743969615,2
6931,18,10,5,8,-18.464269170029826,2
6932,31,15,106,11,-18.52908676481624,4
6933,109,14,19,11,-18.610693282372274,3
6934,12,10,45,8,-18.65380711999512,2
6935,28,17,99,13,-18.754584808369174,4
6936,102,12,27,10,-18.772173343475483,2
6937,29,14,72,11,-18.82179434643442,3
6938,35,15,87,11,-18.824404565886294,4
6939,33,20,55,16,-18.82593244000092,4
6940,97,12,34,9,-18.831202908180156,3
6941,4,13,98,11,-18.936498509144613,2
6942,106,11,89,7,-18.95338953455919,4
6943,106,10,92,8,-19.041690772468705,2
6944,43,12,45,9,-19.04326521517843,3
6945,54,16,4,14,-19.244087603842104,2
6946,18,14,99,11,-19.290873438644514,3
6947,36,19,30,17,-19.30529767168729,2
6948,29,11,114,8,-19.428812885704772,3
6949,6,11,30,9,-19.605882514870544,2
6950,5,11,64,9,-19.698196874853632,2
6951,31,11,15,8,-19.738787942525683,3
6952,32,12,95,10,-19.760326388824467,2
6953,97,13,73,9,-19.966763707753135,4
6954,84,12,7,10,-20.160900959942534,2
6955,68,38,112,30,-20.161440612174857,8
6956,34,10,64,8,-20.224712091526342,2
6957,103,10,75,9,-20.241991505098973,1
6958,10,15,51,12,-20.332726180509006,3
6959,94,23,81,17,-20.51779847980575,6
6960,94,12,48,10,-20.576242864974443,2
6961,108,13,114,10,-20.766174427392738,3
6962,3,18,48,14,-20.774618563560654,4
6963,68,11,90,9,-20.787956198015944,2
6964,3,17,75,14,-20.897191698320935,3
6965,10,14,112,11,-21.02177070913973,3
6966,112,16,80,12,-21.10879540796462,4
6967,37,10,19,9,-21.121276459586678,1
6968,51,11,101,9,-21.22662017561448,2
6969,91,16,104,15,-21.31971827875211,1
6970,4,13,25,11,-21.42004260246313,2
6971,4,15,41,10,-21.480590173913868,5
6972,57,15,112,12,-21.579966031161533,3
6973,62,12,34,10,-21.778436974548583,2
6974,31,12,62,9,-21.790941067775986,3
6975,38,12,55,10,-22.071024000200875,2
6976,97,12,91,10,-22.175648770183788,2
6977,1,10,3,8,-22.67051623941871,2
6978,57,14,26,11,-23.006782602638843,3
6979,8,11,4,10,-23.17790508365148,1
6980,77,19,75,16,-23.528365703077355,3
6981,42,11,104,10,-24.554805995086454,1
6982,33,11,100,10,-25.460296177649862,1
6983,89,14,11,13,-26.028444475517254,1
6984,38,10,69,9,-27.695920761479563,1
6985,61,10,98,10,-28.323329566102483,0
6986,23,13,90,12,-28.362481429909796,1
6987,90,10,109,10,-29.27148169421411,0
6988,37,11,44,11,-29.883498899257123,0
6989,102,17,112,16,-31.59305348177514,1
