,againstHero,games,hero,losses,shift,wins
0,17,10,81,0,31.104140358623045,10
1,44,11,37,0,29.88349889925713,11
2,112,18,102,2,28.496084585485107,16
3,98,10,61,0,28.323329566102494,10
4,69,10,38,1,27.695920761479556,9
5,98,10,81,1,27.56322031639677,9
6,49,10,106,1,25.681632401928862,9
7,55,15,38,2,25.19286181976179,13
8,90,14,23,2,25.1914979759845,12
9,104,12,42,1,24.904925932331494,11
10,26,16,57,3,24.881124922939264,13
11,74,10,53,2,24.36471273024663,8
12,75,19,77,3,23.52836570307736,16
13,4,11,8,1,23.177905083651485,10
14,104,18,91,1,22.937436859705542,17
15,3,10,1,2,22.670516239418717,8
16,67,10,75,2,22.344866661605135,8
17,91,12,97,2,22.175648770183784,10
18,62,12,31,3,21.790941067775986,9
19,100,13,33,2,21.62284692524605,11
20,41,15,4,5,21.48059017391386,10
21,25,13,4,2,21.420042602463127,11
22,75,18,3,3,21.417290354619,15
23,101,11,51,2,21.226620175614492,9
24,76,11,31,1,21.157211826935978,10
25,80,16,112,4,21.108795407964617,12
26,51,16,10,3,21.051824036569297,13
27,109,10,90,1,21.034570289962243,9
28,112,14,10,3,21.021770709139737,11
29,53,10,19,2,20.842785083839225,8
30,34,11,77,1,20.530353874618392,10
31,30,11,10,2,20.38962047667116,9
32,112,38,68,8,20.161440612174868,30
33,7,12,84,2,20.160900959942538,10
34,48,22,3,5,20.04071280653289,17
35,4,17,54,2,19.994435391851386,15
36,73,13,97,4,19.966763707753138,9
37,30,12,6,2,19.865749004424455,10
38,89,12,106,4,19.849086778440608,8
39,95,12,32,2,19.760326388824467,10
40,15,11,31,3,19.738787942525676,8
41,64,11,5,2,19.698196874853622,9
42,80,11,29,2,19.670803114551134,9
43,102,10,72,2,19.49495525831096,8
44,114,12,29,3,19.392096732655677,9
45,64,14,34,3,19.390401823844165,11
46,30,19,36,2,19.305297671687292,17
47,99,14,18,3,19.290873438644518,11
48,34,13,62,3,19.217276142512915,10
49,92,10,106,2,19.04169077246869,8
50,76,18,43,3,19.026963739752578,15
51,95,10,91,2,19.016995093352214,8
52,98,13,4,2,18.93649850914462,11
53,34,12,97,3,18.831202908180163,9
54,55,20,33,4,18.82593244000092,16
55,27,12,102,2,18.772173343475483,10
56,99,17,28,4,18.75458480836917,13
57,112,16,57,4,18.741640604630682,12
58,48,14,94,3,18.679447719754858,11
59,95,16,30,4,18.59476138296642,12
60,106,15,31,4,18.52908676481623,11
61,72,13,81,4,18.287707067400415,9
62,81,25,94,7,18.232288763777706,18
63,67,10,54,2,18.121548101252504,8
64,39,10,42,2,18.051951181856023,8
65,35,10,41,3,17.84884882348167,7
66,111,11,114,3,17.846918134233793,8
67,32,17,88,4,17.824594134673823,13
68,48,13,35,3,17.821530991658573,10
69,30,18,5,3,17.81053305502534,15
70,35,13,109,3,17.789223446519653,10
71,85,10,15,2,17.788004047228643,8
72,44,12,55,3,17.77184716319358,9
73,90,12,68,3,17.719685937760904,9
74,81,16,43,4,17.708072706454832,12
75,5,11,3,4,17.694163901939536,7
76,20,10,67,2,17.672455088050597,8
77,102,18,60,5,17.60770484195146,13
78,104,13,94,3,17.60567868727478,10
79,110,11,83,2,17.575104905290953,9
80,108,11,109,3,17.40163308376229,8
81,35,10,106,3,17.31905115685177,7
82,91,10,3,2,17.297149981337704,8
83,100,11,90,2,17.223893222106007,9
84,27,22,5,6,17.18696709990766,16
85,88,28,29,7,17.154392005842116,21
86,60,11,2,3,17.116843000088547,8
87,18,15,46,3,17.114833090306377,12
88,27,29,9,8,17.072056537621442,21
89,30,26,41,6,17.065409214144072,20
90,18,14,1,3,17.058153705270215,11
91,73,13,37,4,17.032463348069772,9
92,90,25,51,6,16.98113610300884,19
93,38,10,31,4,16.97274158238423,6
94,20,19,112,4,16.964936240764278,15
95,43,12,46,3,16.90387334173946,9
96,22,10,41,2,16.895138763704843,8
97,13,12,10,3,16.89276746041981,9
98,26,11,12,3,16.87748269880037,8
99,37,12,10,4,16.877061428062927,8
100,3,11,95,3,16.769038777456778,8
101,77,15,76,3,16.756455650082987,12
102,60,10,26,3,16.74543091529222,7
103,23,13,83,3,16.74470008954982,10
104,95,15,71,5,16.726754189945982,10
105,78,28,112,7,16.67914983172849,21
106,53,23,69,6,16.676579450904736,17
107,101,10,36,2,16.627946704419482,8
108,95,22,68,4,16.55020486315604,18
109,17,12,79,3,16.528587589888392,9
110,34,10,61,1,16.513382683902012,9
111,16,46,31,12,16.494251500601973,34
112,14,15,55,3,16.46488514148042,12
113,74,12,64,4,16.440953543226588,8
114,19,11,37,2,16.4401797639671,9
115,99,19,39,4,16.42872930905631,15
116,14,14,63,4,16.386711509096077,10
117,110,11,43,3,16.376498956572302,8
118,27,13,83,2,16.3680925226411,11
119,104,19,2,6,16.35238800305577,13
120,25,12,14,2,16.337614979675553,10
121,65,16,33,4,16.286121361101067,12
122,34,12,80,2,16.26922931751229,10
123,71,15,112,4,16.11687592102847,11
124,87,19,35,6,16.11679485458087,13
125,41,18,5,6,16.050377082501452,12
126,8,13,108,3,16.00695825478633,10
127,57,11,90,3,15.975273202140915,8
128,62,12,48,4,15.963389974606171,8
129,80,13,70,2,15.901333417895945,11
130,90,29,28,7,15.88008958677165,22
131,80,14,76,4,15.87988367140994,10
132,93,15,46,3,15.866750824235567,12
133,95,22,17,5,15.802621580377183,17
134,12,18,62,5,15.77140020730931,13
135,110,13,28,4,15.75542536900984,9
136,17,13,94,4,15.746212612138288,9
137,93,16,96,4,15.733194627661216,12
138,80,12,35,3,15.724062118723628,9
139,75,13,80,3,15.718052052365538,10
140,15,14,112,4,15.700949053545523,10
141,14,12,97,2,15.664913845649805,10
142,54,11,10,3,15.645825981672173,8
143,74,16,103,4,15.643038585876099,12
144,106,11,85,3,15.605731963514026,8
145,4,14,45,4,15.60089147044811,10
146,23,21,5,5,15.554175057753397,16
147,69,15,31,5,15.502962092044207,10
148,9,15,12,4,15.494125308722385,11
149,112,23,84,6,15.486639525748984,17
150,2,12,39,3,15.473797666414951,9
151,73,25,107,8,15.46067272069853,17
152,94,13,72,4,15.447807821252342,9
153,5,11,18,3,15.389394006883377,8
154,100,15,2,5,15.36385849078198,10
155,29,21,57,5,15.35999035135382,16
156,114,15,108,4,15.270376800556944,11
157,48,31,54,9,15.15203502038891,22
158,71,10,29,2,15.143188317628589,8
159,43,13,102,4,15.12742817504257,9
160,86,29,58,7,15.095351107022626,22
161,60,16,20,4,15.074406318316193,12
162,25,18,99,5,15.014737107768298,13
163,45,10,75,2,15.00364994694684,8
164,13,12,22,3,14.994671319317483,9
165,80,14,49,5,14.99318638978968,9
166,49,10,44,3,14.992301775479177,7
167,104,24,38,7,14.977006233689528,17
168,111,18,88,4,14.891378091601458,14
169,38,12,93,5,14.887591780281296,7
170,102,11,35,4,14.787485364380144,7
171,7,11,89,3,14.785043291363074,8
172,17,21,109,6,14.77972719513033,15
173,11,26,25,6,14.778705544740387,20
174,9,18,19,5,14.772730517620861,13
175,32,14,106,3,14.741977351969275,11
176,100,10,31,3,14.730848989291468,7
177,7,28,77,8,14.729495105034692,20
178,114,19,83,5,14.712530964906861,14
179,55,15,12,4,14.659208117082445,11
180,23,17,45,5,14.633454544359154,12
181,75,11,103,2,14.618807679917433,9
182,8,25,77,7,14.612256603393078,18
183,18,16,34,4,14.60047624736332,12
184,50,14,103,4,14.598236066613513,10
185,50,12,99,4,14.581629542155012,8
186,90,10,18,3,14.572865755876737,7
187,34,18,20,4,14.557800978959818,14
188,80,19,50,4,14.554439051919097,15
189,27,25,69,8,14.53516647824794,17
190,34,10,108,2,14.47806718750258,8
191,19,12,6,4,14.46906875309814,8
192,34,12,25,3,14.468789684868279,9
193,73,10,2,3,14.457830254043134,7
194,17,22,78,7,14.455986406772633,15
195,44,12,5,3,14.447481002517359,9
196,97,13,35,3,14.444551731599496,10
197,80,11,14,4,14.435345395194517,7
198,108,26,70,7,14.427393649276278,19
199,100,38,3,10,14.385259867103803,28
200,104,38,27,11,14.367134728519877,27
201,53,12,91,3,14.364240541230364,9
202,47,19,112,6,14.35203478831677,13
203,40,10,83,2,14.347262135245902,8
204,100,21,81,7,14.332150578710534,14
205,45,15,43,5,14.31794966361631,10
206,31,12,57,4,14.310689026630854,8
207,48,10,112,2,14.307464286387091,8
208,19,20,109,6,14.305000975474687,14
209,23,15,18,5,14.275894417804937,10
210,16,22,83,6,14.273795003910386,16
211,83,11,17,4,14.269615650014424,7
212,114,30,109,7,14.263150833488547,23
213,34,25,57,7,14.246419359699368,18
214,61,17,7,6,14.217702740281522,11
215,50,18,46,6,14.208875687593249,12
216,72,10,75,3,14.207053385683185,7
217,33,10,19,4,14.198164828754605,6
218,54,23,76,7,14.164964310491744,16
219,53,32,9,9,14.164130450753671,23
220,80,22,13,8,14.136399928885787,14
221,26,26,86,6,14.092560899301935,20
222,74,24,48,9,14.067708006346335,15
223,40,29,77,8,14.0487710710226,21
224,15,14,52,4,14.026248257676636,10
225,41,31,9,9,13.990507643067811,22
226,111,12,75,4,13.972281809419972,8
227,58,12,29,3,13.952580214272475,9
228,40,24,71,7,13.948125771645659,17
229,75,19,69,5,13.942304484906572,14
230,37,11,112,3,13.937736127059289,8
231,25,10,112,3,13.919292260310073,7
232,45,11,12,3,13.905186638720528,8
233,34,15,41,5,13.902632667621374,10
234,97,11,112,2,13.794615799527316,9
235,47,13,57,4,13.774921234941399,9
236,61,12,87,4,13.760538340997263,8
237,18,15,29,4,13.759102795902567,11
238,97,10,27,4,13.735152835550473,6
239,95,25,11,7,13.725658005456241,18
240,38,13,43,5,13.719684581128757,8
241,63,25,31,7,13.714594813504087,18
242,112,10,109,3,13.713802849046607,7
243,45,21,51,6,13.706946532575506,15
244,34,10,95,3,13.704508911135058,7
245,57,28,5,8,13.702708831126637,20
246,92,10,25,3,13.698642336458672,7
247,60,11,35,4,13.648279310586378,7
248,108,16,11,4,13.647782335147589,12
249,75,15,12,5,13.63556285801919,10
250,41,29,12,8,13.623588976279665,21
251,48,13,70,4,13.615964738776976,9
252,104,12,47,2,13.613279534811948,10
253,99,12,11,4,13.594978977058028,8
254,84,32,3,11,13.566312963849295,21
255,41,19,84,6,13.556150264603875,13
256,80,10,6,3,13.522871173076231,7
257,13,33,29,11,13.51680271792765,22
258,55,13,112,3,13.49840576791747,10
259,84,12,108,3,13.488009207908556,9
260,30,35,63,11,13.474095643481393,24
261,109,18,98,5,13.444061011572101,13
262,36,15,35,4,13.440272285829971,11
263,25,12,32,5,13.427877456338669,7
264,61,16,68,5,13.424919545398383,11
265,75,15,53,5,13.423496737137011,10
266,58,14,103,4,13.42165289938014,10
267,71,15,84,4,13.41321574412034,11
268,80,22,51,7,13.405837899191413,15
269,74,12,3,3,13.385856762614395,9
270,104,12,35,4,13.369677424437175,8
271,108,10,12,4,13.367955655554766,6
272,17,14,48,5,13.364907872446567,9
273,55,11,32,4,13.363639630093912,7
274,35,18,45,7,13.348739323329763,11
275,108,13,9,5,13.341841222661904,8
276,11,16,18,5,13.321280125838719,11
277,15,17,37,4,13.319007709477827,13
278,8,12,35,3,13.311489751182302,9
279,80,20,88,7,13.305539707805673,13
280,8,14,1,4,13.305141225086524,10
281,64,19,106,6,13.295192075566392,13
282,104,43,46,14,13.294982678813746,29
283,7,12,99,4,13.27451726078842,8
284,48,20,49,5,13.272537147968347,15
285,95,39,88,12,13.236869470595256,27
286,36,18,54,6,13.217744798273168,12
287,109,20,29,8,13.210765864197802,12
288,19,14,79,5,13.189433599982168,9
289,95,28,37,7,13.149042342745599,21
290,48,13,103,3,13.133825600656486,10
291,94,10,91,2,13.125494056890847,8
292,7,16,81,6,13.106635849592113,10
293,64,16,92,7,13.08148644517277,9
294,45,12,38,3,13.079918436245945,9
295,74,23,62,7,13.07201740553172,16
296,55,14,47,5,13.036465008068177,9
297,15,18,55,4,13.03115867267244,14
298,63,14,35,5,12.998216518752985,9
299,65,25,57,7,12.982382134863352,18
300,87,21,38,6,12.977098547387394,15
301,92,10,84,4,12.962976398847768,6
302,98,19,106,6,12.954874150336938,13
303,64,20,37,6,12.946494518825181,14
304,64,10,94,4,12.918584959999516,6
305,49,31,11,8,12.90727989085518,23
306,2,21,65,5,12.890027578518191,16
307,33,12,43,4,12.882845460192625,8
308,42,10,41,3,12.856406375174817,7
309,53,24,109,7,12.84584836422391,17
310,1,11,76,4,12.827717897490277,7
311,49,15,25,5,12.785517383168523,10
312,7,21,76,8,12.770945993300979,13
313,100,15,1,5,12.750379039232417,10
314,95,10,36,3,12.746346244298936,7
315,27,11,90,3,12.746161225633635,8
316,11,44,37,14,12.738426249160874,30
317,98,33,87,9,12.73723226761893,24
318,33,14,106,4,12.736963404825657,10
319,27,13,45,4,12.720614115305077,9
320,64,21,104,6,12.715850674799656,15
321,13,76,31,25,12.705633823012963,51
322,80,40,63,12,12.682443988429267,28
323,38,16,97,5,12.68239796661763,11
324,104,13,31,5,12.68196482072701,8
325,48,15,5,4,12.675358072710559,11
326,76,16,91,4,12.675010057050905,12
327,7,23,57,9,12.666461617234948,14
328,85,20,94,6,12.645956344332358,14
329,39,20,85,7,12.618845399489865,13
330,87,36,81,13,12.612539931268493,23
331,2,21,51,8,12.59592396910538,13
332,41,18,71,5,12.557773267008855,13
333,29,11,40,3,12.55488590787739,8
334,63,32,3,8,12.548769683390436,24
335,42,12,13,3,12.522183516198908,9
336,111,24,41,8,12.478825250714587,16
337,23,11,69,3,12.468155133637696,8
338,79,30,87,8,12.466071130940087,22
339,53,25,108,9,12.439042536725594,16
340,18,14,37,4,12.438833593443572,10
341,108,20,3,6,12.432323006954837,14
342,36,17,50,7,12.423703215189775,10
343,12,25,109,7,12.415216667804735,18
344,100,39,103,12,12.41470677382374,27
345,18,12,89,4,12.399376228356623,8
346,34,16,38,4,12.397613710381254,12
347,30,32,43,8,12.380438584424923,24
348,49,12,92,4,12.374864484595678,8
349,67,12,97,3,12.353467827440639,9
350,13,91,88,27,12.345868204497036,64
351,16,50,94,14,12.339437916019307,36
352,39,12,66,4,12.326990757641061,8
353,13,34,94,11,12.315280597409904,23
354,98,18,88,5,12.300728896947142,13
355,69,15,18,5,12.281407888329316,10
356,40,15,81,4,12.276802562895192,11
357,98,30,96,9,12.27549839186978,21
358,73,19,88,6,12.262693289910839,13
359,32,10,39,3,12.259008757767624,7
360,100,25,57,8,12.24904881178982,17
361,64,14,20,3,12.230112840596973,11
362,75,19,43,5,12.224767647713705,14
363,33,19,20,6,12.22272846414757,13
364,15,10,97,3,12.205780494305644,7
365,78,13,89,4,12.201646848352171,9
366,34,15,54,4,12.199946008042932,11
367,2,15,11,5,12.196157085843712,10
368,75,11,35,3,12.188091693345983,8
369,75,21,109,6,12.181700739963029,15
370,78,23,62,8,12.17692984868392,15
371,107,21,99,7,12.174640608684578,14
372,2,22,70,8,12.153236389251047,14
373,53,20,50,7,12.152614797488543,13
374,11,40,96,13,12.141028508791658,27
375,93,13,104,4,12.138932518021328,9
376,15,10,4,4,12.124220843420797,6
377,90,14,97,5,12.113619530203449,9
378,107,18,83,5,12.107720877525319,13
379,15,40,109,11,12.097785808212032,29
380,87,13,85,4,12.077215618367395,9
381,100,17,38,4,12.063654867780365,13
382,1,18,63,7,12.054495717242016,11
383,30,20,46,6,12.044164698044929,14
384,43,14,28,5,12.028046594555397,9
385,98,35,49,11,12.02726278399483,24
386,1,12,104,4,12.02010829271743,8
387,27,44,109,15,12.013596617203577,29
388,102,32,5,11,12.011851390558954,21
389,102,18,55,6,11.983866194974429,12
390,37,15,77,5,11.967604181160285,10
391,76,22,57,6,11.963037229635306,16
392,95,27,18,9,11.951490678023532,18
393,28,13,81,4,11.947384191502273,9
394,70,27,57,10,11.940546365796532,17
395,114,46,65,16,11.938229846486395,30
396,64,23,29,6,11.931584281694109,17
397,108,16,68,5,11.92861631232352,11
398,71,17,77,5,11.915487518479784,12
399,98,18,31,7,11.908816140421921,11
400,8,14,53,4,11.896656881070545,10
401,79,11,12,4,11.866943529008417,7
402,53,16,38,5,11.864509466472807,11
403,87,38,114,14,11.829889255675036,24
404,92,11,109,3,11.825872450184745,8
405,76,20,89,6,11.806616453007383,14
406,94,22,57,7,11.796472246977714,15
407,8,21,40,6,11.791921402372768,15
408,44,10,54,3,11.791894285038762,7
409,51,34,81,12,11.790201731891965,22
410,112,10,62,3,11.780471922009976,7
411,49,21,81,8,11.780141471258919,13
412,62,19,94,6,11.771555517167428,13
413,55,18,19,6,11.767861803446278,12
414,15,35,9,14,11.764798522569036,21
415,74,24,60,9,11.762098333048542,15
416,29,10,33,3,11.748714107960842,7
417,63,17,102,6,11.747209471298389,11
418,34,12,69,2,11.742698738008174,10
419,55,25,43,6,11.714024478286158,19
420,81,14,109,4,11.703106695945644,10
421,91,13,96,4,11.692854193124049,9
422,72,12,53,4,11.691048729366395,8
423,98,14,46,5,11.686706496340813,9
424,34,23,28,7,11.682170467841413,16
425,8,10,81,3,11.678569579324542,7
426,38,16,112,4,11.658656299185447,12
427,7,26,19,7,11.65176644692338,19
428,55,23,23,9,11.64391055385205,14
429,100,12,40,4,11.638460148115916,8
430,11,10,110,2,11.637838089699006,8
431,16,49,77,16,11.631795909949023,33
432,75,17,38,4,11.628826987325251,13
433,55,18,103,5,11.613833617793848,13
434,75,16,29,6,11.609985031917775,10
435,11,23,70,7,11.609570033059047,16
436,102,17,34,5,11.589345586040313,12
437,23,11,11,3,11.568338446113309,8
438,36,16,104,6,11.564722196156035,10
439,111,10,71,3,11.563837134119524,7
440,21,13,87,4,11.56318091799384,9
441,53,14,46,5,11.556347535591735,9
442,18,12,84,4,11.526678691260484,8
443,110,12,7,5,11.526061320417648,7
444,98,21,77,6,11.52597944233578,15
445,35,11,65,3,11.518581403700487,8
446,98,14,75,5,11.497093707313164,9
447,68,12,37,4,11.496583691347068,8
448,94,10,89,2,11.466175489745245,8
449,114,41,106,14,11.462749893343949,27
450,34,20,60,6,11.434147211488856,14
451,75,39,54,14,11.408133317564468,25
452,73,10,75,5,11.395199340418811,5
453,4,11,38,3,11.395009854616482,8
454,78,17,53,6,11.357198680475333,11
455,52,11,108,3,11.346744817608853,8
456,58,15,66,4,11.346720879682533,11
457,108,11,112,4,11.335603356831966,7
458,104,15,44,5,11.332078649569057,10
459,49,15,55,5,11.3111037781176,10
460,69,13,91,5,11.30407928014614,8
461,80,10,5,3,11.295210617596885,7
462,111,11,27,3,11.279710088837586,8
463,2,14,55,5,11.276816159574052,9
464,75,52,7,17,11.2746633859962,35
465,100,37,68,13,11.267713662407388,24
466,83,11,70,5,11.265042422069474,6
467,34,21,76,8,11.25579697597524,13
468,87,37,91,11,11.245446126548853,26
469,53,23,17,7,11.244737606744525,16
470,46,25,106,10,11.236273437212292,15
471,25,25,68,8,11.235607083018879,17
472,45,12,39,5,11.230688824941206,7
473,46,20,96,8,11.223825219116968,12
474,25,15,3,5,11.214634960222725,10
475,89,11,1,4,11.209011069389932,7
476,78,13,1,4,11.156578268103182,9
477,77,11,84,3,11.146803196268667,8
478,74,18,76,7,11.146528741211789,11
479,104,34,11,11,11.141180204048961,23
480,58,12,45,4,11.132316744798048,8
481,78,12,66,4,11.131528298187064,8
482,46,15,70,5,11.123543654837006,10
483,48,11,102,3,11.116814719382416,8
484,46,12,102,4,11.102504599435605,8
485,74,13,32,4,11.10166419198237,9
486,79,23,57,8,11.10038188990658,15
487,11,36,84,12,11.100193468531899,24
488,64,29,112,8,11.096215333139424,21
489,72,18,23,6,11.095824509208407,12
490,38,27,65,10,11.074356765807053,17
491,55,39,1,12,11.047135752371082,27
492,32,12,114,4,11.045874107216173,8
493,16,17,32,6,11.045561391190379,11
494,47,10,84,3,11.043789003229906,7
495,91,31,60,12,11.03333094942879,19
496,41,14,92,5,11.016394202336146,9
497,100,56,65,18,11.012297063888095,38
498,15,13,71,4,11.00914391321025,9
499,100,13,46,4,11.008373565977177,9
500,53,22,3,7,11.00713121353016,15
501,51,20,110,6,11.00014817045874,14
502,13,25,97,9,10.985857531237667,16
503,108,10,33,2,10.973473020601881,8
504,78,19,48,6,10.970643433777502,13
505,63,37,91,11,10.96934953874397,26
506,72,19,29,7,10.96437258105495,12
507,65,29,58,10,10.961146082647751,19
508,63,48,28,15,10.937243385325443,33
509,6,12,41,5,10.932480964173765,7
510,44,17,39,6,10.931701642504198,11
511,55,28,64,8,10.917217929011832,20
512,27,23,89,7,10.916667031315177,16
513,48,22,9,7,10.894666127588817,15
514,79,13,106,4,10.885501834452416,9
515,86,17,67,6,10.856458271232293,11
516,11,15,81,5,10.851443298256322,10
517,104,32,77,11,10.833725252578544,21
518,100,41,49,14,10.82349227562521,27
519,106,17,81,7,10.816681182916202,10
520,85,12,75,3,10.8046837733115,9
521,16,16,10,5,10.804455826828548,11
522,55,25,91,7,10.79161282762655,18
523,101,12,13,3,10.774607059056445,9
524,59,11,7,3,10.7712398180592,8
525,23,15,91,6,10.74878606870166,9
526,106,14,108,4,10.746780907865295,10
527,26,12,89,4,10.740745132559544,8
528,5,19,60,6,10.737943337535818,13
529,11,12,91,3,10.737589094202368,9
530,54,11,111,3,10.714143810197234,8
531,37,19,60,8,10.713928216657274,11
532,43,13,36,5,10.713552025008552,8
533,63,17,33,6,10.663903494014164,11
534,109,13,18,5,10.661050401191993,8
535,28,13,103,4,10.609246701939709,9
536,7,31,91,9,10.609100286101583,22
537,104,26,75,9,10.574353916694225,17
538,78,15,47,6,10.571891033683885,9
539,95,15,9,6,10.569002592922947,9
540,64,13,102,4,10.555701452012437,9
541,28,17,40,7,10.551622113062646,10
542,23,17,47,5,10.535721291866688,12
543,50,19,68,8,10.535408083030939,11
544,93,12,90,4,10.530779388732013,8
545,71,19,97,6,10.523533962196902,13
546,27,27,36,10,10.52334959933135,17
547,109,23,39,7,10.513513507021566,16
548,8,10,26,4,10.512024852650757,6
549,30,20,85,7,10.510030437811338,13
550,78,15,46,6,10.435320162132959,9
551,9,15,94,6,10.428736566666437,9
552,19,21,81,7,10.4227612410005,14
553,28,40,75,13,10.392665070295688,27
554,47,20,49,6,10.392378098470413,14
555,63,16,10,5,10.390771257176633,11
556,92,20,86,8,10.390718106028087,12
557,72,19,48,8,10.39005352377676,11
558,49,12,38,3,10.381808513494702,9
559,62,10,81,3,10.381128876663768,7
560,11,36,41,11,10.379563011526507,25
561,106,16,93,6,10.37915501513517,10
562,50,39,88,14,10.364860984100918,25
563,94,10,7,3,10.355621654064775,7
564,40,16,102,6,10.346146758066931,10
565,37,48,54,16,10.345446907641227,32
566,74,37,28,13,10.332746781815512,24
567,27,50,19,16,10.322720990335485,34
568,43,20,91,6,10.319641089398722,14
569,43,21,53,6,10.284664483279865,15
570,91,12,112,4,10.264176950121668,8
571,67,16,106,6,10.252161434234207,10
572,12,18,106,5,10.245560433617426,13
573,75,12,79,4,10.235318929578343,8
574,16,49,96,14,10.230768867165024,35
575,64,49,60,15,10.225579774670619,34
576,97,10,48,4,10.2212335454347,6
577,30,17,31,7,10.214096274935345,10
578,90,19,104,7,10.205908373136616,12
579,97,42,37,14,10.199316810918761,28
580,98,15,2,6,10.198603389321663,9
581,71,13,33,4,10.195530501937558,9
582,90,14,48,5,10.193948361787585,9
583,22,14,27,5,10.193537492582191,9
584,6,12,9,5,10.175309866966638,7
585,54,24,43,9,10.170685643554325,15
586,12,44,107,13,10.16896739229528,31
587,76,31,35,11,10.147473531625215,20
588,92,16,68,5,10.147306838487294,11
589,50,41,20,14,10.147144974204984,27
590,96,11,23,4,10.143008283174428,7
591,53,37,31,14,10.136338371296794,23
592,53,36,36,11,10.114732824687982,25
593,40,16,49,6,10.077718304922936,10
594,65,19,66,6,10.074291419797639,13
595,64,16,76,6,10.071620985041546,10
596,73,18,40,6,10.060776256522114,12
597,107,16,10,6,10.056408787562026,10
598,44,10,38,3,10.048373138060263,7
599,30,16,61,5,10.045667078233517,11
600,104,13,103,5,10.042344107934964,8
601,65,50,93,19,10.04207995603563,31
602,80,11,43,4,10.040501076551807,7
603,70,10,3,3,10.036631807498475,7
604,110,13,107,4,10.034721322746927,9
605,28,21,72,7,10.026127135244147,14
606,111,19,63,7,10.01291034850113,12
607,104,23,71,9,10.004145398382484,14
608,104,28,12,9,9.997064443952299,19
609,58,11,61,4,9.991140661268366,7
610,95,25,65,9,9.98743882075493,16
611,114,16,12,7,9.985343546707197,9
612,99,10,19,3,9.983244859068366,7
613,6,15,61,5,9.976861344972216,10
614,43,26,77,9,9.972633937246163,17
615,89,12,102,5,9.960584439425153,7
616,46,14,90,5,9.960134782518509,9
617,6,10,63,4,9.937889152099226,6
618,39,44,20,17,9.93573323054779,27
619,29,31,86,10,9.927999065138597,21
620,104,13,66,3,9.923020394172244,10
621,95,10,2,3,9.920312629990494,7
622,74,42,46,14,9.91934754308771,28
623,1,11,57,4,9.916035104284747,7
624,30,18,70,7,9.91397370546994,11
625,15,10,33,3,9.911800000475987,7
626,85,12,64,4,9.89511233166771,8
627,110,20,16,7,9.893450419413218,13
628,17,15,71,6,9.87407872077162,9
629,100,36,29,13,9.854950363543345,23
630,9,32,31,11,9.853659783790295,21
631,53,10,98,4,9.839111782848335,6
632,18,13,62,4,9.836449313736404,9
633,7,26,96,8,9.825450759982106,18
634,54,13,57,3,9.824315369895022,10
635,72,12,58,4,9.82204609075914,8
636,44,23,13,8,9.816634162051665,15
637,40,24,17,8,9.815776001763272,16
638,80,12,3,5,9.815065017111898,7
639,104,18,79,7,9.811537818194267,11
640,106,24,18,8,9.811498602513073,16
641,111,10,70,4,9.807746966138032,6
642,114,16,62,6,9.799890996069497,10
643,60,38,29,14,9.79180298065323,24
644,64,28,9,9,9.786359712966286,19
645,49,26,23,9,9.783761857204421,17
646,37,24,83,9,9.783726366978422,15
647,53,46,88,15,9.78193060158057,31
648,107,50,109,17,9.773866073654954,33
649,30,36,109,11,9.769459369987052,25
650,108,37,13,13,9.76086171077813,24
651,38,20,3,7,9.756465034901842,13
652,34,14,70,5,9.755416516876581,9
653,39,27,112,10,9.753849767447484,17
654,63,52,84,20,9.74716223383734,32
655,102,38,86,13,9.743964141517802,25
656,19,16,89,5,9.736687292718283,11
657,43,19,31,10,9.72085277355369,9
658,52,15,8,5,9.715026692600484,10
659,28,18,111,6,9.712251206209237,12
660,54,36,60,12,9.70707038462816,24
661,8,34,114,11,9.699231858321156,23
662,66,12,64,4,9.686533226244311,8
663,88,22,112,8,9.681832903230312,14
664,60,21,45,8,9.677047968687354,13
665,54,58,109,19,9.67695339511369,39
666,79,18,65,7,9.67569283729834,11
667,18,18,19,6,9.671027434005147,12
668,77,21,50,6,9.66669596040321,15
669,100,12,71,4,9.660687520316314,8
670,102,29,87,10,9.659456627337189,19
671,21,11,88,4,9.657212734415223,7
672,22,10,114,5,9.649313306364824,5
673,75,40,8,13,9.637059553855455,27
674,70,17,109,6,9.623350653501722,11
675,46,19,29,9,9.620601125954796,10
676,80,17,30,6,9.61803117509945,11
677,99,14,8,6,9.611065592860317,8
678,83,18,84,7,9.609473734372155,11
679,26,26,13,8,9.602286103777367,18
680,76,28,9,9,9.591794162872961,19
681,92,10,31,4,9.586105290347549,6
682,73,20,7,8,9.582485903794176,12
683,47,18,3,6,9.572563324649543,12
684,27,28,31,12,9.569633624787398,16
685,17,17,3,7,9.550337372259282,10
686,94,34,12,13,9.548988489200946,21
687,39,26,106,10,9.547502317564264,16
688,42,10,51,3,9.543588102916445,7
689,20,11,75,4,9.527707505687728,7
690,92,11,97,5,9.525917165548373,6
691,1,22,31,9,9.525804060927042,13
692,20,32,25,11,9.520523686179047,21
693,8,17,36,6,9.512360266950532,11
694,33,13,69,5,9.51115802646404,8
695,114,13,2,5,9.509158562417845,8
696,37,22,99,7,9.502759058160704,15
697,75,29,5,12,9.487135559909316,17
698,11,25,89,8,9.473905386940322,17
699,17,17,27,7,9.460737631704882,10
700,23,35,76,13,9.453849648482663,22
701,89,12,114,5,9.444885030105086,7
702,32,11,63,4,9.44232166344675,7
703,30,26,91,8,9.427060372061138,18
704,49,28,43,9,9.426048088184672,19
705,16,87,27,31,9.424723753734757,56
706,13,15,66,5,9.423769127657133,10
707,13,15,2,6,9.422510080465475,9
708,63,26,69,9,9.418073544330804,17
709,16,13,56,4,9.403965360554954,9
710,27,54,60,17,9.403592600006064,37
711,70,17,69,5,9.402150324196048,12
712,109,11,36,3,9.390936468630548,8
713,68,35,8,13,9.383705775915503,22
714,73,14,54,5,9.38293263538315,9
715,29,13,95,5,9.382021477576467,8
716,100,36,41,13,9.381375330902392,23
717,27,16,4,6,9.378715415982096,10
718,23,10,89,3,9.369382103123732,7
719,28,19,12,6,9.364727152511893,13
720,28,24,62,9,9.3614354821999,15
721,26,12,28,4,9.352858082446945,8
722,1,20,87,8,9.344990956449255,12
723,57,27,46,10,9.344538995427152,17
724,54,13,81,5,9.33569894630605,8
725,18,30,9,10,9.325317307118523,20
726,33,14,91,6,9.295795343540846,8
727,62,24,40,11,9.275726600058688,13
728,78,12,106,4,9.274742533638902,8
729,87,27,93,10,9.26552442404966,17
730,55,12,72,4,9.264849417303106,8
731,20,16,90,6,9.256704804618028,10
732,3,13,90,5,9.249544176835473,8
733,29,20,69,8,9.248313015601626,12
734,30,34,88,14,9.246002926232096,20
735,74,26,39,10,9.238307519906488,16
736,91,23,20,9,9.233435902067155,14
737,34,22,68,8,9.223132933256244,14
738,6,10,3,4,9.218279048257845,6
739,16,68,106,23,9.214524352720519,45
740,62,14,93,6,9.214086704299504,8
741,49,40,69,17,9.212563576492524,23
742,79,10,41,4,9.204704069079494,6
743,90,11,9,4,9.20276056009471,7
744,40,28,3,9,9.202268323423784,19
745,95,21,114,8,9.195016624238175,13
746,81,16,63,6,9.193429569946275,10
747,72,35,3,14,9.184646039383031,21
748,54,19,58,8,9.183988111852093,11
749,112,22,29,8,9.174610307731976,14
750,34,15,37,5,9.170559355322496,10
751,75,12,61,5,9.169495709034498,7
752,62,21,63,8,9.161474645821357,13
753,76,14,10,5,9.157178184443993,9
754,50,43,5,17,9.15604936984071,26
755,27,46,15,18,9.146833997351346,28
756,1,11,5,4,9.143641454097294,7
757,28,23,112,8,9.12022356401639,15
758,57,13,2,5,9.119959996501729,8
759,72,34,51,14,9.116032162946548,20
760,92,11,17,4,9.114563540800479,7
761,109,15,31,5,9.11388757240418,10
762,58,18,15,6,9.107099163408304,12
763,63,42,76,14,9.095548156513598,28
764,94,12,75,4,9.080901166069646,8
765,57,54,107,21,9.078700261285773,33
766,8,13,103,4,9.075472836435573,9
767,57,16,40,6,9.075047590769481,10
768,80,39,107,13,9.074881524481428,26
769,95,31,51,10,9.060456234548898,21
770,85,17,65,6,9.053734140937447,11
771,111,16,39,6,9.048818598860482,10
772,16,10,42,4,9.042303853739883,6
773,20,23,9,8,9.038770174451411,15
774,90,24,13,8,9.032620362184462,16
775,7,55,87,19,9.031940434035894,36
776,72,13,104,5,9.028766073834529,8
777,13,24,83,9,9.019898615590662,15
778,5,15,36,6,9.008614310253613,9
779,85,19,50,7,9.007921978503543,12
780,8,64,5,24,9.002251377410767,40
781,1,25,65,10,9.00217902882169,15
782,30,14,93,5,8.997367289185707,9
783,78,15,80,5,8.990142670025016,10
784,30,34,38,10,8.98771819596022,24
785,111,26,107,11,8.980921347663001,15
786,63,16,89,5,8.974860507493934,11
787,97,18,36,7,8.970668153566256,11
788,47,20,114,8,8.969382880850313,12
789,18,29,65,11,8.945594040325455,18
790,73,11,70,5,8.94135129372028,6
791,51,26,74,8,8.938947542412071,18
792,73,12,31,4,8.93891957013575,8
793,84,29,29,11,8.921575167609982,18
794,26,10,88,4,8.919527282390272,6
795,110,19,25,6,8.91770167255822,13
796,27,37,77,13,8.902317857478243,24
797,76,10,52,4,8.902002264737622,6
798,60,25,112,9,8.892237229267325,16
799,27,30,53,10,8.892087302529344,20
800,69,12,97,4,8.888377862411463,8
801,11,37,103,11,8.88352440731211,26
802,45,24,107,9,8.882581208643296,15
803,89,23,103,9,8.876083953057384,14
804,112,12,98,4,8.873991556640124,8
805,6,15,12,7,8.87368712650089,8
806,86,26,52,9,8.860510586631698,17
807,47,28,60,10,8.854852442447159,18
808,20,20,3,7,8.846112059849583,13
809,37,15,1,6,8.845768047127498,9
810,32,15,87,5,8.844155029434871,10
811,51,28,33,8,8.842467587731502,20
812,47,18,18,6,8.827723884174087,12
813,63,19,36,7,8.822881427312195,12
814,63,22,77,7,8.819997532642512,15
815,84,19,19,7,8.813396640852732,12
816,6,25,16,11,8.8111160873656,14
817,36,18,47,6,8.810892372607718,12
818,106,10,42,3,8.802546839644403,7
819,63,18,19,6,8.792724982250471,12
820,6,12,46,5,8.791371018033741,7
821,77,14,99,4,8.784719144285264,10
822,53,19,62,7,8.774535122161454,12
823,74,37,84,16,8.764103490564013,21
824,8,34,84,12,8.76285424467774,22
825,28,16,52,6,8.75730555636181,10
826,41,12,85,5,8.754152386383817,7
827,100,49,12,18,8.747229844038118,31
828,38,14,106,7,8.745019433529976,7
829,100,11,45,4,8.741854306775865,7
830,65,11,32,4,8.739314169667136,7
831,4,22,17,7,8.727735068009611,15
832,7,14,66,6,8.72512173427205,8
833,54,34,27,13,8.710685091224436,21
834,49,13,53,5,8.697012890359371,8
835,27,30,112,11,8.685425209929864,19
836,19,12,31,4,8.67684008479621,8
837,53,11,54,4,8.67028832638361,7
838,70,12,58,4,8.66252309250944,8
839,73,28,8,11,8.656865963639591,17
840,57,18,72,5,8.656042983673217,13
841,60,33,69,14,8.651136747788067,19
842,57,28,109,11,8.649257296097343,17
843,78,31,34,12,8.617783805898933,19
844,13,22,6,8,8.600067561462977,14
845,2,34,107,12,8.596357154255273,22
846,63,41,48,15,8.591649372014341,26
847,4,22,87,7,8.590843038311563,15
848,94,14,38,5,8.588521468701918,9
849,95,23,55,8,8.57500650986488,15
850,9,22,104,8,8.574493523715214,14
851,49,10,93,4,8.57216379677568,6
852,104,25,84,10,8.56947534453975,15
853,91,13,71,5,8.567246551132914,8
854,26,14,16,6,8.561151203860886,8
855,103,23,68,9,8.554646323444773,14
856,78,11,36,4,8.552435160203324,7
857,94,11,2,4,8.550586885180525,7
858,33,26,107,11,8.550231212849107,15
859,94,12,35,5,8.545638882275084,7
860,110,11,63,4,8.534985747455591,7
861,53,20,61,6,8.524850655507475,14
862,81,22,69,9,8.517997866855394,13
863,80,11,77,4,8.51548819382583,7
864,95,35,8,14,8.511725721270738,21
865,91,10,78,4,8.509891184332398,6
866,33,10,109,4,8.506616474826911,6
867,64,28,40,10,8.496071624321134,18
868,29,15,37,6,8.491699980771868,9
869,77,21,81,8,8.489387100758686,13
870,104,42,60,13,8.478948441293786,29
871,50,20,48,7,8.466418162124782,13
872,63,37,20,15,8.464473402081477,22
873,18,49,39,18,8.452166369571016,31
874,95,14,96,5,8.450373982592184,9
875,58,28,39,11,8.44913825818417,17
876,8,24,41,8,8.446748885751393,16
877,96,24,70,11,8.437417991026258,13
878,74,13,29,5,8.43490713331415,8
879,55,20,114,7,8.432483182241096,13
880,49,23,103,9,8.430062008794607,14
881,73,19,90,7,8.424101991862461,12
882,39,31,94,12,8.422178177214382,19
883,109,14,67,7,8.410228891959635,7
884,76,19,114,6,8.409978744602121,13
885,69,12,61,3,8.397253145469621,9
886,13,64,3,23,8.391574104919606,41
887,15,46,88,14,8.3891474445959,32
888,17,23,19,8,8.388951890856246,15
889,7,45,25,16,8.3728066183483,29
890,7,22,5,8,8.357081514884822,14
891,41,33,31,12,8.353957395244583,21
892,100,39,60,14,8.34450872963222,25
893,48,25,96,9,8.343995751105185,16
894,10,11,89,4,8.341464117822111,7
895,44,30,86,11,8.339333779949047,19
896,16,55,76,23,8.329101044974603,32
897,23,17,57,7,8.325705463814282,10
898,25,15,9,5,8.323455878342038,10
899,30,28,84,9,8.312213416268424,19
900,79,20,51,9,8.309517555811908,11
901,76,25,72,8,8.309464568911439,17
902,37,43,46,14,8.306667442353499,29
903,98,25,29,9,8.302046476403795,16
904,92,13,63,6,8.301235837359338,7
905,86,17,56,6,8.300855291965847,11
906,49,24,29,9,8.30024160945298,15
907,48,17,15,7,8.294674307198186,10
908,90,31,106,10,8.283845461248369,21
909,62,22,57,7,8.282890505105964,15
910,15,14,79,6,8.279617988476957,8
911,41,18,91,6,8.2766719527744,12
912,37,12,14,5,8.26646783507543,7
913,85,12,47,3,8.252970893280144,9
914,93,10,76,4,8.25053412937542,6
915,75,18,1,6,8.241769187322511,12
916,39,33,78,12,8.23120894198311,21
917,11,15,83,5,8.230715708736339,10
918,69,21,106,8,8.230262561693127,13
919,37,31,7,12,8.226042864777218,19
920,99,10,71,4,8.224966300288866,6
921,76,26,78,8,8.222243964722066,18
922,112,14,40,6,8.221202026655064,8
923,80,11,81,5,8.214427134711954,6
924,43,10,61,4,8.197501979978238,6
925,75,17,57,6,8.19573859465214,11
926,15,13,6,4,8.195238270954562,9
927,39,71,68,28,8.190418917898802,43
928,94,30,51,11,8.188387798869615,19
929,38,16,57,7,8.179065570967875,9
930,60,38,12,17,8.176704391599657,21
931,51,18,92,7,8.176167071622316,11
932,49,27,104,10,8.170229238591212,17
933,15,12,45,4,8.153486583178362,8
934,70,19,64,6,8.153009023968611,13
935,4,10,112,4,8.145974306589784,6
936,56,14,107,6,8.142413744294041,8
937,107,17,61,7,8.134950583984788,10
938,50,36,55,15,8.131693382626922,21
939,16,80,63,30,8.13155611753475,50
940,20,11,110,4,8.125291114928707,7
941,68,32,18,12,8.124281581571264,20
942,9,12,98,5,8.123745049728663,7
943,81,11,111,3,8.120062859865856,8
944,103,36,19,14,8.100617120715635,22
945,73,14,51,5,8.09774388932274,9
946,43,17,4,7,8.083539648296874,10
947,8,17,32,7,8.079749532998788,10
948,110,16,97,6,8.077466293642962,10
949,50,18,70,8,8.072010588554928,10
950,110,19,39,6,8.071999499945951,13
951,98,44,86,17,8.071238892551682,27
952,27,23,55,7,8.063317604605784,16
953,97,29,68,11,8.062315589675796,18
954,19,15,46,6,8.056646218005667,9
955,20,36,84,11,8.048616703285955,25
956,89,19,37,9,8.048334757683454,10
957,75,16,102,5,8.04721906343612,11
958,9,18,47,7,8.046612767203923,11
959,16,78,55,28,8.046061626286074,50
960,98,15,48,5,8.040930745507078,10
961,63,27,38,8,8.035551882917902,19
962,49,22,37,9,8.028262573829634,13
963,35,15,15,7,8.022752633552923,8
964,63,12,52,5,8.01519600341839,7
965,35,11,9,5,8.012816785902414,6
966,65,28,5,11,8.012091300535628,17
967,91,31,98,12,8.010154956050263,19
968,13,53,18,20,8.007631805605522,33
969,112,16,30,5,8.002240454922294,11
970,102,19,96,7,7.995631160966492,12
971,98,16,40,7,7.993416961646092,9
972,5,28,84,11,7.986435375626316,17
973,30,56,13,21,7.985423855556956,35
974,75,44,50,15,7.963443352466475,29
975,114,17,30,7,7.958588719714499,10
976,11,25,38,9,7.9536919014982335,16
977,12,26,15,10,7.947105545908148,16
978,98,10,83,3,7.946776918388257,7
979,98,19,71,7,7.940784287039028,12
980,17,23,64,9,7.937110775809494,14
981,102,20,88,6,7.922214123871077,14
982,88,10,82,4,7.912578083642501,6
983,91,15,109,6,7.909273763301175,9
984,78,11,31,5,7.904414780494012,6
985,53,14,90,5,7.9010322992925905,9
986,17,16,29,7,7.899676305324428,9
987,80,30,87,11,7.899566888780317,19
988,100,36,77,13,7.8937700982811645,23
989,61,11,54,4,7.891370825375349,7
990,54,34,40,13,7.877426017050995,21
991,114,25,90,10,7.870165683504547,15
992,74,15,30,6,7.866164013267469,9
993,28,30,2,11,7.862984699152351,19
994,44,12,35,5,7.859665557157527,7
995,23,12,10,5,7.85948423488221,7
996,106,26,91,9,7.859341034872011,17
997,16,16,92,4,7.858675892555915,12
998,103,15,38,4,7.856323051216228,11
999,94,19,60,7,7.840596501641602,12
1000,114,20,1,7,7.837742070296789,13
1001,70,16,93,6,7.834949393241649,10
1002,5,22,17,7,7.829641724195981,15
1003,54,14,108,4,7.821734358546891,10
1004,25,46,46,19,7.820401195025543,27
1005,75,29,47,9,7.802637218083723,20
1006,114,12,110,4,7.800316810979699,8
1007,107,31,31,15,7.788469010128701,16
1008,111,25,13,11,7.788425056310504,14
1009,47,10,111,4,7.786638633209638,6
1010,17,18,43,7,7.779410969380074,11
1011,92,14,114,4,7.774797164908201,10
1012,72,16,34,6,7.77292036434715,10
1013,53,11,73,4,7.756297558195458,7
1014,111,19,51,7,7.750696049131197,12
1015,28,29,68,10,7.748993038967358,19
1016,15,11,46,4,7.742583584977325,7
1017,44,11,84,5,7.741464370739859,6
1018,108,17,57,7,7.738005960337114,10
1019,27,13,46,4,7.731849992239067,9
1020,16,14,101,5,7.729447625525021,9
1021,78,17,104,6,7.72449974280056,11
1022,114,21,96,8,7.708209589747937,13
1023,44,24,6,8,7.699216026117287,16
1024,75,61,68,22,7.69823200491078,39
1025,86,28,1,11,7.696680317913666,17
1026,62,11,96,3,7.693312023908734,8
1027,111,25,7,10,7.690323425771979,15
1028,53,24,12,10,7.689304922789229,14
1029,5,32,11,12,7.687442157533873,20
1030,90,22,63,9,7.68656156905561,13
1031,71,22,54,9,7.686527692328838,13
1032,87,39,70,17,7.68015007462121,22
1033,8,38,9,17,7.672754136226992,21
1034,41,31,77,10,7.669158331056241,21
1035,37,24,96,10,7.665844925696507,14
1036,41,24,53,9,7.658578683597692,15
1037,15,31,76,12,7.65227848190212,19
1038,33,13,31,6,7.647223417443057,7
1039,70,11,60,4,7.646435749026204,7
1040,15,13,96,5,7.641753691009957,8
1041,97,29,5,10,7.639418302115126,19
1042,28,28,3,11,7.638630473496032,17
1043,30,63,39,26,7.636348270662189,37
1044,71,14,27,5,7.6209744722933594,9
1045,72,18,69,7,7.600823321303466,11
1046,51,20,91,7,7.599736540322733,13
1047,18,20,36,8,7.594902878501233,12
1048,103,18,84,8,7.589982363677433,10
1049,72,10,36,4,7.585561627806544,6
1050,28,31,114,13,7.584853881328921,18
1051,47,14,43,5,7.584709684437342,9
1052,3,12,85,6,7.584252500547151,6
1053,58,17,112,7,7.574468513714297,10
1054,53,31,112,14,7.574348903828081,17
1055,62,18,38,6,7.548829857854368,12
1056,43,40,15,15,7.542443432650495,25
1057,85,10,46,3,7.538229298143683,7
1058,33,16,7,7,7.5321884826380465,9
1059,6,11,55,3,7.526848268362221,8
1060,6,11,31,5,7.520489323813347,6
1061,64,10,93,5,7.507177747442428,5
1062,78,14,37,5,7.49665243432836,9
1063,7,21,109,8,7.493740572538848,13
1064,34,24,48,10,7.493315514142353,14
1065,16,28,1,9,7.488361785520795,19
1066,71,15,76,7,7.4875920550169335,8
1067,20,23,68,10,7.482872234261611,13
1068,41,23,89,8,7.477544889027711,15
1069,70,14,36,6,7.476080415111225,8
1070,45,12,53,5,7.463487107897499,7
1071,27,11,80,4,7.4617467678086795,7
1072,47,18,69,7,7.454070061027652,11
1073,74,16,77,6,7.445248923450912,10
1074,11,12,71,5,7.444969376445687,7
1075,13,66,43,28,7.440342784840276,38
1076,73,18,5,7,7.416873021801379,11
1077,36,34,41,16,7.412500474371831,18
1078,68,25,109,9,7.412111880903939,16
1079,70,30,20,11,7.408681007686706,19
1080,77,10,91,4,7.405339289847274,6
1081,75,14,76,6,7.401272000460674,8
1082,78,15,81,7,7.39481400250261,8
1083,10,15,28,5,7.394064388880875,10
1084,7,22,56,9,7.387479337914444,13
1085,64,48,51,19,7.3869058165331,29
1086,34,39,8,15,7.376713752738501,24
1087,71,19,81,7,7.374213709282574,12
1088,73,10,71,4,7.373234065194549,6
1089,56,12,88,5,7.371104573008601,7
1090,31,14,80,4,7.367135464628979,10
1091,106,10,61,3,7.3668858265854,7
1092,25,16,33,5,7.365926272964513,11
1093,37,21,27,8,7.364913856955695,13
1094,78,13,114,6,7.362319764057864,7
1095,41,11,61,4,7.351525315520968,7
1096,23,18,114,6,7.3449426375970175,12
1097,49,38,3,16,7.3432239910291495,22
1098,40,41,104,15,7.3422918945341555,26
1099,75,16,2,7,7.332326563651876,9
1100,62,30,88,12,7.323841783087015,18
1101,70,42,5,17,7.323141246130925,25
1102,30,11,89,4,7.308013110163145,7
1103,39,41,29,18,7.304518646366591,23
1104,13,65,106,25,7.3036939245307035,40
1105,60,21,66,7,7.300914124516517,14
1106,23,29,41,11,7.298881565876133,18
1107,5,27,98,11,7.298838761636912,16
1108,11,23,9,9,7.298808121542034,14
1109,91,28,39,11,7.290499527253926,17
1110,23,32,68,14,7.289923232946887,18
1111,43,31,40,13,7.287691070183644,18
1112,2,18,54,6,7.287492324178089,12
1113,94,15,34,6,7.27613843510101,9
1114,55,20,68,7,7.273979151335484,13
1115,86,84,96,32,7.269360183001262,52
1116,110,16,70,6,7.267896542251018,10
1117,75,19,81,7,7.259552889264536,12
1118,61,10,18,4,7.259552128825379,6
1119,69,12,96,4,7.2527556906488675,8
1120,31,14,5,5,7.246607645789558,9
1121,107,51,43,20,7.242880587203017,31
1122,114,27,40,9,7.240772461331045,18
1123,100,45,11,17,7.238621158497686,28
1124,58,12,57,5,7.2358962284082144,7
1125,41,15,90,6,7.225732946536368,9
1126,98,14,93,6,7.212314028509714,8
1127,14,14,95,5,7.1971223272437035,9
1128,100,44,43,18,7.19173380594824,26
1129,112,15,43,6,7.1893251112725824,9
1130,90,18,39,8,7.18884605844648,10
1131,49,11,45,4,7.1803155778985435,7
1132,36,16,112,6,7.175574629533444,10
1133,60,37,15,15,7.16452361135591,22
1134,97,26,51,9,7.145200913148905,17
1135,11,48,109,18,7.1450528827924655,30
1136,111,12,69,5,7.144443379259749,7
1137,34,41,87,16,7.139875778207834,25
1138,13,12,93,5,7.127658172301537,7
1139,7,100,51,37,7.124169403819477,63
1140,67,12,107,4,7.124134838046416,8
1141,30,12,45,4,7.122960634637173,8
1142,86,30,83,10,7.114862976089353,20
1143,45,33,7,13,7.114147641228474,20
1144,40,51,55,19,7.109300201154281,32
1145,104,30,3,11,7.107283026543044,19
1146,1,10,45,4,7.100044646871245,6
1147,100,29,102,10,7.094058761081434,19
1148,48,17,89,5,7.093940889199019,12
1149,72,26,68,10,7.0895204907033165,16
1150,69,19,94,7,7.087672737054438,12
1151,16,137,88,52,7.08443502387227,85
1152,85,10,53,3,7.078145746437185,7
1153,34,30,51,12,7.076884840746255,18
1154,64,12,91,4,7.075901103097942,8
1155,98,30,63,12,7.074142027349341,18
1156,37,50,25,21,7.070541112352608,29
1157,17,14,62,6,7.064031186672311,8
1158,99,18,36,6,7.061516094995866,12
1159,63,25,18,9,7.057051865944985,16
1160,104,20,69,7,7.050658503403548,13
1161,35,17,51,7,7.047942210096517,10
1162,75,25,49,10,7.046279748381454,15
1163,13,33,76,12,7.038479005207701,21
1164,16,59,18,22,7.032123452105876,37
1165,95,15,40,6,7.026458120737086,9
1166,80,16,68,6,7.020946425736165,10
1167,48,24,108,9,7.014059937549278,15
1168,23,27,100,11,7.009589643156791,16
1169,40,13,69,4,7.006717860168273,9
1170,62,15,5,6,6.992708759597396,9
1171,17,20,55,9,6.987444025974706,11
1172,45,21,86,8,6.965581378488734,13
1173,18,23,97,9,6.9651635757198616,14
1174,16,34,36,13,6.962309553248682,21
1175,32,18,104,6,6.9592250863895515,12
1176,4,25,51,9,6.952578906103851,16
1177,15,47,51,19,6.943413881570839,28
1178,99,22,86,8,6.942610615046107,14
1179,99,12,88,5,6.93913123202866,7
1180,51,68,63,29,6.931807102822892,39
1181,109,21,103,9,6.924430579250193,12
1182,47,44,13,17,6.918967707744426,27
1183,87,39,40,17,6.915208460636839,22
1184,98,31,76,12,6.9145039131956345,19
1185,106,15,34,7,6.912913791967051,8
1186,108,41,87,16,6.91269863894956,25
1187,58,21,68,8,6.904652684866492,13
1188,87,76,19,29,6.9012046722432965,47
1189,39,81,49,30,6.900466168563073,51
1190,41,31,3,10,6.894617259118267,21
1191,39,16,14,7,6.8922808961517115,9
1192,95,28,50,11,6.891870477756295,17
1193,88,13,67,4,6.891493842154361,9
1194,27,19,35,7,6.889601577867774,12
1195,12,32,11,13,6.888481262915148,19
1196,106,15,99,5,6.882359612487443,10
1197,60,43,4,19,6.864343045215706,24
1198,30,18,66,6,6.852995561397102,12
1199,39,62,60,26,6.846993632230984,36
1200,16,60,109,23,6.839893936386638,37
1201,85,28,72,10,6.836972195015779,18
1202,20,15,29,6,6.832826874702712,9
1203,95,25,106,9,6.830338155584791,16
1204,30,29,37,10,6.828235844394076,19
1205,54,19,103,6,6.822625419861542,13
1206,27,22,38,7,6.822548072188939,15
1207,68,69,31,28,6.821634358561019,41
1208,94,22,109,10,6.819260229170754,12
1209,108,25,39,11,6.818183477112846,14
1210,56,13,4,6,6.816273515879686,7
1211,72,12,9,5,6.815404743606017,7
1212,89,11,109,4,6.815319908032908,7
1213,50,22,102,10,6.809919414830619,12
1214,86,58,75,25,6.8096287667181254,33
1215,112,13,34,5,6.8082332829048,8
1216,14,21,28,7,6.807027415542909,14
1217,28,14,108,6,6.806119384401875,8
1218,20,11,103,4,6.805078312960618,7
1219,28,16,49,7,6.801284823553006,9
1220,79,15,108,5,6.783855393965387,10
1221,97,20,57,8,6.78123727728494,12
1222,8,10,42,5,6.780541784776636,5
1223,39,34,38,13,6.771830878870733,21
1224,27,78,87,30,6.76879445534877,48
1225,39,43,88,17,6.751316626963761,26
1226,33,17,50,7,6.750798742645289,10
1227,63,27,109,12,6.749986635160673,15
1228,45,24,65,11,6.749492390769215,13
1229,94,10,71,4,6.748460655059323,6
1230,12,30,77,12,6.742992963364651,18
1231,41,13,80,5,6.741244434437033,8
1232,54,63,70,25,6.740490617059239,38
1233,74,38,96,14,6.7318287322523656,24
1234,43,11,20,5,6.726970372628883,6
1235,13,49,23,22,6.72653700751392,27
1236,30,32,55,12,6.725062001131899,20
1237,28,35,97,13,6.716635909782017,22
1238,18,46,87,19,6.710200939212427,27
1239,83,15,74,7,6.703298030488861,8
1240,3,21,94,9,6.694525909511697,12
1241,100,17,48,7,6.683873052775684,10
1242,99,11,54,4,6.681725927932732,7
1243,64,38,31,15,6.680717740842574,23
1244,51,36,89,13,6.673825889522733,23
1245,65,46,29,18,6.670792875820868,28
1246,14,15,88,6,6.669368246830069,9
1247,54,40,68,15,6.664511597084578,25
1248,85,20,54,7,6.664179187550934,13
1249,83,11,71,5,6.6562053803338666,6
1250,71,19,37,8,6.653996053488666,11
1251,32,26,5,10,6.647447060451906,16
1252,23,49,60,19,6.637846899098563,30
1253,74,16,71,7,6.635644376222863,9
1254,4,30,65,12,6.635600395573753,18
1255,62,26,68,11,6.63500576126116,15
1256,89,12,3,5,6.631921145874357,7
1257,25,48,5,19,6.626414170343125,29
1258,16,49,64,19,6.621781791045983,30
1259,71,52,13,22,6.6022668326221785,30
1260,60,13,22,5,6.601421861223266,8
1261,73,16,13,6,6.598047492921335,10
1262,50,23,109,9,6.597376468902569,14
1263,86,29,73,13,6.584732384148775,16
1264,27,11,101,4,6.582303845846215,7
1265,40,69,68,26,6.582199138795172,43
1266,84,28,57,13,6.577348977317855,15
1267,86,41,17,18,6.574590310379946,23
1268,53,26,114,11,6.571088082289225,15
1269,75,31,63,13,6.570041946714362,18
1270,8,85,87,34,6.56528588678453,51
1271,106,32,23,15,6.549055396089183,17
1272,88,14,66,5,6.547507660204173,9
1273,26,12,107,5,6.545382512387971,7
1274,72,29,65,12,6.536977853075842,17
1275,91,13,80,5,6.531108694088667,8
1276,102,12,38,3,6.529266346603467,9
1277,44,16,64,6,6.52641817446092,10
1278,37,30,38,12,6.5188975255259205,18
1279,43,19,9,9,6.516487550593223,10
1280,16,51,46,19,6.512171867654425,32
1281,55,66,65,27,6.5120252706716855,39
1282,74,29,55,12,6.5036195464677915,17
1283,20,13,100,5,6.503255223034949,8
1284,60,35,50,16,6.502388433089166,19
1285,90,11,102,6,6.502237322589013,5
1286,78,33,8,13,6.499222895598337,20
1287,86,56,97,23,6.486588721597318,33
1288,41,17,45,6,6.481894211723943,11
1289,78,50,87,20,6.476955481741333,30
1290,98,11,68,4,6.469927695975062,7
1291,47,10,108,4,6.468563071332279,6
1292,108,18,15,7,6.457248165244113,11
1293,11,15,10,6,6.454288934219358,9
1294,8,20,91,8,6.453847873736635,12
1295,104,17,112,7,6.449220165667967,10
1296,58,11,8,5,6.443712074888385,6
1297,9,10,103,4,6.443196583257506,6
1298,39,12,79,4,6.437313974618905,8
1299,53,31,30,13,6.435311783368029,18
1300,76,42,68,14,6.432494917060022,28
1301,75,21,100,10,6.42687784088126,11
1302,69,30,57,11,6.426659822386942,19
1303,96,23,80,9,6.423400971659434,14
1304,108,21,98,9,6.422836015811619,12
1305,84,28,48,11,6.421668889523295,17
1306,61,10,23,4,6.419517618014351,6
1307,64,33,63,14,6.4168724867260085,19
1308,78,33,3,15,6.4163908285477245,18
1309,7,20,62,8,6.416308867276496,12
1310,64,38,65,16,6.415105269042925,22
1311,6,11,72,5,6.413604067518454,6
1312,48,21,55,8,6.406579400537662,13
1313,69,31,43,13,6.402817656860297,18
1314,80,20,37,8,6.401050818487377,12
1315,13,43,8,17,6.398491936801805,26
1316,43,19,103,7,6.396904626354191,12
1317,79,12,49,4,6.395374558799645,8
1318,18,14,103,5,6.394395650528971,9
1319,33,13,96,7,6.392035038140804,6
1320,107,32,47,13,6.388799131361193,19
1321,28,16,27,5,6.382931621067466,11
1322,16,49,91,17,6.375760311143111,32
1323,8,21,19,8,6.375645357313697,13
1324,33,15,102,6,6.371524301983967,9
1325,56,10,37,4,6.3674406628794715,6
1326,7,24,46,8,6.3620461131037525,16
1327,19,26,108,11,6.350393793009972,15
1328,46,14,77,6,6.346489877085669,8
1329,85,17,96,5,6.345069391274805,12
1330,28,43,9,19,6.342362216975373,24
1331,15,16,91,8,6.341064031534598,8
1332,28,34,7,13,6.33926057444583,21
1333,54,37,95,16,6.3333929852257755,21
1334,68,19,33,7,6.331867165290327,12
1335,103,26,60,11,6.3137571240902455,15
1336,107,29,103,12,6.313293915688408,17
1337,63,51,88,19,6.3108086639374505,32
1338,23,51,87,20,6.310188060559548,31
1339,16,55,9,19,6.3089959191170175,36
1340,28,36,102,15,6.294379170221607,21
1341,58,14,53,7,6.293430755494421,7
1342,92,17,40,7,6.2908337110868535,10
1343,12,15,4,5,6.2855790295334035,10
1344,18,34,8,12,6.282344592473867,22
1345,18,32,30,13,6.280894973246172,19
1346,86,21,4,8,6.279484499549702,13
1347,55,24,70,10,6.272647161931926,14
1348,20,45,5,17,6.2703736334427855,28
1349,89,15,53,7,6.26765697101517,8
1350,15,33,81,14,6.267345288821909,19
1351,15,12,95,5,6.265255655621168,7
1352,13,36,19,13,6.263152831598927,23
1353,107,65,55,27,6.2629651896189,38
1354,29,40,30,15,6.260770607059245,25
1355,39,24,81,9,6.2522820107309345,15
1356,39,18,83,7,6.251089662915293,11
1357,104,53,51,19,6.249711889194556,34
1358,64,23,43,9,6.243099040961702,14
1359,37,49,63,19,6.239339617220506,30
1360,88,19,103,9,6.238827349504131,10
1361,114,48,5,20,6.2376335334787205,28
1362,95,10,94,5,6.229015093991729,5
1363,53,15,100,6,6.219411389232119,9
1364,55,14,58,6,6.218287556947672,8
1365,28,37,70,15,6.2149266559981875,22
1366,114,24,70,9,6.214622620602992,15
1367,64,15,33,5,6.212117552366028,10
1368,35,15,84,6,6.209299301194259,9
1369,108,26,88,10,6.206778138596414,16
1370,74,19,12,7,6.205068941759818,12
1371,50,30,71,13,6.204695227712774,17
1372,74,28,70,13,6.203999405338759,15
1373,63,28,2,12,6.2000184918514885,16
1374,87,46,9,19,6.192350375466498,27
1375,89,14,34,6,6.18641499176121,8
1376,13,73,40,31,6.184837754544506,42
1377,30,51,11,20,6.18359446564099,31
1378,47,17,28,7,6.182374184386464,10
1379,72,15,114,7,6.177191459236313,8
1380,80,10,93,5,6.175234905241023,5
1381,13,47,36,18,6.167141158071527,29
1382,104,58,28,24,6.161167829833448,34
1383,13,100,87,38,6.153411703040403,62
1384,114,48,68,20,6.151577271829131,28
1385,73,24,74,9,6.15033234594065,15
1386,23,15,43,6,6.148918923918834,9
1387,54,15,77,4,6.1477371379002355,11
1388,3,33,57,14,6.1457999294548955,19
1389,37,10,12,5,6.14536499227858,5
1390,106,24,75,11,6.144408215356855,13
1391,29,17,48,7,6.127198243730573,10
1392,107,50,53,20,6.123597161626504,30
1393,81,13,31,4,6.1171597913254,9
1394,10,13,48,5,6.110914502877383,8
1395,76,58,51,22,6.108768946067046,36
1396,90,12,7,5,6.108519045195328,7
1397,103,11,53,3,6.102547388944458,8
1398,84,12,15,5,6.098921486728436,7
1399,62,16,69,7,6.098141811871047,9
1400,65,79,88,29,6.0963002360375524,50
1401,72,34,49,14,6.095493642964184,20
1402,96,14,108,6,6.092516088942797,8
1403,9,26,84,11,6.089357364465301,15
1404,87,52,41,22,6.088526103982967,30
1405,27,66,86,26,6.086414247374608,40
1406,23,13,102,6,6.080684731147933,7
1407,49,67,86,28,6.079669838357913,39
1408,34,30,30,12,6.063291205291667,18
1409,98,22,84,8,6.0610062755899206,14
1410,77,15,57,6,6.055395238374115,9
1411,55,50,60,21,6.053838967638276,29
1412,41,22,28,9,6.053005216366935,13
1413,16,24,2,10,6.0520240829511485,14
1414,69,39,86,16,6.048519108301491,23
1415,8,62,63,27,6.040704829296191,35
1416,104,41,55,17,6.036207114699971,24
1417,103,28,57,11,6.035618973069867,17
1418,7,24,98,9,6.033686003781979,15
1419,51,57,11,21,6.032232565762289,36
1420,26,10,68,4,6.030745942778483,6
1421,27,58,65,23,6.029901089038052,35
1422,19,30,77,13,6.0297842581618735,17
1423,100,12,66,4,6.027007201302921,8
1424,109,51,8,22,6.024347890240435,29
1425,27,38,94,15,6.017224957482415,23
1426,81,50,13,19,6.016435190824958,31
1427,13,53,64,24,6.0081721755801,29
1428,13,39,37,16,6.006726113746227,23
1429,65,51,9,20,6.006217714596818,31
1430,106,47,5,18,6.005839560090041,29
1431,17,19,77,8,6.004127308550876,11
1432,94,21,54,9,6.000772945562414,12
1433,28,18,29,8,5.991947603875371,10
1434,114,25,31,11,5.991876520395493,14
1435,108,11,18,4,5.985584696812657,7
1436,94,17,37,7,5.9815536162143665,10
1437,57,17,53,7,5.979218446101821,10
1438,71,13,109,5,5.977466642753509,8
1439,53,19,77,8,5.976513729958846,11
1440,64,20,18,8,5.974775055211903,12
1441,114,18,94,8,5.974081788881617,10
1442,30,22,58,9,5.973427224474197,13
1443,97,18,40,7,5.96691841614039,11
1444,39,40,77,17,5.957282285716447,23
1445,81,26,3,10,5.952983988314589,16
1446,97,12,10,6,5.950831581917697,6
1447,114,19,81,9,5.947687005963305,10
1448,28,15,53,6,5.945744364633269,9
1449,30,11,97,4,5.939213511376966,7
1450,53,26,104,11,5.936620222245529,15
1451,8,20,38,8,5.935271782387745,12
1452,34,23,103,9,5.9280448040298985,14
1453,73,20,114,8,5.924435121305104,12
1454,78,23,7,11,5.919551023484508,12
1455,37,22,110,10,5.913666685850416,12
1456,65,51,20,19,5.912207435542769,32
1457,87,62,20,26,5.910179434004633,36
1458,34,18,22,7,5.906850849031522,11
1459,16,146,107,55,5.895372986637074,91
1460,75,45,9,18,5.89399328159944,27
1461,63,22,43,9,5.8928094018567405,13
1462,101,15,68,5,5.891939886749792,10
1463,65,52,40,22,5.89106233992842,30
1464,37,11,3,5,5.8897383384754045,6
1465,10,15,57,5,5.8872808270615,10
1466,75,17,108,7,5.88550634585497,10
1467,16,117,39,50,5.885110861846341,67
1468,46,12,36,5,5.882094180819337,7
1469,8,31,15,14,5.881893034376993,17
1470,41,27,19,10,5.880218602490821,17
1471,28,12,31,5,5.876337878232255,7
1472,55,18,98,7,5.870446924304782,11
1473,34,17,7,7,5.86350495140184,10
1474,7,21,112,8,5.863389950487476,13
1475,80,12,79,6,5.851472407179259,6
1476,65,17,14,8,5.850273562995321,9
1477,100,30,109,11,5.850089422305436,19
1478,100,28,55,13,5.848018543019883,15
1479,108,33,51,14,5.846282986785914,19
1480,49,11,74,5,5.844136641014432,6
1481,16,23,93,11,5.842811946264205,12
1482,63,40,13,17,5.836981602703613,23
1483,23,48,88,18,5.836406273695647,30
1484,107,55,49,22,5.834156409757042,33
1485,13,49,25,22,5.827601447712149,27
1486,8,37,93,16,5.8241714732303524,21
1487,112,13,45,6,5.8226535127240915,7
1488,79,13,20,5,5.810117746469002,8
1489,73,20,109,8,5.807578339260896,12
1490,8,19,98,7,5.806615359942182,12
1491,10,11,106,3,5.803672894932928,8
1492,91,19,31,7,5.801858258461762,12
1493,109,20,64,10,5.801370132700334,10
1494,76,48,107,17,5.789796382951221,31
1495,17,21,9,9,5.788074839959892,12
1496,104,16,81,8,5.786821230718973,8
1497,86,132,51,59,5.778457537131766,73
1498,11,39,19,15,5.773505801410168,24
1499,62,16,109,8,5.770362238431112,8
1500,51,28,29,12,5.763884020681298,16
1501,34,29,49,13,5.762514186628862,16
1502,41,53,86,20,5.761468508013489,33
1503,76,16,2,6,5.758955323935481,10
1504,58,40,107,15,5.758436887559526,25
1505,47,12,12,5,5.753232192548286,7
1506,36,12,77,5,5.751140829309577,7
1507,64,50,86,21,5.748012616840684,29
1508,107,64,20,27,5.747310682281416,37
1509,39,113,51,47,5.746736829097246,66
1510,50,25,18,11,5.745370532916838,14
1511,100,25,114,10,5.743860264273013,15
1512,17,24,60,10,5.742654989357159,14
1513,25,42,106,16,5.737688222420903,26
1514,80,10,109,5,5.736195162181013,5
1515,43,38,109,14,5.730645061505548,24
1516,55,40,54,18,5.729162102948165,22
1517,45,14,9,5,5.727853500458992,9
1518,25,26,51,11,5.726135112848954,15
1519,78,28,77,12,5.723940232797268,16
1520,39,10,52,4,5.718885643095018,6
1521,86,75,76,32,5.716010563161699,43
1522,109,31,55,15,5.712408791206378,16
1523,49,21,18,7,5.711916119327798,14
1524,15,13,74,5,5.7106976006271415,8
1525,69,16,48,7,5.704799954018799,9
1526,27,34,103,13,5.699010329914366,21
1527,70,10,32,5,5.692479372096221,5
1528,35,21,40,8,5.68914021357686,13
1529,27,21,48,8,5.686731307091657,13
1530,1,11,109,5,5.683051778637099,6
1531,16,146,87,61,5.679476880983757,85
1532,12,46,3,17,5.677386223990421,29
1533,94,10,25,5,5.671887186214522,5
1534,23,10,38,4,5.6654185371586925,6
1535,54,11,82,4,5.664278302313932,7
1536,30,100,16,39,5.661310062437596,61
1537,25,36,88,13,5.660869431868405,23
1538,64,34,41,13,5.656501014375914,21
1539,30,13,2,6,5.655225265692614,7
1540,46,31,75,13,5.65470539949331,18
1541,49,39,60,16,5.653970935415815,23
1542,4,10,97,4,5.649870700339142,6
1543,62,18,104,6,5.643310295152116,12
1544,109,16,46,7,5.636528034552761,9
1545,83,11,62,4,5.62718588507507,7
1546,98,27,37,11,5.623553949033442,16
1547,19,10,5,4,5.623378775596124,6
1548,8,21,33,8,5.619561015848323,13
1549,68,26,91,12,5.619466372772095,14
1550,102,16,98,7,5.616900846312717,9
1551,86,17,61,7,5.615128594276011,10
1552,68,71,87,29,5.612540853484813,42
1553,55,15,85,6,5.607159089440444,9
1554,3,15,35,6,5.603213656138761,9
1555,30,28,103,11,5.59643503168519,17
1556,58,32,87,13,5.595926851924931,19
1557,78,36,12,13,5.59568439623994,23
1558,3,23,112,11,5.594463947840817,12
1559,29,34,15,15,5.593704403612139,19
1560,20,38,96,15,5.591064360306498,23
1561,27,56,78,21,5.579664594110141,35
1562,20,22,44,9,5.576158683247873,13
1563,91,11,45,5,5.575492823384057,6
1564,7,23,38,10,5.575438881033765,13
1565,75,20,11,9,5.568757481037147,11
1566,37,14,108,6,5.561998311446509,8
1567,87,33,53,15,5.560515944176119,18
1568,31,10,95,4,5.558189159340279,6
1569,18,11,57,4,5.557171046422163,7
1570,13,30,95,13,5.5569838085167085,17
1571,46,11,4,5,5.5562218746456535,6
1572,48,42,107,18,5.555372120517399,24
1573,8,44,46,20,5.5530537260963095,24
1574,69,16,54,7,5.552096999235809,9
1575,12,16,57,6,5.55204054213819,10
1576,8,41,25,16,5.550067480025429,25
1577,36,53,31,23,5.5485644604686595,30
1578,9,22,34,9,5.547533958665455,13
1579,25,18,84,7,5.546687618128964,11
1580,18,42,75,18,5.546579166688547,24
1581,44,11,70,5,5.543204446478317,6
1582,15,14,102,5,5.539976966220617,9
1583,8,11,85,4,5.538404103047142,7
1584,76,25,94,9,5.537062294511394,16
1585,58,35,13,13,5.535900844279714,22
1586,16,22,14,9,5.533520092369791,13
1587,86,44,72,18,5.5216772542197,26
1588,86,42,103,17,5.521576510337622,25
1589,13,24,48,10,5.520624456307565,14
1590,89,10,84,5,5.518590211576737,5
1591,100,35,54,14,5.517072921963965,21
1592,17,10,89,4,5.51177775189421,6
1593,15,25,77,10,5.511717697327578,15
1594,95,19,83,7,5.510188596504651,12
1595,32,13,109,6,5.508051897308613,7
1596,64,26,49,10,5.508050470931365,16
1597,62,30,19,11,5.5079113606244,19
1598,107,70,104,29,5.5056737962816475,41
1599,2,13,40,5,5.504797437287725,8
1600,5,10,111,4,5.501968622126493,6
1601,87,69,37,29,5.500923627593111,40
1602,67,10,102,4,5.497246561771851,6
1603,50,12,52,6,5.495642094131338,6
1604,111,27,55,11,5.492663797248297,16
1605,72,40,11,17,5.476474327164609,23
1606,100,22,25,10,5.476003695191374,12
1607,98,17,60,7,5.471299685170586,10
1608,28,31,17,13,5.468605078583842,18
1609,31,13,74,5,5.468299370651388,8
1610,57,13,50,5,5.46070428512311,8
1611,54,13,47,6,5.460215589598553,7
1612,76,57,87,22,5.458406052527114,35
1613,100,86,86,37,5.454319016972287,49
1614,54,34,49,14,5.449189781331788,20
1615,52,14,13,6,5.444984627732144,8
1616,71,29,68,11,5.435653336862239,18
1617,20,15,72,6,5.433880871316617,9
1618,91,20,50,8,5.42547508190289,12
1619,57,30,63,14,5.4237588746313765,16
1620,104,38,25,17,5.42238345531962,21
1621,23,10,58,4,5.417812881789321,6
1622,16,16,67,6,5.4152543903232875,10
1623,2,26,106,11,5.4140126266560475,15
1624,47,28,86,11,5.41387371009472,17
1625,30,32,94,14,5.413124377396745,18
1626,4,11,58,4,5.405037105567138,7
1627,11,34,3,14,5.40439711272143,20
1628,112,29,76,13,5.403769892160428,16
1629,17,53,51,24,5.396332747607754,29
1630,34,20,74,7,5.390554150511845,13
1631,6,14,106,6,5.390411966564587,8
1632,98,15,30,7,5.370529040661889,8
1633,84,36,39,16,5.369674486814979,20
1634,20,13,12,6,5.360426970680711,7
1635,26,16,87,7,5.357273241874729,9
1636,7,35,97,16,5.356987360153854,19
1637,55,27,97,11,5.353622513986459,16
1638,20,18,98,7,5.3527413318584305,11
1639,78,18,50,7,5.342630350789609,11
1640,54,37,90,15,5.340914168653275,22
1641,68,33,78,14,5.339960157482918,19
1642,97,14,102,5,5.335160623731833,9
1643,34,25,55,11,5.330528309819539,14
1644,5,33,51,12,5.328986421528186,21
1645,83,21,64,9,5.3288244180118385,12
1646,62,33,51,14,5.327533238316315,19
1647,50,21,72,8,5.318024007082146,13
1648,7,40,3,16,5.315954351050264,24
1649,30,22,12,9,5.310133787135437,13
1650,46,25,63,12,5.304512093520618,13
1651,73,19,87,6,5.303982369774461,13
1652,78,10,23,4,5.303068144131315,6
1653,57,26,37,11,5.296608425452367,15
1654,62,13,98,6,5.290496346910965,7
1655,102,14,77,6,5.2901983016445735,8
1656,100,34,7,14,5.2875107753111195,20
1657,28,12,92,4,5.284547759707862,8
1658,108,11,77,4,5.283240563660736,7
1659,41,19,17,7,5.273986417758152,12
1660,88,20,6,8,5.272285617199486,12
1661,34,23,43,10,5.271948745922037,13
1662,103,17,69,8,5.270007364936181,9
1663,29,11,47,4,5.268734453817819,7
1664,34,11,1,3,5.259854618241466,8
1665,43,40,65,18,5.2578263621348755,22
1666,16,65,3,26,5.256897451385801,39
1667,30,31,64,13,5.256203643377392,18
1668,35,11,31,5,5.255104723881268,6
1669,27,25,84,11,5.251275868020155,14
1670,41,28,49,12,5.249338337674644,16
1671,16,38,53,15,5.248684423830758,23
1672,98,20,12,8,5.2458423308532485,12
1673,25,26,40,11,5.242222631716464,15
1674,72,20,109,8,5.237390001234543,12
1675,91,21,25,9,5.236778929543698,12
1676,44,15,76,6,5.232736844369687,9
1677,75,60,107,21,5.231874163862643,39
1678,78,22,103,7,5.22979498937837,15
1679,17,12,57,4,5.228708389418874,8
1680,35,11,5,5,5.226534281744125,6
1681,92,23,39,11,5.223931097826436,12
1682,11,26,35,11,5.22379077829607,15
1683,54,54,106,25,5.222938310920245,29
1684,89,20,72,8,5.222035675853287,12
1685,29,27,34,12,5.221123411463418,15
1686,7,101,88,43,5.220134457500585,58
1687,10,20,86,9,5.219152465496855,11
1688,58,22,88,9,5.213747548085826,13
1689,8,35,57,14,5.20816002573612,21
1690,30,72,65,30,5.202280891329504,42
1691,46,25,39,13,5.196853389468726,12
1692,54,89,88,37,5.194780150389518,52
1693,40,13,113,5,5.1937263926866155,8
1694,6,10,71,4,5.19369227829273,6
1695,75,17,97,7,5.1834390154874335,10
1696,19,38,57,17,5.180324941731268,21
1697,91,12,48,6,5.179665478095687,6
1698,74,14,112,6,5.173073586151801,8
1699,43,66,87,28,5.1716902629221275,38
1700,54,12,66,5,5.170904941899953,7
1701,11,19,32,9,5.1696009211826786,10
1702,77,15,94,6,5.169474708107541,9
1703,31,11,54,5,5.168002033532433,6
1704,65,29,96,13,5.165027076154164,16
1705,6,16,86,6,5.1642614081075955,10
1706,67,12,5,5,5.159840528973079,7
1707,47,16,30,8,5.159042864029295,8
1708,35,16,28,8,5.153123660542294,8
1709,16,39,84,16,5.15160913900312,23
1710,106,24,9,10,5.150083731218856,14
1711,11,13,97,6,5.149154391162877,7
1712,104,49,50,20,5.147677197850613,29
1713,78,51,51,24,5.146999984101784,27
1714,18,18,112,7,5.144336665076299,11
1715,80,17,38,8,5.143241338130117,9
1716,13,17,70,7,5.142156998200086,10
1717,70,15,71,7,5.1409333575718525,8
1718,36,21,3,8,5.136055944816984,13
1719,39,61,3,28,5.133797953914004,33
1720,40,30,58,14,5.133397385337806,16
1721,109,25,38,9,5.131173197537895,16
1722,3,16,98,8,5.130853741808972,8
1723,72,34,19,14,5.112933716380972,20
1724,68,55,53,23,5.110040094265127,32
1725,89,22,49,10,5.10977867872447,12
1726,11,55,88,22,5.106519046181128,33
1727,15,31,78,15,5.103076679971739,16
1728,43,53,86,23,5.098849140826144,30
1729,34,15,5,5,5.091205514677904,10
1730,107,26,102,12,5.09079703163852,14
1731,32,10,20,3,5.082163415292113,7
1732,100,56,27,24,5.080984098773695,32
1733,11,39,68,17,5.068696898162879,22
1734,39,41,43,18,5.063559894991464,23
1735,7,16,10,7,5.0604070656519635,9
1736,78,45,19,18,5.052434315983816,27
1737,12,12,17,5,5.051854355123882,7
1738,13,27,103,10,5.050931612605473,17
1739,95,20,75,8,5.05026015248493,12
1740,20,23,2,10,5.048117889239678,13
1741,40,16,91,7,5.034652795604085,9
1742,100,24,74,10,5.032874442379239,14
1743,74,26,93,12,5.031462008142043,14
1744,60,29,38,12,5.0278953790273215,17
1745,87,62,49,29,5.019788551294544,33
1746,13,49,54,21,5.0178976143888105,28
1747,89,48,87,20,5.014424331869459,28
1748,55,19,18,9,5.012210431301632,10
1749,93,12,63,5,5.011120266810436,7
1750,112,17,94,6,5.010192110959227,11
1751,102,13,83,5,5.00532757458449,8
1752,93,26,5,10,5.00446052682132,16
1753,7,41,106,20,5.003800212982274,21
1754,49,21,58,10,5.003014201039977,11
1755,51,23,96,10,5.001175453325252,13
1756,50,23,31,10,4.99199978599778,13
1757,70,16,29,8,4.990481050245631,8
1758,63,19,94,8,4.988953899876627,11
1759,77,14,114,7,4.986921402992951,7
1760,65,40,3,16,4.984923211784546,24
1761,86,42,48,17,4.981770992426022,25
1762,16,53,17,20,4.978051363186689,33
1763,70,30,65,11,4.973765781446556,19
1764,80,10,44,5,4.973541413806906,5
1765,106,13,3,5,4.972676967703688,8
1766,43,11,108,5,4.972636022882597,6
1767,12,44,13,15,4.971947648890687,29
1768,98,11,23,5,4.9699651611390046,6
1769,27,21,114,9,4.967571693509975,12
1770,96,23,90,9,4.963939687748074,14
1771,114,26,3,10,4.954476539328307,16
1772,77,10,89,5,4.949600502404531,5
1773,7,32,47,13,4.949472292851426,19
1774,56,19,68,9,4.948132166753329,10
1775,80,29,106,12,4.946009667025369,17
1776,38,17,41,8,4.943011461235353,9
1777,40,15,78,5,4.942465399220725,10
1778,28,14,32,6,4.94214857785708,8
1779,49,11,71,5,4.940945789460408,6
1780,63,17,85,8,4.93137224468223,9
1781,30,46,3,17,4.927493551150183,29
1782,86,40,36,17,4.92743325124,23
1783,74,56,106,24,4.924754963776783,32
1784,95,16,109,6,4.923183536193761,10
1785,48,11,77,4,4.913344813951473,7
1786,72,40,27,18,4.909190606599177,22
1787,38,12,28,6,4.907164394244709,6
1788,19,39,3,18,4.904285784779156,21
1789,65,41,102,16,4.899953592453146,25
1790,47,30,68,13,4.897107609370838,17
1791,104,22,19,9,4.896606558010836,13
1792,39,10,101,4,4.88974127810336,6
1793,27,68,3,30,4.889238931476877,38
1794,94,12,18,5,4.884425557504234,7
1795,23,19,17,8,4.884057347144711,11
1796,69,11,95,4,4.882909765417967,7
1797,63,20,79,8,4.882182316485546,12
1798,87,29,97,11,4.880674129028667,18
1799,13,26,98,10,4.873807977215297,16
1800,88,26,57,12,4.870812248870149,14
1801,20,12,94,5,4.869855233645218,7
1802,29,11,1,4,4.866934575588788,7
1803,5,10,89,3,4.862465640901744,7
1804,16,57,50,23,4.861557430443652,34
1805,72,12,42,5,4.857673633217595,7
1806,97,12,32,5,4.8514593495768255,7
1807,40,17,19,6,4.847587458712167,11
1808,39,22,96,8,4.8469385601006945,14
1809,100,82,51,39,4.846100895204311,43
1810,95,15,49,6,4.84227599614437,9
1811,8,15,67,6,4.831909846155588,9
1812,87,49,57,21,4.830115478356609,28
1813,114,21,15,9,4.8260102326414716,12
1814,31,19,25,9,4.8238393010997695,10
1815,14,15,54,5,4.820525855929134,10
1816,12,20,64,8,4.814047437556215,12
1817,74,11,85,5,4.812388004493801,6
1818,13,23,79,9,4.81127521378253,14
1819,104,34,63,15,4.811269466320185,19
1820,77,11,20,5,4.809570789797778,6
1821,89,14,68,6,4.806077051288233,8
1822,1,16,12,7,4.804302234326604,9
1823,108,16,38,6,4.801598011346549,10
1824,75,22,96,7,4.801381492311929,15
1825,41,22,97,10,4.799957538599524,12
1826,111,11,25,5,4.797175922879401,6
1827,104,89,65,39,4.7968264881701845,50
1828,52,13,20,5,4.795236183864799,8
1829,5,12,10,6,4.788462999241516,6
1830,41,20,81,8,4.785164896950242,12
1831,16,114,8,48,4.784573513867424,66
1832,47,10,45,4,4.780410761983768,6
1833,9,12,5,5,4.777710715122406,7
1834,57,17,89,8,4.777309328300498,9
1835,70,21,98,8,4.776806059512886,13
1836,33,14,23,6,4.772846471482117,8
1837,90,13,70,6,4.771084444295363,7
1838,12,15,31,7,4.7706324645211815,8
1839,18,15,98,8,4.768289045671959,7
1840,30,20,108,8,4.765041003995002,12
1841,108,12,94,5,4.762797132758723,7
1842,13,28,84,11,4.762106527456084,17
1843,106,14,62,6,4.759729251582843,8
1844,72,15,108,6,4.758115031276769,9
1845,11,29,47,12,4.7580477331810975,17
1846,13,69,46,28,4.756415151860812,41
1847,7,23,50,10,4.754905099968973,13
1848,62,13,20,5,4.748945383379627,8
1849,25,16,77,7,4.745845616411634,9
1850,93,29,54,11,4.739093565612782,18
1851,74,24,109,9,4.7374215841209,15
1852,25,13,108,5,4.7274242554223145,8
1853,94,11,46,5,4.72291399357611,6
1854,75,32,31,15,4.721982750346428,17
1855,16,120,65,52,4.714686634656085,68
1856,20,23,46,8,4.7087130702664775,15
1857,4,18,81,7,4.707056678124466,11
1858,66,17,15,8,4.706296692162902,9
1859,98,34,107,15,4.703806209041121,19
1860,111,13,106,4,4.703726078810505,9
1861,16,100,100,43,4.689952721995864,57
1862,88,32,38,12,4.688975834537393,20
1863,28,18,15,8,4.685699256091646,10
1864,40,51,39,21,4.685059105758992,30
1865,12,24,8,10,4.6768486824589965,14
1866,75,10,92,4,4.670779177266828,6
1867,11,26,98,12,4.667493378770945,14
1868,76,29,60,11,4.66182352679465,18
1869,104,40,100,17,4.658341409544782,23
1870,61,19,60,9,4.656026056433547,10
1871,25,15,47,7,4.65539023183265,8
1872,27,13,79,6,4.651583262533679,7
1873,107,29,77,13,4.649765909038047,16
1874,15,16,1,6,4.649350840919032,10
1875,63,39,96,15,4.649023449526141,24
1876,69,17,12,9,4.646994618385512,8
1877,12,17,58,7,4.645880660678281,10
1878,89,22,15,10,4.6444757021101095,12
1879,80,11,69,5,4.638884395252672,6
1880,60,22,25,10,4.636282806493919,12
1881,17,32,49,16,4.635564491950155,16
1882,106,15,110,7,4.633960085739291,8
1883,102,16,91,7,4.632859199025978,9
1884,51,41,19,16,4.631222093494114,25
1885,85,20,68,7,4.615895850726344,13
1886,74,11,57,5,4.613445177041246,6
1887,103,21,17,8,4.609264222789528,13
1888,75,40,37,15,4.608119905928104,25
1889,13,21,96,9,4.6080585972764805,12
1890,80,18,39,8,4.600479594629686,10
1891,50,30,30,13,4.599628351348953,17
1892,100,22,18,10,4.596212969192917,12
1893,50,32,96,14,4.592653394244439,18
1894,9,15,37,7,4.590013554185222,8
1895,3,26,18,10,4.581271350554429,16
1896,99,16,65,7,4.579704538683154,9
1897,7,23,58,11,4.575034525669341,12
1898,99,14,95,6,4.572737764013049,8
1899,60,43,114,22,4.570942388181804,21
1900,49,42,77,17,4.566213242855725,25
1901,99,16,104,8,4.5627492392393005,8
1902,43,18,5,8,4.559277543830878,10
1903,57,10,45,4,4.557275746882501,6
1904,70,15,23,7,4.554568026577774,8
1905,83,15,46,7,4.551826612706294,8
1906,99,18,15,7,4.5514613106187225,11
1907,93,29,28,11,4.540056078542574,18
1908,65,28,109,13,4.53947964139069,15
1909,76,18,18,8,4.538908455749758,10
1910,16,28,45,11,4.531898444456965,17
1911,30,45,68,20,4.5318178171252015,25
1912,107,25,66,11,4.531519112697893,14
1913,55,44,28,18,4.526943972884062,26
1914,57,19,48,8,4.524936793492175,11
1915,74,23,50,10,4.520207268757788,13
1916,49,18,112,8,4.517911222226071,10
1917,57,10,96,5,4.511509669176178,5
1918,64,11,96,4,4.502415484644476,7
1919,15,13,70,7,4.501454445796363,6
1920,108,10,46,3,4.49601960881211,7
1921,16,109,7,48,4.487436298549418,61
1922,75,44,71,17,4.485645835804012,27
1923,7,46,64,21,4.481240056988839,25
1924,100,19,84,7,4.475027320131737,12
1925,96,31,25,14,4.472832877552797,17
1926,30,15,33,5,4.4716115697648915,10
1927,39,23,37,10,4.467775271301239,13
1928,37,18,32,8,4.466542082918524,10
1929,85,16,57,7,4.462920901490054,9
1930,69,24,109,10,4.462898820440799,14
1931,79,15,54,6,4.462814449138745,9
1932,19,14,85,6,4.456802611003388,8
1933,77,11,97,4,4.454901155383994,7
1934,86,41,81,15,4.4497097942007535,26
1935,94,18,49,7,4.445619988851261,11
1936,39,33,72,15,4.435446061053883,18
1937,78,16,96,6,4.433803384678502,10
1938,76,17,90,6,4.433393911042905,11
1939,37,39,70,16,4.433263990915909,23
1940,17,10,58,6,4.43139506148379,4
1941,23,14,20,6,4.427778675436007,8
1942,100,35,76,15,4.424340118974863,20
1943,99,30,13,13,4.4209668288342625,17
1944,84,30,70,13,4.416286467774103,17
1945,7,64,53,28,4.4162137369106675,36
1946,86,118,5,51,4.415256493878053,67
1947,71,14,108,6,4.402422140240555,8
1948,9,22,38,9,4.401748488474488,13
1949,76,35,5,15,4.400670357773005,20
1950,90,26,65,13,4.399856936469097,13
1951,97,39,16,18,4.395866715554318,21
1952,17,21,30,10,4.3939925421637165,11
1953,54,20,29,8,4.381395329954479,12
1954,87,33,25,15,4.379098196808539,18
1955,107,31,35,12,4.37761531748931,19
1956,54,20,3,9,4.3763773258175735,11
1957,86,103,88,45,4.37292356531332,58
1958,40,23,23,10,4.3684233268033035,13
1959,74,15,9,6,4.367415226980933,9
1960,49,17,70,8,4.364791676107706,9
1961,47,32,88,14,4.36195323618654,18
1962,95,20,23,9,4.361896262769256,11
1963,64,31,71,12,4.3594731378011655,19
1964,19,11,83,5,4.359398192701059,6
1965,65,16,6,7,4.346168811124805,9
1966,100,81,87,37,4.3405231487651115,44
1967,34,42,27,19,4.337640798980337,23
1968,60,29,46,12,4.333686025013952,17
1969,95,19,41,8,4.332143979792181,11
1970,19,14,80,6,4.328848204649311,8
1971,37,75,86,34,4.327795117897226,41
1972,69,38,3,15,4.319618121669495,23
1973,4,22,40,10,4.316643149060887,12
1974,8,61,65,27,4.314970047229393,34
1975,97,23,17,10,4.313428551304965,13
1976,86,64,104,28,4.3129795987995365,36
1977,63,65,54,28,4.312244094324418,37
1978,106,27,53,13,4.3023196001359025,14
1979,37,45,55,21,4.3010010805888355,24
1980,48,48,87,19,4.286667160277857,29
1981,50,22,69,11,4.283220710932241,11
1982,38,15,46,6,4.2830991769343365,9
1983,74,51,65,23,4.282390955650973,28
1984,72,19,62,8,4.281473875909815,11
1985,30,18,90,8,4.279146936241298,10
1986,23,28,15,12,4.277369019757655,16
1987,23,12,103,5,4.2708753291504635,7
1988,9,20,100,8,4.263839107868786,12
1989,89,17,65,7,4.263412817260127,10
1990,37,55,106,26,4.262507559544696,29
1991,30,40,77,17,4.262142244378042,23
1992,69,32,68,14,4.253129950198649,18
1993,71,14,38,5,4.250425614356073,9
1994,100,13,70,6,4.2466986166827585,7
1995,13,42,69,18,4.244765914439893,24
1996,16,44,71,18,4.24180487871631,26
1997,71,31,87,14,4.240167636343153,17
1998,51,63,41,28,4.234503271062266,35
1999,50,21,108,10,4.232379951965481,11
2000,30,20,62,9,4.230291626453226,11
2001,34,17,15,7,4.22791233616001,10
2002,48,12,46,5,4.225391974153922,7
2003,71,11,44,5,4.2235243488394545,6
2004,28,29,100,12,4.22112967447295,17
2005,4,19,18,8,4.220670692754495,11
2006,52,10,48,4,4.211289472665269,6
2007,49,32,62,12,4.208056227013278,20
2008,17,21,20,9,4.207666463256874,12
2009,65,56,36,24,4.205692860728478,32
2010,107,57,23,26,4.195631697148178,31
2011,43,29,41,13,4.189201859304195,16
2012,29,15,93,7,4.1887249261114,8
2013,16,32,99,14,4.188354308638614,18
2014,93,11,43,5,4.184906166012258,6
2015,23,27,25,12,4.182190113226041,15
2016,63,29,15,12,4.174108403744671,17
2017,60,24,96,8,4.164982345638217,16
2018,83,40,5,19,4.163709904424498,21
2019,64,20,46,8,4.163045047710225,12
2020,89,27,86,13,4.161115698018372,14
2021,30,17,52,7,4.158499353957516,10
2022,92,14,27,7,4.157793062407016,7
2023,114,14,67,6,4.15758676403295,8
2024,19,10,2,5,4.15617878328422,5
2025,99,12,17,5,4.148375833376951,7
2026,50,77,28,33,4.143924434349459,44
2027,53,47,71,20,4.141303557057989,27
2028,87,18,66,8,4.140314373651453,10
2029,71,11,20,4,4.1364305573939655,7
2030,83,15,50,8,4.131296712002355,7
2031,42,14,87,6,4.125698672116465,8
2032,72,23,17,10,4.117745356045157,13
2033,7,12,2,5,4.115660194227726,7
2034,11,35,43,15,4.114863875591245,20
2035,85,20,51,9,4.111259035742407,11
2036,108,17,55,7,4.110943675956946,10
2037,27,55,49,24,4.10749239522642,31
2038,97,30,63,13,4.107378727934814,17
2039,75,48,51,22,4.10605342104463,26
2040,34,39,86,17,4.105651709736396,22
2041,83,20,93,9,4.100880722204595,11
2042,65,34,50,15,4.100112961999628,19
2043,20,24,35,10,4.098728722002916,14
2044,111,15,8,7,4.091375789332372,8
2045,36,11,19,5,4.088590218421681,6
2046,78,17,98,8,4.084899624702052,9
2047,91,21,75,13,4.084376386784757,8
2048,41,35,109,14,4.080717853336037,21
2049,85,17,11,7,4.074093197649269,10
2050,95,21,46,9,4.071848693893571,12
2051,69,15,37,7,4.071098728743587,8
2052,75,17,93,8,4.069384641387428,9
2053,7,68,31,30,4.069172309295859,38
2054,65,19,73,8,4.067312461469672,11
2055,63,27,23,11,4.0662941273627515,16
2056,43,12,95,5,4.065288768086309,7
2057,76,21,48,8,4.063944654554617,13
2058,56,11,39,6,4.061429150921742,5
2059,68,28,49,12,4.0611103765436,16
2060,65,48,11,22,4.056158377619187,26
2061,15,16,75,6,4.056062954518072,10
2062,14,10,20,4,4.051966837258039,6
2063,32,10,40,5,4.050021677419865,5
2064,84,12,69,5,4.046782427990891,7
2065,38,14,96,6,4.043216236562186,8
2066,1,10,43,5,4.0389767157587135,5
2067,63,41,114,15,4.037972989054357,26
2068,60,23,57,10,4.037432638780123,13
2069,13,50,78,22,4.024600532603723,28
2070,29,14,79,5,4.020689709966037,9
2071,43,19,89,9,4.019313548872259,10
2072,28,25,19,10,4.019180575644085,15
2073,27,11,95,4,4.017587661312877,7
2074,8,20,110,8,4.013172679497399,12
2075,12,25,34,11,4.012153176156776,14
2076,5,18,77,8,4.010067732208506,10
2077,31,16,112,6,4.001730552260444,10
2078,112,12,14,6,3.993235963114864,6
2079,80,35,55,17,3.984081280103419,18
2080,107,41,38,17,3.9835241995724298,24
2081,60,18,97,9,3.9792005525226397,9
2082,83,10,76,4,3.9791717561004964,6
2083,96,12,14,5,3.975747798085741,7
2084,13,25,62,11,3.969870239284988,14
2085,41,13,102,5,3.968301975819481,8
2086,84,11,94,5,3.968156665744439,6
2087,8,28,3,14,3.961380371739593,14
2088,10,21,84,9,3.9602546020658425,12
2089,16,33,58,15,3.9597785205921827,18
2090,108,16,49,7,3.959721455372812,9
2091,40,23,37,11,3.9558411724945226,12
2092,9,15,91,7,3.9508212932565088,8
2093,67,11,104,5,3.95056976239549,6
2094,35,19,43,9,3.946831407739411,10
2095,6,11,40,5,3.9442678680230885,6
2096,62,26,8,11,3.9420545038632544,15
2097,84,22,76,10,3.938973343504664,12
2098,13,103,107,45,3.9376880016513836,58
2099,41,11,33,4,3.93718343109045,7
2100,18,15,20,6,3.930360704025332,9
2101,5,28,2,12,3.9232778253201652,16
2102,76,45,49,19,3.92111761126653,26
2103,51,53,46,23,3.917943537235088,30
2104,75,29,64,13,3.9160007140392388,16
2105,41,61,107,24,3.913438956605843,37
2106,23,14,48,6,3.910408208571404,8
2107,12,42,87,18,3.9048562604282337,24
2108,55,30,63,14,3.9003771949656936,16
2109,64,24,19,9,3.897841875409208,15
2110,62,12,47,5,3.8975081676650087,7
2111,1,25,54,11,3.8929886538978153,14
2112,40,17,5,8,3.8914877974226934,9
2113,6,12,57,5,3.882176264826061,7
2114,102,11,49,4,3.8805789709331324,7
2115,8,15,112,6,3.8800170080974894,9
2116,78,33,49,16,3.8747841036965736,17
2117,2,11,48,4,3.8719596921161834,7
2118,78,32,69,14,3.871427913005367,18
2119,9,20,30,8,3.8686018235715443,12
2120,90,16,80,6,3.867067615214411,10
2121,66,22,86,10,3.8664569146978405,12
2122,20,54,28,24,3.866248630000691,30
2123,74,87,86,40,3.864197075150019,47
2124,40,50,107,20,3.8570605527160113,30
2125,85,17,17,7,3.8507511089593,10
2126,28,39,76,18,3.848512689408892,21
2127,18,23,31,11,3.8430258307678673,12
2128,111,11,12,6,3.8360170890156353,5
2129,100,32,112,15,3.826716552158786,17
2130,4,11,3,5,3.8250463920918434,6
2131,48,12,75,5,3.823943527087417,7
2132,114,40,51,19,3.8167576032502186,21
2133,45,18,87,8,3.8157502171597377,10
2134,5,28,91,11,3.8146250930665184,17
2135,110,16,5,7,3.8138584796050914,9
2136,28,27,71,11,3.8126316435493948,16
2137,97,22,109,10,3.811583401475488,12
2138,15,26,18,11,3.808184156987895,15
2139,109,22,77,10,3.802610927611434,12
2140,114,24,46,10,3.798669441811228,14
2141,7,95,86,40,3.798186421764766,55
2142,6,11,39,5,3.7966207547038127,6
2143,76,36,109,14,3.7953367703849,22
2144,25,29,54,13,3.788520356553666,16
2145,106,52,51,23,3.7850976424308236,29
2146,104,28,98,15,3.783243181516933,13
2147,7,10,93,5,3.780231549016956,5
2148,114,47,13,24,3.775914918731173,23
2149,87,21,17,9,3.7733166042192914,12
2150,55,27,9,11,3.772633679119087,16
2151,92,10,95,4,3.7703330695634003,6
2152,102,14,17,6,3.765627490194506,8
2153,23,24,39,11,3.756334637991312,13
2154,30,25,48,10,3.7536152956466684,15
2155,52,13,107,5,3.753558475982526,8
2156,57,17,104,6,3.7521517026783133,11
2157,39,15,33,7,3.746505571679514,8
2158,41,24,37,10,3.7456130176699944,14
2159,53,42,40,19,3.7429391558119973,23
2160,28,58,54,25,3.7427833536169195,33
2161,51,55,84,24,3.742451182902999,31
2162,1,13,4,5,3.736039087851971,8
2163,60,59,40,26,3.735016412978284,33
2164,90,31,5,13,3.729228130116929,18
2165,15,13,40,6,3.725578311667862,7
2166,91,40,86,18,3.721705750823955,22
2167,81,31,16,14,3.7185584556590716,17
2168,86,40,62,18,3.717386716987273,22
2169,15,21,5,8,3.7147342263498166,13
2170,1,21,64,10,3.714096825641645,11
2171,95,42,87,20,3.706416281336596,22
2172,112,10,35,5,3.7046440124812365,5
2173,29,15,108,7,3.6991799646967536,8
2174,17,12,108,5,3.6979659768897495,7
2175,23,19,28,9,3.6970356039584327,10
2176,54,72,51,32,3.676698399835987,40
2177,38,21,84,10,3.669980206703245,11
2178,28,20,85,9,3.6675135147560156,11
2179,62,17,64,9,3.6639207206437514,8
2180,29,16,102,6,3.661932828184928,10
2181,39,24,31,10,3.6610558433956144,14
2182,90,10,71,5,3.6561036030201173,5
2183,107,21,32,10,3.6546977761524615,11
2184,17,11,18,6,3.651905683853184,5
2185,64,20,108,9,3.648889859577028,11
2186,114,16,98,7,3.6481628146735163,9
2187,9,13,23,6,3.6475995665029006,7
2188,14,10,70,5,3.647042134114854,5
2189,63,17,12,9,3.6338048171297044,8
2190,16,40,80,16,3.6321164367593304,24
2191,47,17,81,7,3.6281046116933036,10
2192,55,51,5,22,3.6280461911141377,29
2193,80,26,28,12,3.6230809501897743,14
2194,19,34,86,16,3.6229985090154706,18
2195,11,16,66,8,3.62198826525064,8
2196,112,15,79,7,3.621796379179409,8
2197,1,36,88,17,3.612486249864132,19
2198,12,46,27,19,3.60812267367479,27
2199,29,48,19,20,3.6041519093458114,28
2200,86,24,32,11,3.600337352350485,13
2201,65,88,41,36,3.5987797514188595,52
2202,34,23,79,9,3.5987779482770503,14
2203,62,30,71,14,3.5956607664822755,16
2204,75,57,16,26,3.5952902080350215,31
2205,106,14,57,7,3.593618983726931,7
2206,104,61,5,28,3.5931408944870395,33
2207,16,60,37,27,3.5920272636761035,33
2208,7,22,11,9,3.5909071733141316,13
2209,97,10,95,4,3.589432471334791,6
2210,14,18,11,7,3.5868100547047623,11
2211,88,62,5,29,3.583030843412137,33
2212,15,10,80,4,3.5802128726854128,6
2213,87,85,3,37,3.5793061532615376,48
2214,33,14,78,6,3.5759620126343448,8
2215,14,22,87,9,3.574657228905804,13
2216,72,23,60,10,3.5740579967580413,13
2217,25,19,43,7,3.573077352948072,12
2218,6,21,87,9,3.566989216260901,12
2219,6,28,7,15,3.5631855242339134,13
2220,77,47,51,23,3.556468817003899,24
2221,60,12,79,5,3.555370933230572,7
2222,28,19,36,9,3.554999615354129,10
2223,62,21,37,8,3.552668728814333,13
2224,50,39,76,20,3.5517867668560847,19
2225,33,11,70,5,3.5452850377562246,6
2226,23,37,8,16,3.5407673906896986,21
2227,86,55,78,26,3.5405060693314274,29
2228,40,65,36,28,3.54008292473436,37
2229,28,32,30,15,3.539926425473853,17
2230,41,23,29,10,3.5398297136431847,13
2231,58,15,47,6,3.535505795510924,9
2232,44,15,7,7,3.5352660207554565,8
2233,85,26,84,10,3.5349178606931724,16
2234,6,10,62,4,3.534555615892036,6
2235,93,17,25,8,3.5300397889756283,9
2236,37,55,50,26,3.5287986061002155,29
2237,19,46,107,19,3.525534449840508,27
2238,89,16,74,7,3.5219803445540374,9
2239,9,32,54,15,3.5206046809983693,17
2240,60,61,86,27,3.518717749571533,34
2241,39,26,48,10,3.5170001195544094,16
2242,11,24,17,11,3.5151101549695944,13
2243,102,19,3,8,3.5088603359734862,11
2244,3,39,29,17,3.506465568726695,22
2245,74,16,23,7,3.505315761927062,9
2246,25,27,109,12,3.5041369262347244,15
2247,73,17,98,8,3.503959852428817,9
2248,3,30,77,14,3.5028026588503227,16
2249,47,22,15,11,3.5019607775766484,11
2250,97,36,114,16,3.494809729950692,20
2251,20,26,109,10,3.4929177397438647,16
2252,6,10,54,5,3.4921987314309866,5
2253,27,21,98,10,3.4907914371999365,11
2254,14,16,5,6,3.490369625649153,10
2255,23,14,53,6,3.489897713169177,8
2256,62,13,36,6,3.4895283270523723,7
2257,36,30,51,14,3.487460022502504,16
2258,25,20,70,9,3.4845181159437417,11
2259,50,21,49,10,3.4685004795882266,11
2260,33,23,5,11,3.4543275091771948,12
2261,37,21,23,10,3.4530437057487378,11
2262,112,14,114,7,3.4529529803290564,7
2263,63,97,86,40,3.452765603775126,57
2264,103,25,12,13,3.4495496342358525,12
2265,49,25,63,12,3.435463908483024,13
2266,13,47,72,21,3.432520487302147,26
2267,7,52,27,24,3.4308990471010516,28
2268,84,11,49,4,3.4229708468857725,7
2269,4,12,37,5,3.4218717037755013,7
2270,28,18,78,9,3.417711658801108,9
2271,17,11,36,6,3.417273645156761,5
2272,79,22,11,9,3.411899322441769,13
2273,107,56,9,27,3.398652320426972,29
2274,4,13,28,6,3.394082491248691,7
2275,67,21,34,8,3.393084795200822,13
2276,16,54,69,23,3.392072308206819,31
2277,73,10,104,4,3.3914910994647243,6
2278,9,45,39,22,3.3911292824052466,23
2279,36,28,55,13,3.3833365772573503,15
2280,70,15,43,6,3.3830636227591584,9
2281,75,28,27,12,3.382934039982325,16
2282,70,20,75,10,3.379349863200628,10
2283,74,16,91,7,3.3793273468188416,9
2284,17,11,33,5,3.3766690615259987,6
2285,73,18,96,8,3.3726024221333364,10
2286,3,27,64,13,3.371328430062593,14
2287,13,56,28,26,3.3671896375902834,30
2288,40,17,20,7,3.3649339637959685,10
2289,54,25,97,12,3.3648153427656786,13
2290,14,23,8,10,3.3634201583462153,13
2291,9,14,61,6,3.362078776884604,8
2292,14,17,106,7,3.360059412826618,10
2293,54,87,16,40,3.359408832982919,47
2294,95,48,16,23,3.358398798966435,25
2295,54,34,72,14,3.348072506038431,20
2296,83,10,20,5,3.3478898251644154,5
2297,15,19,20,8,3.345564249700581,11
2298,100,49,15,22,3.3433028788314805,27
2299,68,32,12,15,3.341405752135098,17
2300,30,57,49,25,3.3403324368747525,32
2301,68,13,5,6,3.3380294056441113,7
2302,87,130,107,59,3.3379730034568182,71
2303,57,10,66,4,3.336342239939951,6
2304,50,12,81,6,3.335453957922903,6
2305,2,15,38,7,3.331749539896775,8
2306,100,87,107,42,3.3299569946909413,45
2307,13,85,55,38,3.325656298998864,47
2308,98,14,97,7,3.3185319117606134,7
2309,97,16,84,6,3.3164282058099306,10
2310,91,15,65,7,3.316349530518062,8
2311,96,59,54,29,3.314517669950013,30
2312,13,46,77,20,3.313982424227239,26
2313,8,40,90,17,3.3100403343685345,23
2314,86,66,25,31,3.3097455853588773,35
2315,41,14,96,5,3.3088942892360294,9
2316,107,43,64,20,3.307651233136555,23
2317,19,21,20,10,3.306390497523301,11
2318,114,21,64,9,3.3046667254482807,12
2319,47,13,61,6,3.3043540506366393,7
2320,12,11,90,4,3.304244091296132,7
2321,41,35,104,17,3.298393432816602,18
2322,50,18,19,8,3.2983343340311553,10
2323,34,11,98,6,3.2977526881218022,5
2324,104,40,109,18,3.2966478203927565,22
2325,76,17,79,7,3.2930359935936755,10
2326,15,10,38,4,3.290523774376458,6
2327,55,15,35,7,3.2899027901624844,8
2328,13,37,1,15,3.287939891614485,22
2329,104,42,95,18,3.2691470839350125,24
2330,7,24,74,9,3.2574931437928867,15
2331,64,31,8,13,3.2562336911280285,18
2332,114,47,25,20,3.2540864225169726,27
2333,29,25,68,11,3.253332721067045,14
2334,81,19,65,8,3.2504513606416725,11
2335,72,30,43,14,3.2453382650972915,16
2336,13,51,11,23,3.2450897623843407,28
2337,23,12,81,5,3.2407035870769985,7
2338,94,47,87,23,3.2387554797070868,24
2339,100,42,88,18,3.2386401365610333,24
2340,99,25,60,11,3.238194459102711,14
2341,107,49,36,23,3.2348387046482587,26
2342,3,14,97,7,3.230803945654674,7
2343,88,48,109,20,3.230101069602965,28
2344,23,50,65,24,3.229242004811313,26
2345,86,68,46,28,3.2242999963471046,40
2346,100,10,80,4,3.221630002984554,6
2347,88,86,107,37,3.2213737852986615,49
2348,55,18,94,8,3.2183549150249444,10
2349,17,16,74,7,3.211770551027834,9
2350,50,19,97,8,3.210625734622635,11
2351,60,47,31,24,3.209470727487928,23
2352,63,18,72,7,3.209203933965973,11
2353,56,12,97,6,3.2085312435870676,6
2354,60,38,41,19,3.2070562991666334,19
2355,106,28,17,11,3.2039846830051175,17
2356,64,24,45,10,3.20075696622173,14
2357,36,41,39,18,3.1998605067578247,23
2358,80,38,86,17,3.1970874200525023,21
2359,69,15,8,7,3.191300471105285,8
2360,17,22,90,9,3.1908484224220683,13
2361,54,31,114,15,3.18479213160143,16
2362,64,42,39,19,3.179461397436318,23
2363,78,29,54,13,3.1794235894954275,16
2364,16,189,86,81,3.1716661807278164,108
2365,106,25,60,10,3.1712615038081853,15
2366,103,17,94,8,3.1695819654129775,9
2367,55,26,20,12,3.1691541193918384,14
2368,41,30,69,12,3.1671568486745967,18
2369,63,20,66,9,3.166079264336923,11
2370,103,11,62,6,3.1637632072735626,5
2371,93,16,109,7,3.1609286434035413,9
2372,75,19,4,8,3.1591429263358246,11
2373,86,21,82,9,3.158656091984634,12
2374,104,51,7,23,3.158219418007501,28
2375,51,12,52,6,3.1494678599678365,6
2376,75,23,23,12,3.1487336010920157,11
2377,30,33,104,16,3.143593503017403,17
2378,114,23,9,8,3.1400252375404265,15
2379,47,24,41,12,3.137759511909013,12
2380,91,20,54,10,3.132812155177027,10
2381,6,11,28,5,3.131247568187587,6
2382,29,22,43,9,3.1308409702362856,13
2383,39,81,107,37,3.126495468132955,44
2384,107,41,62,20,3.1238835580649185,21
2385,77,23,11,11,3.122009753357738,12
2386,28,36,48,16,3.118969087107223,20
2387,72,21,88,9,3.118023866621951,12
2388,36,11,80,5,3.1158574211756562,6
2389,76,32,55,13,3.1154560441471983,19
2390,25,25,17,11,3.1106502600539123,14
2391,50,24,4,12,3.1105592371369686,12
2392,111,21,86,9,3.1037611827633476,12
2393,98,24,100,10,3.102517713271864,14
2394,9,20,57,9,3.1019493918441285,11
2395,92,15,60,6,3.101629065738577,9
2396,99,14,68,6,3.1001036150844774,8
2397,88,16,74,6,3.1000151762465453,10
2398,17,29,54,14,3.099464272586133,15
2399,104,34,54,16,3.0987784259955395,18
2400,100,31,34,15,3.098635072973938,16
2401,85,10,109,3,3.0954068823106935,7
2402,6,17,27,8,3.0947871865212933,9
2403,93,17,50,7,3.089216846430406,10
2404,107,59,37,27,3.087858660035621,32
2405,13,24,89,10,3.085429521574868,14
2406,66,12,28,6,3.0826665795427424,6
2407,55,16,62,7,3.0797392954165557,9
2408,97,23,104,11,3.078979141926911,12
2409,51,99,65,44,3.0776235709217983,55
2410,43,37,7,15,3.0706324410883696,22
2411,75,30,25,13,3.0695517335408993,17
2412,104,19,80,9,3.0657948817606893,10
2413,71,18,25,8,3.0644100067848137,10
2414,17,21,63,10,3.0560482096450983,11
2415,7,45,55,19,3.054761469393279,26
2416,108,18,63,8,3.053968972225456,10
2417,86,28,93,13,3.0472078293797855,15
2418,30,22,79,9,3.0387025691085756,13
2419,25,39,65,16,3.0368934823131166,23
2420,63,46,41,21,3.0272340731708356,25
2421,86,38,79,17,3.025515072530802,21
2422,40,17,33,6,3.0217035797006977,11
2423,103,21,3,11,3.0198118295639147,10
2424,20,48,16,20,3.014886072612058,28
2425,12,17,76,9,3.0102244658193076,8
2426,74,42,63,20,3.0096162132471513,22
2427,96,14,34,6,3.001763014782561,8
2428,4,11,69,5,2.99948417666171,6
2429,85,23,13,9,2.985985548040522,14
2430,94,29,86,13,2.977976590587218,16
2431,46,13,1,7,2.9771068452784517,6
2432,16,61,23,28,2.9759826631167945,33
2433,84,36,106,18,2.975473960825013,18
2434,36,32,4,13,2.9739066740354216,19
2435,13,21,92,11,2.9728005330431997,10
2436,66,13,27,6,2.971629996689292,7
2437,47,18,100,8,2.9713075033918446,10
2438,2,21,37,10,2.96975801126945,11
2439,90,26,50,12,2.969099568178274,14
2440,49,38,51,18,2.967933172070934,20
2441,73,16,63,8,2.966556049159884,8
2442,51,53,109,20,2.9663317568734398,33
2443,80,18,64,9,2.965096517926697,9
2444,25,18,57,8,2.9649349505538733,10
2445,54,11,92,4,2.9582154924554307,7
2446,29,16,53,6,2.9575888480728265,10
2447,55,11,66,5,2.9570964571041585,6
2448,60,41,8,20,2.9526156128958108,21
2449,13,53,15,25,2.9520851553526866,28
2450,111,34,16,16,2.9513696994671306,18
2451,58,26,3,10,2.95126363345315,16
2452,100,36,78,16,2.9478453400806797,20
2453,13,116,51,56,2.945818330987163,60
2454,71,18,46,9,2.9448527741935377,9
2455,9,18,1,10,2.9438107743951836,8
2456,16,63,5,26,2.9385145168648896,37
2457,83,27,65,13,2.938404758323202,14
2458,36,20,87,8,2.93557325089767,12
2459,33,21,28,11,2.934003356051797,10
2460,3,42,43,19,2.9309731483635644,23
2461,12,18,40,9,2.93028970370934,9
2462,3,10,33,4,2.927658221464771,6
2463,64,25,11,10,2.925585866086349,15
2464,37,14,103,5,2.9215508243945583,9
2465,1,14,62,7,2.921521583990398,7
2466,77,21,112,11,2.921116306986576,10
2467,88,21,61,8,2.9209863910476948,13
2468,102,19,106,10,2.9207255392565106,9
2469,109,17,9,9,2.91854195196147,8
2470,55,11,31,5,2.9183781753906346,6
2471,37,10,33,4,2.9157377490462264,6
2472,104,12,10,6,2.9113530030237116,6
2473,95,29,53,11,2.9078610003173133,18
2474,62,19,9,9,2.9069158954391607,10
2475,16,33,79,14,2.9049583801159358,19
2476,30,34,71,16,2.8915964337712703,18
2477,8,33,27,16,2.8813894658039874,17
2478,88,18,48,7,2.8781551150447946,11
2479,30,51,15,22,2.877277208754005,29
2480,11,36,20,15,2.8760492087904987,21
2481,17,25,46,11,2.875672610475698,14
2482,106,14,77,7,2.875589368126161,7
2483,75,21,30,10,2.874328227945732,11
2484,108,10,2,4,2.873465048153021,6
2485,112,14,1,5,2.872325056767921,9
2486,83,25,87,12,2.871024026015094,13
2487,54,20,33,8,2.868925965784645,12
2488,53,32,55,14,2.8682065355723365,18
2489,103,59,16,29,2.868113668122221,30
2490,28,70,84,31,2.8670003890442093,39
2491,108,14,78,6,2.8642940930834624,8
2492,69,25,28,12,2.861912956405139,13
2493,16,96,28,43,2.854985092700266,53
2494,39,51,53,23,2.8501763309992625,28
2495,97,13,33,6,2.848649622206162,7
2496,4,25,16,13,2.8411046840521457,12
2497,107,51,106,24,2.8408623146416336,27
2498,86,104,28,46,2.8374089851944673,58
2499,39,11,35,5,2.8361547619317555,6
2500,30,35,57,14,2.8354505517997577,21
2501,57,31,43,13,2.8298725056085052,18
2502,65,31,78,13,2.825182111972357,18
2503,75,21,112,9,2.8242194050340816,12
2504,16,162,51,77,2.824102926061425,85
2505,18,13,71,6,2.821320109059585,7
2506,68,14,48,7,2.8206443314688054,7
2507,97,26,76,12,2.8180456861896697,14
2508,9,48,40,21,2.81743847104381,27
2509,60,31,109,14,2.8109683593595354,17
2510,1,32,36,16,2.809530345293069,16
2511,78,31,43,13,2.808792064889392,18
2512,99,15,41,7,2.8081672918617295,8
2513,65,42,71,18,2.8056942435602363,24
2514,106,14,112,7,2.805082024542774,7
2515,48,26,65,13,2.800978027003418,13
2516,33,15,27,7,2.7980319906219515,8
2517,83,32,8,16,2.795775595052069,16
2518,23,15,50,5,2.795623997234249,10
2519,68,14,44,7,2.7953277213928227,7
2520,7,26,1,12,2.793205495238505,14
2521,100,13,36,6,2.7923934619121074,7
2522,70,12,102,7,2.7906887378625385,5
2523,85,14,112,6,2.788857070839814,8
2524,69,19,39,9,2.785474853322304,10
2525,27,19,18,9,2.7809093544414454,10
2526,18,30,40,12,2.780722164544755,18
2527,10,17,87,8,2.7770692343126595,9
2528,93,12,100,5,2.7764313127252507,7
2529,100,25,50,11,2.773983496786126,14
2530,109,27,3,13,2.772131876424933,14
2531,50,11,38,4,2.769596671810694,7
2532,27,60,88,29,2.7660588381556592,31
2533,15,23,69,10,2.7652098531538094,13
2534,64,24,23,11,2.763646390912283,13
2535,1,17,94,9,2.7623810098011936,8
2536,97,34,96,17,2.7556888339056833,17
2537,3,16,46,8,2.752172231930853,8
2538,18,59,53,28,2.751370776151322,31
2539,71,26,51,12,2.748484052918404,14
2540,53,45,64,20,2.7453777698168924,25
2541,89,10,75,5,2.7450238265363027,5
2542,103,11,90,5,2.7389488215456446,6
2543,54,35,102,16,2.738133577396994,19
2544,99,12,63,6,2.737725340993938,6
2545,35,29,86,12,2.735934113725711,17
2546,35,18,30,8,2.7335215300448548,10
2547,11,98,86,45,2.732991616977066,53
2548,68,24,57,12,2.731461721250245,12
2549,49,11,5,5,2.7256599500520577,6
2550,44,16,88,8,2.7255415222047095,8
2551,37,30,84,14,2.7240272709777176,16
2552,72,35,78,18,2.7236289151272817,17
2553,34,16,88,7,2.7175195012540176,9
2554,63,20,4,9,2.7170319642618375,11
2555,11,49,54,23,2.712810054723482,26
2556,114,66,88,31,2.711653784187521,35
2557,94,26,29,12,2.7112074149721908,14
2558,23,23,77,11,2.7061500660226216,12
2559,84,38,54,17,2.7056546007409144,21
2560,20,27,7,13,2.7023319306021247,14
2561,87,63,106,30,2.6977525519324614,33
2562,89,45,16,21,2.6972109135363893,24
2563,43,20,37,10,2.6945517502192464,10
2564,20,27,41,14,2.6942971523502353,13
2565,10,11,65,5,2.691616036034299,6
2566,87,23,31,11,2.6915087275033063,12
2567,74,61,5,29,2.685625674476677,32
2568,63,13,103,5,2.6855582456044873,8
2569,12,28,23,13,2.681426753340843,15
2570,39,25,5,12,2.6791322172692817,13
2571,46,36,87,15,2.6745789000356535,21
2572,8,59,39,29,2.6741758585455164,30
2573,25,17,44,8,2.67353547628176,9
2574,13,118,7,55,2.6708973171944725,63
2575,37,67,104,30,2.6697156594454787,37
2576,71,17,5,8,2.668348512437488,9
2577,104,17,33,7,2.6680602101105784,10
2578,96,12,49,6,2.667183302246175,6
2579,58,31,69,15,2.6642219625913843,16
2580,13,69,27,32,2.660377620233211,37
2581,40,24,27,13,2.6563176029466624,11
2582,20,14,73,6,2.6543798385197754,8
2583,55,52,11,22,2.6542455471400306,30
2584,57,13,36,5,2.6531160901053727,8
2585,103,22,41,11,2.6487253088558034,11
2586,110,13,54,6,2.635884902993451,7
2587,51,12,22,5,2.6349206585516356,7
2588,95,34,39,16,2.633907594970311,18
2589,54,21,98,10,2.6338814908595602,11
2590,95,34,107,16,2.633836762476072,18
2591,76,25,88,12,2.6331924139366394,13
2592,65,37,76,15,2.6270092005408774,22
2593,39,42,28,20,2.6233394077803616,22
2594,87,62,50,30,2.6177747331228067,32
2595,16,66,62,28,2.613399783601711,38
2596,63,18,45,8,2.611830236832499,10
2597,40,29,1,13,2.6081027273161883,16
2598,50,37,51,18,2.606142976623963,19
2599,104,69,13,31,2.6048151504197845,38
2600,36,23,91,10,2.600483205457642,13
2601,57,47,51,22,2.599162353840762,25
2602,62,12,77,5,2.5961939184273137,7
2603,20,48,37,23,2.5936827651590773,25
2604,102,27,37,12,2.5931875377695404,15
2605,28,71,65,31,2.5907378992374,40
2606,100,75,13,35,2.5889445022479918,40
2607,9,13,78,6,2.58338943616443,7
2608,33,15,88,6,2.581178022844097,9
2609,50,22,112,9,2.578275791966451,13
2610,81,14,108,7,2.5758573743146345,7
2611,16,24,35,10,2.575434774594282,14
2612,1,29,51,14,2.574119304918465,15
2613,38,14,76,8,2.5739884202864642,6
2614,48,14,25,7,2.5710538086168517,7
2615,38,19,72,10,2.5698269051223064,9
2616,72,38,100,18,2.5664647192876506,20
2617,86,48,90,21,2.566035530404322,27
2618,7,109,68,50,2.5626001746544613,59
2619,48,21,51,11,2.5619467431523466,10
2620,78,18,38,8,2.556877487396379,10
2621,86,14,14,7,2.5565201304900285,7
2622,73,19,1,8,2.5534291003907317,11
2623,100,62,39,29,2.553402043602978,33
2624,27,77,107,34,2.551181419495729,43
2625,71,14,47,7,2.5504632262813383,7
2626,7,74,36,34,2.54935875079736,40
2627,57,62,15,29,2.5402251225297947,33
2628,54,22,41,10,2.5401886138093195,12
2629,97,35,65,16,2.539739428020559,19
2630,70,22,9,9,2.5390649499197586,13
2631,89,14,62,7,2.537533142040627,7
2632,8,14,89,6,2.5350410826092795,8
2633,40,60,88,27,2.532837544735202,33
2634,7,29,17,13,2.532089441361393,16
2635,61,10,62,5,2.53075507416622,5
2636,44,15,107,7,2.530544567099409,8
2637,99,19,30,8,2.530388293684778,11
2638,77,41,87,19,2.5281436463062663,22
2639,36,33,9,15,2.527924078037464,18
2640,64,14,78,6,2.5236461521323377,8
2641,68,27,46,12,2.520930145642669,15
2642,97,18,29,8,2.5164381029243006,10
2643,12,15,36,7,2.516319942513756,8
2644,87,15,92,7,2.5078466479835897,8
2645,114,63,86,30,2.5031933128077988,33
2646,13,82,60,36,2.502715209916622,46
2647,84,13,67,7,2.500709874534178,6
2648,8,99,107,48,2.4931340588437516,51
2649,71,27,9,12,2.485839871550415,15
2650,28,25,79,12,2.485405030035431,13
2651,87,58,28,28,2.477822962643624,30
2652,74,17,69,9,2.466497282082459,8
2653,17,17,1,8,2.462761073509875,9
2654,102,32,25,15,2.460889696925051,17
2655,110,17,86,8,2.459712460283758,9
2656,40,10,84,5,2.4542210673969374,5
2657,58,16,50,8,2.4508398898046,8
2658,41,23,50,10,2.450545854937192,13
2659,61,17,65,9,2.4487309858444046,8
2660,63,15,61,6,2.445410080263457,9
2661,32,10,50,6,2.4440541907162885,4
2662,23,56,7,26,2.4411917402729504,30
2663,68,53,3,26,2.437668230604428,27
2664,14,19,51,7,2.433844123091522,12
2665,3,17,96,8,2.432078371197565,9
2666,109,11,99,5,2.4195174025010506,6
2667,28,19,94,8,2.4149604753175544,11
2668,15,32,7,17,2.4130666365885896,15
2669,8,40,50,17,2.4122569104172085,23
2670,54,22,23,10,2.4071199385443034,12
2671,16,66,72,29,2.4066567180941068,37
2672,88,57,104,25,2.406185933878753,32
2673,78,52,107,23,2.404615622190728,29
2674,20,26,80,12,2.4033351571638515,14
2675,74,14,33,7,2.401214003272284,7
2676,8,36,76,16,2.3997351089247143,20
2677,4,21,71,8,2.387175011736595,13
2678,96,25,104,11,2.386641983915838,14
2679,75,13,56,5,2.3840139649043484,8
2680,86,90,84,45,2.3816790899230798,45
2681,88,92,51,47,2.379271211176054,45
2682,71,40,107,17,2.376060967609246,23
2683,90,19,84,9,2.374748457023267,10
2684,47,30,27,14,2.3693232707121195,16
2685,25,32,63,16,2.3688265373602633,16
2686,40,24,50,10,2.367144047455048,14
2687,104,82,16,37,2.3660425898312196,45
2688,100,36,63,18,2.3654131253541655,18
2689,99,23,5,11,2.36162190226428,12
2690,102,17,39,8,2.3613393535898353,9
2691,70,34,76,16,2.358420872168424,18
2692,100,14,97,6,2.358325970901081,8
2693,77,19,95,9,2.3572647176547914,10
2694,96,14,109,6,2.3566759619593634,8
2695,8,27,17,13,2.354578898260205,14
2696,40,17,109,7,2.3545763145612293,10
2697,99,12,33,5,2.354570382478152,7
2698,3,13,66,6,2.354012830782651,7
2699,4,36,31,15,2.353535596679466,21
2700,57,12,33,5,2.3532372822710057,7
2701,79,10,96,5,2.351992111457352,5
2702,88,70,68,32,2.348799110697707,38
2703,60,23,48,11,2.3452069486573284,12
2704,78,10,45,5,2.343791897433706,5
2705,30,71,107,31,2.3419582310534532,40
2706,25,28,53,14,2.3301510854690863,14
2707,109,51,5,25,2.3285813949081624,26
2708,34,53,107,23,2.32807475083319,30
2709,84,35,50,17,2.3257021134383256,18
2710,9,38,63,18,2.3236980465974213,20
2711,65,25,34,11,2.3212579900106842,14
2712,104,21,102,11,2.3206272974702777,10
2713,3,23,61,8,2.318754532374438,15
2714,111,18,87,8,2.316389144833365,10
2715,88,32,91,15,2.315767764685106,17
2716,8,58,96,27,2.313991189820113,31
2717,71,31,63,14,2.311262987331468,17
2718,63,28,70,13,2.309911464577443,15
2719,76,13,69,5,2.308555624427584,8
2720,35,13,70,7,2.3047047876076423,6
2721,87,56,109,24,2.303879287059074,32
2722,38,11,98,5,2.303289795541877,6
2723,87,27,112,13,2.3028409213342953,14
2724,60,26,95,12,2.300035058084818,14
2725,80,20,7,9,2.2986689861273377,11
2726,100,24,5,11,2.293242743404467,13
2727,60,25,58,12,2.290126678428355,13
2728,106,13,4,7,2.287883468044358,6
2729,8,76,28,35,2.28759259007733,41
2730,73,16,16,8,2.286947763730408,8
2731,30,99,87,45,2.2849599166501084,54
2732,104,30,15,14,2.284045030795471,16
2733,15,23,62,11,2.2798292485270197,12
2734,77,12,69,6,2.2797993708458937,6
2735,60,71,88,32,2.2792253464532273,39
2736,65,14,92,7,2.2769844774151653,7
2737,40,14,74,6,2.2751378053719047,8
2738,61,10,31,5,2.2696136748473625,5
2739,28,66,96,31,2.2674069446039304,35
2740,85,12,7,5,2.267272935114745,7
2741,78,38,60,18,2.2632585381286265,20
2742,98,16,17,8,2.2572460925395315,8
2743,15,43,68,18,2.2555683958776407,25
2744,74,13,41,7,2.2545650248033358,6
2745,95,30,25,14,2.253973143655666,16
2746,51,34,103,15,2.2523561426908394,19
2747,63,11,83,4,2.2518527555221,7
2748,86,16,113,7,2.2517990720455145,9
2749,70,10,27,5,2.2432632584575636,5
2750,108,13,65,7,2.2401098494637828,6
2751,4,26,114,13,2.2345648368573663,13
2752,33,29,13,14,2.2338036026832278,15
2753,46,18,65,7,2.232998478058108,11
2754,90,16,25,7,2.2261576936837093,9
2755,78,18,20,9,2.2240641682142104,9
2756,75,23,84,11,2.2186834285684545,12
2757,89,17,100,8,2.216254357517584,9
2758,5,50,96,22,2.21142719225076,28
2759,27,40,43,19,2.2108077073212753,21
2760,91,12,56,6,2.199268647174773,6
2761,7,75,40,33,2.195752128306479,42
2762,60,32,75,15,2.194819750320694,17
2763,68,35,106,16,2.193685806982791,19
2764,17,38,39,17,2.193005161454297,21
2765,7,19,72,9,2.1917063339887894,10
2766,64,10,69,4,2.1864749506825825,6
2767,55,24,77,11,2.1857007329001785,13
2768,43,46,60,22,2.1827960431073006,24
2769,58,17,77,7,2.1701174531712333,10
2770,5,10,29,4,2.165232041865749,6
2771,40,20,45,9,2.160407922723577,11
2772,3,17,79,7,2.155492099627798,10
2773,39,48,19,20,2.1517420977893718,28
2774,107,51,3,26,2.1479182304295343,25
2775,10,21,8,9,2.147315002146761,12
2776,91,32,107,14,2.146585680909241,18
2777,55,11,69,5,2.141856565606561,6
2778,71,39,39,18,2.1402119009407667,21
2779,11,44,57,23,2.1390410890053513,21
2780,102,22,74,10,2.1384304011801003,12
2781,66,13,31,6,2.1367157981218847,7
2782,8,26,102,13,2.1358165667375633,13
2783,107,22,89,11,2.1353078245406363,11
2784,2,12,61,5,2.133108515807604,7
2785,98,10,43,4,2.1302778964437667,6
2786,16,139,13,63,2.1299224675207302,76
2787,107,27,81,13,2.1289588783710056,14
2788,41,61,88,27,2.1276735354556675,34
2789,76,29,29,14,2.1257126582700185,15
2790,8,85,88,40,2.1249214472921283,45
2791,108,10,95,4,2.124107159080121,6
2792,102,32,114,14,2.1240842876015136,18
2793,43,55,19,26,2.123328917675143,29
2794,7,62,9,31,2.12190310948229,31
2795,104,34,70,16,2.118226250740968,18
2796,53,11,70,5,2.1174802085363624,6
2797,86,50,12,23,2.1168910859065675,27
2798,20,21,76,11,2.1167459313721073,10
2799,50,56,107,27,2.1132862646405495,29
2800,69,11,25,5,2.112059751085251,6
2801,43,20,84,10,2.109533709992988,10
2802,15,20,50,9,2.1074794936122783,11
2803,68,28,94,13,2.106511062546953,15
2804,33,22,11,12,2.098758142334807,10
2805,64,17,57,7,2.0964467583954445,10
2806,97,22,8,11,2.094799206270942,11
2807,40,18,11,9,2.0894421004610075,9
2808,15,12,94,5,2.08916589041162,7
2809,64,43,68,18,2.0864244028015833,25
2810,60,19,83,9,2.080593849514111,10
2811,20,68,54,35,2.0740616245882637,33
2812,89,16,55,8,2.073523664632458,8
2813,104,16,20,8,2.0724807758275627,8
2814,27,20,23,10,2.0722628371370155,10
2815,19,32,60,16,2.0695709845373633,16
2816,84,30,34,14,2.067010635537676,16
2817,16,44,38,17,2.066041590537685,27
2818,57,19,20,9,2.0635570646445043,10
2819,68,78,27,36,2.0623498587984437,42
2820,109,28,102,13,2.052816303469014,15
2821,16,79,68,35,2.0462981602365193,44
2822,38,12,81,6,2.045838886192928,6
2823,13,88,86,39,2.04443118793817,49
2824,45,14,68,6,2.0416275962437833,8
2825,12,14,7,7,2.0405365521973633,7
2826,11,18,93,10,2.0391902780828315,8
2827,39,84,13,39,2.0363514127450077,45
2828,91,14,114,7,2.031242634143403,7
2829,19,36,94,18,2.0287789057822354,18
2830,32,11,13,5,2.0261815070275424,6
2831,28,52,51,26,2.025017303726126,26
2832,17,34,50,17,2.0227689416055807,17
2833,68,65,107,32,2.0225872798417837,33
2834,16,54,70,24,2.0212880671139883,30
2835,114,27,17,11,2.021159075364864,16
2836,65,44,17,18,2.020871434980538,26
2837,49,40,65,19,2.019905367784044,21
2838,34,29,19,13,2.0195180211310895,16
2839,111,10,10,4,2.0194606727691027,6
2840,93,11,60,4,2.018629631632228,7
2841,80,37,54,19,2.0181573041232794,18
2842,68,29,70,14,2.015118158104632,15
2843,112,13,103,6,2.012520719272728,7
2844,86,162,87,80,2.0083605190881144,82
2845,83,22,97,12,2.0076368732075736,10
2846,17,38,107,18,2.007599164086747,20
2847,43,14,90,6,2.005339357933236,8
2848,48,29,11,13,2.003568336649414,16
2849,114,26,74,13,1.9975972531686852,13
2850,48,12,81,5,1.9888329395840285,7
2851,3,16,93,9,1.9887992190402266,7
2852,53,19,4,9,1.9876947928926743,10
2853,100,12,79,5,1.9822381822120898,7
2854,68,30,38,13,1.98112771845421,17
2855,76,19,108,9,1.9804363984704085,10
2856,72,12,18,4,1.9799025110918047,8
2857,20,12,108,6,1.9767306426900582,6
2858,88,32,70,15,1.9762934359596307,17
2859,11,68,46,31,1.9748609346215973,37
2860,55,31,84,15,1.9725581442910776,16
2861,54,10,35,4,1.970607603878345,6
2862,39,25,34,12,1.9686602327127705,13
2863,43,53,94,25,1.9677758823914582,28
2864,102,11,95,5,1.9663297200367644,6
2865,28,33,91,15,1.9649527402335243,18
2866,41,24,112,11,1.9642201479007209,13
2867,80,11,97,5,1.9631828964682283,6
2868,41,21,78,9,1.9597162558523102,12
2869,50,18,29,9,1.959231338964665,9
2870,50,11,35,5,1.9581460146246819,6
2871,20,13,38,5,1.9557732518764164,8
2872,36,34,64,17,1.9485056781764578,17
2873,13,22,61,9,1.9474617025071013,13
2874,60,83,77,39,1.9458508982604699,44
2875,25,20,55,9,1.9429576796619987,11
2876,68,110,13,52,1.940217463837753,58
2877,107,38,112,19,1.9399789809753514,19
2878,23,14,31,6,1.9392936999416412,8
2879,110,13,104,5,1.938847445081051,8
2880,71,49,7,25,1.9387153694352726,24
2881,38,24,29,12,1.9382895755585894,12
2882,32,10,98,5,1.938005226383161,5
2883,39,45,12,21,1.9360777741434771,24
2884,64,30,100,13,1.9340559174532876,17
2885,23,14,97,7,1.9330528734436583,7
2886,65,30,84,14,1.928864673268391,16
2887,70,19,40,8,1.9276789997691242,11
2888,102,23,51,11,1.9242622041835236,12
2889,114,21,18,10,1.9235772497574426,11
2890,62,23,11,11,1.921949906489989,12
2891,99,11,76,6,1.9173589523208294,5
2892,97,32,106,16,1.9159665785715103,16
2893,110,11,17,5,1.9155371371930712,6
2894,15,42,3,20,1.91289476345445,22
2895,8,65,74,29,1.9128656065638743,36
2896,17,39,34,20,1.911801999559805,19
2897,49,28,109,13,1.9114504365816274,15
2898,68,38,1,18,1.9099752765436635,20
2899,37,20,109,9,1.908398750070837,11
2900,78,37,63,18,1.905896647305326,19
2901,93,12,9,5,1.9054646427528432,7
2902,30,12,111,5,1.9021634173356627,7
2903,16,67,78,31,1.9016622370053937,36
2904,55,27,99,12,1.895072402151854,15
2905,85,12,98,5,1.892963761582925,7
2906,71,44,86,22,1.8883807510456327,22
2907,25,23,64,11,1.8857238852847764,12
2908,96,16,30,7,1.8850748786904798,9
2909,2,41,8,20,1.8848654476169666,21
2910,98,17,19,7,1.875761702707658,10
2911,39,62,27,28,1.8742568395293475,34
2912,104,11,45,5,1.871427106049844,6
2913,30,16,81,8,1.8705842587540351,8
2914,104,15,92,8,1.8690561053420138,7
2915,8,62,51,30,1.8690209653489374,32
2916,53,13,47,6,1.867452050486345,7
2917,77,17,103,8,1.867067149992878,9
2918,60,13,33,5,1.8644268792007332,8
2919,72,11,40,5,1.8619895873138226,6
2920,40,65,51,31,1.859461479744615,34
2921,93,21,97,10,1.8583722279909525,11
2922,106,15,66,6,1.8543998994283266,9
2923,16,41,47,19,1.8526756622896512,22
2924,53,22,97,10,1.8492466822191047,12
2925,50,13,73,5,1.8439270323254195,8
2926,39,48,104,22,1.8421078455380056,26
2927,12,18,85,9,1.8411131730635333,9
2928,84,38,96,19,1.8356486827006806,19
2929,17,18,38,8,1.835044678880425,10
2930,95,22,20,11,1.8350043196326213,11
2931,12,42,51,20,1.8319645901812933,22
2932,74,29,13,14,1.8278354237299024,15
2933,54,21,62,10,1.827204044946486,11
2934,44,13,114,6,1.8263733365516688,7
2935,13,44,75,20,1.82625422828726,24
2936,65,27,103,11,1.8249477039118196,16
2937,102,13,99,6,1.821289341303691,7
2938,76,25,37,10,1.8207875520541696,15
2939,39,51,47,23,1.8181044973460996,28
2940,62,33,3,15,1.816538674196634,18
2941,55,18,29,9,1.8130539080836594,9
2942,39,54,54,26,1.8106817249544764,28
2943,40,18,111,9,1.8104998545748747,9
2944,36,22,25,11,1.807144013826855,11
2945,70,57,86,26,1.80463722039498,31
2946,51,34,31,14,1.8036645224364263,20
2947,29,18,9,9,1.8021042570677095,9
2948,62,19,102,9,1.8008214371485478,10
2949,66,21,72,9,1.7965213010940455,12
2950,88,13,45,7,1.7936864388197336,6
2951,107,33,85,16,1.7927255981297012,17
2952,114,35,39,18,1.7909993968165154,17
2953,20,19,48,8,1.7888857426975104,11
2954,97,27,46,13,1.7888516310767923,14
2955,37,25,90,12,1.7816453937181727,13
2956,16,64,43,29,1.7815967192388467,35
2957,13,52,109,25,1.7813150961921804,27
2958,62,47,87,22,1.7735628992287058,25
2959,65,95,107,45,1.7733589716431564,50
2960,29,18,23,9,1.768903884608291,9
2961,76,37,19,17,1.7676994498943297,20
2962,53,51,65,25,1.7628403003306898,26
2963,49,35,12,20,1.7607112611745601,15
2964,37,98,5,47,1.7580752219846099,51
2965,54,78,8,34,1.7565177133908374,44
2966,50,48,11,23,1.7551842799258404,25
2967,88,37,18,18,1.7539193639392456,19
2968,85,17,88,8,1.7507571303795118,9
2969,79,23,107,10,1.7474071801332398,13
2970,76,38,39,16,1.7471597636311915,22
2971,50,26,64,13,1.7443555357645693,13
2972,41,50,27,22,1.7436572730759,28
2973,76,30,27,13,1.7427067110546455,17
2974,60,33,36,16,1.7416473627060738,17
2975,18,11,6,5,1.7414584600944842,6
2976,36,37,88,16,1.7392851936744356,21
2977,11,28,102,14,1.7387973463291377,14
2978,9,23,112,10,1.7370284161007252,13
2979,72,26,8,14,1.7357525504172742,12
2980,111,16,9,7,1.7347101097492736,9
2981,16,27,44,12,1.7334648777380284,15
2982,106,38,96,17,1.7318320126651967,21
2983,32,13,68,5,1.7311662598089266,8
2984,60,24,1,11,1.730552170717301,13
2985,77,10,28,5,1.7274479044716262,5
2986,63,32,27,14,1.7257174576018157,18
2987,8,98,55,49,1.7228795986298449,49
2988,47,21,72,8,1.72259491799794,13
2989,88,25,77,11,1.7210000447837095,14
2990,74,17,43,9,1.720220429736231,8
2991,104,24,83,10,1.7171480590838881,14
2992,5,51,54,23,1.7127518345022985,28
2993,88,62,28,29,1.7102908597256317,33
2994,77,10,2,5,1.7047420693819304,5
2995,30,70,19,32,1.7014620611881708,38
2996,20,16,102,8,1.6989391239814888,8
2997,49,15,33,6,1.6985707880959617,9
2998,36,15,23,9,1.697287527418564,6
2999,63,17,95,8,1.6923751834394967,9
3000,100,16,108,7,1.6907369085377821,9
3001,49,29,9,15,1.6896562395419936,14
3002,87,104,65,49,1.6895189939198372,55
3003,73,20,28,10,1.687006788072292,10
3004,55,58,88,25,1.6855630045879748,33
3005,55,40,106,18,1.6835382667235024,22
3006,16,41,90,20,1.6799312140304254,21
3007,63,45,7,18,1.673573876629926,27
3008,48,14,104,6,1.673511883025235,8
3009,39,16,97,7,1.6730198449243052,9
3010,100,66,19,30,1.6726058717122694,36
3011,46,39,28,17,1.6724095749961827,22
3012,11,23,94,10,1.671556142402879,13
3013,45,28,31,13,1.6710870406691025,15
3014,17,17,112,8,1.670998049379022,9
3015,85,21,16,9,1.6660938255041766,12
3016,114,13,34,7,1.6642874528280043,6
3017,37,47,74,23,1.66281633297112,24
3018,63,24,47,10,1.6623324282821739,14
3019,15,53,107,22,1.6591205084334788,31
3020,114,32,20,15,1.6576211464865755,17
3021,41,30,1,13,1.6558361653082903,17
3022,30,44,54,21,1.6548383514122598,23
3023,36,23,68,11,1.651168634820273,12
3024,16,76,19,33,1.6508644082334605,43
3025,30,51,51,24,1.647193986120048,27
3026,16,84,49,39,1.644295736709509,45
3027,6,18,68,10,1.6346986227731617,8
3028,30,29,72,13,1.6335743047087896,16
3029,64,12,84,7,1.6272082249846804,5
3030,7,22,30,12,1.6270647619511827,10
3031,106,46,88,20,1.6248459493396556,26
3032,87,58,60,30,1.6223072521777593,28
3033,69,18,20,8,1.617076755581312,10
3034,17,14,80,6,1.6140041509212482,8
3035,30,29,69,14,1.6139022710932394,15
3036,51,56,37,24,1.5992269438266569,32
3037,91,12,38,6,1.5959128745414664,6
3038,14,11,75,5,1.594721022285634,6
3039,65,53,106,25,1.5924392992470846,28
3040,51,24,98,11,1.5914965104039462,13
3041,65,114,63,54,1.5897439715876234,60
3042,114,42,7,19,1.5876978285125964,23
3043,104,18,23,10,1.586371905318577,8
3044,2,15,25,8,1.5845186001024,7
3045,2,34,97,16,1.581483466739766,18
3046,72,15,64,8,1.581012910050583,7
3047,86,87,20,41,1.5804412903724692,46
3048,55,22,90,12,1.578656952498875,10
3049,76,20,95,10,1.5773440780858254,10
3050,72,33,77,16,1.576392413455525,17
3051,74,59,16,29,1.5763144198537753,30
3052,96,34,88,17,1.5755489762598094,17
3053,4,61,13,28,1.56876063127331,33
3054,63,43,50,20,1.5679692322282546,23
3055,39,56,41,29,1.5616219880661044,27
3056,80,20,11,10,1.5532652275466894,10
3057,54,50,19,22,1.5490660788865325,28
3058,60,32,9,14,1.541763907829675,18
3059,60,80,7,38,1.5400508999434617,42
3060,68,19,81,9,1.5385400494517059,10
3061,22,10,86,5,1.5381482899799122,5
3062,87,84,88,41,1.5378403182051705,43
3063,94,35,107,14,1.5336456044178703,21
3064,98,13,79,6,1.5335435073226167,7
3065,114,20,84,9,1.5282826629009736,11
3066,35,14,37,7,1.523131742310598,7
3067,46,12,55,5,1.514859018089967,7
3068,8,66,11,32,1.5090926243536666,34
3069,27,53,11,25,1.506768298365152,28
3070,68,53,63,25,1.50575560658607,28
3071,23,24,3,11,1.50147747590911,13
3072,30,20,23,9,1.5010273553622082,11
3073,46,52,5,24,1.4974094901037533,28
3074,107,47,25,23,1.4967278623744338,24
3075,112,16,11,8,1.4950492246382474,8
3076,2,23,74,10,1.4920197761473226,13
3077,103,30,72,13,1.490963595689934,17
3078,88,16,94,9,1.488282221240778,7
3079,3,23,50,11,1.4863990456698133,12
3080,60,74,71,35,1.4843115108657066,39
3081,86,44,77,21,1.4836620718907323,23
3082,64,18,77,7,1.4804278853158328,11
3083,37,38,17,16,1.479924510472103,22
3084,68,10,84,4,1.4788993773509214,6
3085,103,17,79,8,1.4762996181953671,9
3086,106,50,11,21,1.4751786277994416,29
3087,35,24,7,12,1.4676220715119486,12
3088,6,13,69,7,1.4672562795661197,6
3089,2,47,50,22,1.4655399199134267,25
3090,6,10,49,4,1.4632163711361081,6
3091,31,21,47,10,1.4606130980712677,11
3092,12,18,52,8,1.4597821535609574,10
3093,25,23,83,10,1.459720188055504,13
3094,107,131,86,63,1.4543099391367897,68
3095,91,14,90,7,1.453639559044283,7
3096,65,33,80,16,1.4513664238423436,17
3097,106,55,63,27,1.448556681809942,28
3098,75,44,39,23,1.4473715172929777,21
3099,27,20,81,10,1.446682198592998,10
3100,12,21,38,10,1.44606768522066,11
3101,99,14,27,6,1.4451774655149798,8
3102,65,33,69,16,1.4425642416495112,17
3103,19,22,112,11,1.4419647960353517,11
3104,20,21,97,11,1.4395279608818752,10
3105,50,28,25,14,1.4391705454909005,14
3106,89,21,60,11,1.4364501610048446,10
3107,89,18,104,9,1.4266934178162882,9
3108,36,35,45,19,1.423273124508118,16
3109,65,39,111,17,1.4217415135333136,22
3110,88,24,35,12,1.4205575592973045,12
3111,1,11,53,5,1.4196819324858239,6
3112,30,23,106,11,1.4150001393849174,12
3113,58,18,63,10,1.4081792647741072,8
3114,12,20,71,10,1.4059148964814137,10
3115,46,25,9,13,1.4052752923291445,12
3116,70,17,95,9,1.4011695857654891,8
3117,94,14,50,6,1.3968135010800529,8
3118,74,12,98,6,1.394136813126094,6
3119,19,29,12,16,1.3921833318008658,13
3120,95,12,80,6,1.3888115326852126,6
3121,36,11,29,6,1.3837445576600509,5
3122,1,15,39,9,1.3816919606844615,6
3123,62,14,84,7,1.3810102415014267,7
3124,106,30,41,15,1.3806292559177726,15
3125,52,11,55,5,1.3787566985994324,6
3126,94,22,65,12,1.3778845805510187,10
3127,16,81,15,39,1.3718022618250076,42
3128,39,37,62,17,1.3681155062123813,20
3129,114,24,57,11,1.3673588648458903,13
3130,87,61,55,30,1.3657748995370722,31
3131,25,26,30,14,1.363384718034573,12
3132,41,35,40,18,1.358626645359705,17
3133,65,62,12,31,1.3569449640146096,31
3134,50,70,54,34,1.3558875691745103,36
3135,97,37,88,18,1.3490743629309014,19
3136,108,17,40,9,1.3479697301696891,8
3137,8,44,104,21,1.3410693202324964,23
3138,6,10,23,5,1.3385415186806267,5
3139,41,41,57,19,1.3346067759194706,22
3140,29,49,87,23,1.3294428797908011,26
3141,91,15,57,8,1.3279179810680901,7
3142,15,77,39,35,1.3269104961123048,42
3143,74,18,80,9,1.319966132866856,9
3144,16,48,48,25,1.3151995623254895,23
3145,62,32,65,16,1.314337298660698,16
3146,94,11,40,5,1.3131730085845268,6
3147,112,32,65,16,1.3122977163439495,16
3148,68,52,9,25,1.3104638696206712,27
3149,32,14,51,7,1.3093866254236395,7
3150,41,28,114,14,1.307338108043566,14
3151,107,74,63,39,1.3057879270213837,35
3152,5,44,13,21,1.3023509853743034,23
3153,41,47,68,23,1.2976062488793099,24
3154,11,27,29,13,1.2961292923128658,14
3155,7,22,8,10,1.2952715014492373,12
3156,88,39,4,19,1.294921220761057,20
3157,23,50,86,24,1.2941840707557497,26
3158,51,46,43,23,1.2927213961905486,23
3159,76,28,103,11,1.289556226191749,17
3160,51,19,99,10,1.2892082407104484,9
3161,39,53,57,25,1.2848347183559061,28
3162,34,10,91,5,1.2767116469837227,5
3163,57,13,35,5,1.2766228565175344,8
3164,34,55,16,25,1.2743929199645083,30
3165,71,11,1,6,1.2732152302328021,5
3166,78,23,94,11,1.2724005748443534,12
3167,60,29,28,16,1.272111001147211,13
3168,57,18,49,8,1.2683352845717475,10
3169,92,12,107,5,1.2625916923530776,7
3170,81,20,18,10,1.2612198373935404,10
3171,47,17,19,8,1.2608828610261413,9
3172,93,10,79,5,1.2606355667564615,5
3173,114,18,49,10,1.2604600332250735,8
3174,17,42,13,21,1.2570532505054286,21
3175,13,61,9,28,1.2504419702657084,33
3176,30,11,1,5,1.2471291746436628,6
3177,11,31,74,15,1.2464065422784565,16
3178,51,69,60,30,1.2442757806235896,39
3179,91,20,37,10,1.2413018923540677,10
3180,86,82,3,41,1.2386623705423823,41
3181,71,25,31,12,1.2380158081615484,13
3182,39,42,50,20,1.237297066410004,22
3183,28,39,25,17,1.2338977751460145,22
3184,66,16,9,7,1.2335487286820452,9
3185,57,18,98,9,1.2285137928950534,9
3186,55,17,41,8,1.220974525083998,9
3187,112,51,16,25,1.2207004808764241,26
3188,107,46,70,24,1.2201940929331918,22
3189,71,37,88,16,1.218508421155273,21
3190,86,70,55,33,1.2139036480148047,37
3191,25,33,97,16,1.2112097532933517,17
3192,8,33,48,16,1.2090868114966704,17
3193,16,48,114,22,1.206810833178156,26
3194,28,65,5,32,1.2040234196998174,33
3195,72,14,91,6,1.1989473238903479,8
3196,72,57,87,28,1.1953475371623439,29
3197,52,12,19,5,1.193969189324495,7
3198,25,67,16,32,1.1932865297100734,35
3199,68,18,74,7,1.1930607364890244,11
3200,78,33,30,16,1.1878104510057075,17
3201,87,16,110,7,1.1878037867151132,9
3202,76,31,96,14,1.1853039288193863,17
3203,54,19,12,10,1.1785698020993989,9
3204,33,12,77,6,1.1756675735500741,6
3205,83,35,55,18,1.174944809247691,17
3206,12,23,72,12,1.170572685593169,11
3207,44,13,75,7,1.169380882277211,6
3208,100,34,62,17,1.1692002604569447,17
3209,108,43,107,20,1.1650594254489712,23
3210,70,24,41,13,1.154537329956712,11
3211,47,12,94,6,1.1540186483091397,6
3212,99,14,98,6,1.1506101967982687,8
3213,79,17,7,8,1.150116600366683,9
3214,51,19,58,9,1.150079328736186,10
3215,39,14,98,6,1.1463977441558346,8
3216,8,14,56,7,1.138262181129431,7
3217,87,26,52,13,1.137456454355296,13
3218,88,27,90,12,1.1337889641393057,15
3219,95,11,64,6,1.1310441974354588,5
3220,36,26,106,13,1.1307287364062795,13
3221,3,26,31,14,1.1304098830558913,12
3222,51,93,107,40,1.1261649710981219,53
3223,79,17,88,8,1.1249704502892566,9
3224,69,28,19,13,1.12274464710603,15
3225,28,25,57,12,1.1208866402447313,13
3226,29,19,7,7,1.117067463392933,12
3227,100,14,61,7,1.1138239851805005,7
3228,76,24,62,12,1.1133864180024142,12
3229,73,13,55,6,1.1082443575059628,7
3230,19,36,68,17,1.1056155430351968,19
3231,4,32,107,15,1.1053879522342496,17
3232,96,18,2,9,1.1039761816908875,9
3233,27,37,57,19,1.1033906612223556,18
3234,27,34,62,18,1.1030350968388563,16
3235,70,39,106,20,1.1024614638047314,19
3236,34,24,50,12,1.1020664531949347,12
3237,18,35,41,18,1.098384167284529,17
3238,19,17,102,7,1.0910566361497018,10
3239,15,71,86,33,1.0893875775437762,38
3240,42,14,69,7,1.0889746986073447,7
3241,93,11,94,4,1.0822019157683678,7
3242,75,27,74,12,1.0761366724331511,15
3243,64,19,97,9,1.0748997556853976,10
3244,28,61,109,28,1.0738097371372834,33
3245,46,13,103,6,1.0718715021600824,7
3246,88,21,89,10,1.0718351353910898,11
3247,9,16,97,9,1.0715415510849877,7
3248,67,20,37,9,1.070770052763525,11
3249,58,14,71,7,1.0679524363994424,7
3250,43,23,18,13,1.0606855017502181,10
3251,100,14,44,7,1.0590413147864144,7
3252,100,28,94,11,1.0558147223870034,17
3253,86,39,38,18,1.0547313169805967,21
3254,13,36,38,15,1.0523988581053296,21
3255,71,18,45,10,1.0500246166344471,8
3256,104,23,17,11,1.0458379273038076,12
3257,49,11,91,5,1.0426488720953477,6
3258,80,17,60,9,1.0365050448794264,8
3259,60,54,65,29,1.0350242100510143,25
3260,104,38,74,17,1.0321539192468763,21
3261,19,29,88,15,1.0300321093866873,14
3262,63,20,44,9,1.0233184771026445,11
3263,64,12,90,6,1.0226762518657313,6
3264,79,13,9,7,1.0203716742776936,6
3265,77,36,65,19,1.0154517929662803,17
3266,20,17,85,8,1.0120202947249686,9
3267,53,25,81,12,1.007220979224658,13
3268,91,20,18,9,1.0069076377111847,11
3269,87,46,84,21,1.0064873806180483,25
3270,114,11,93,6,1.0049906589581667,5
3271,87,37,75,18,1.0026365052951263,19
3272,86,90,8,47,0.997728516355561,43
3273,43,13,48,7,0.9891423928749106,6
3274,37,42,65,19,0.988736357368918,23
3275,91,30,13,16,0.987264344011889,14
3276,69,32,107,15,0.9867318989974718,17
3277,54,19,112,9,0.9843355592348286,10
3278,43,10,92,4,0.9836040223889839,6
3279,86,38,2,20,0.9822306710469796,18
3280,86,33,53,14,0.9815337209274286,19
3281,86,24,33,11,0.9811250119651476,13
3282,7,81,41,40,0.9794700083084562,41
3283,93,19,84,8,0.9776365381665071,11
3284,61,13,39,7,0.9776304076631862,6
3285,68,15,102,7,0.9774478191416416,8
3286,107,65,5,32,0.9748363761521168,33
3287,70,10,62,5,0.9747108971050832,5
3288,7,91,65,47,0.9659125099226098,44
3289,77,35,18,15,0.9630191535077136,20
3290,71,34,8,17,0.9628252268322728,17
3291,96,60,107,28,0.9618592892676057,32
3292,8,45,30,23,0.9612400698553699,22
3293,104,38,106,19,0.9604760273979267,19
3294,11,35,78,18,0.953806154754928,17
3295,38,22,19,9,0.9486127334466823,13
3296,86,92,39,46,0.9478757025388442,46
3297,54,13,89,5,0.9469702485999927,8
3298,63,23,53,11,0.9461903574639025,12
3299,60,96,16,47,0.9314051543525099,49
3300,55,24,4,12,0.9256101911535765,12
3301,95,32,7,15,0.9236786450564196,17
3302,75,27,114,13,0.9181862737012535,14
3303,88,68,49,33,0.9156599093700057,35
3304,87,58,64,29,0.914924458761258,29
3305,36,35,75,19,0.9076169876586814,16
3306,6,14,50,7,0.9048960894988062,7
3307,60,12,111,7,0.901998030050083,5
3308,62,14,50,6,0.9017457082495477,8
3309,78,17,55,9,0.9002458878614119,8
3310,107,91,28,43,0.8970764795683025,48
3311,8,36,49,18,0.8970171238421822,18
3312,39,24,70,11,0.8958543413772162,13
3313,106,71,28,34,0.8945808420172994,37
3314,65,16,52,7,0.8934919273094462,9
3315,39,18,89,8,0.8933119553911174,10
3316,64,16,47,7,0.8911330622653795,9
3317,55,27,3,13,0.889351927209094,14
3318,9,19,69,9,0.8879210172039291,10
3319,13,21,102,9,0.8799691401622274,12
3320,83,21,88,11,0.8798897555023121,10
3321,87,48,104,25,0.8767778403282721,23
3322,19,36,65,18,0.8764123836668221,18
3323,12,13,29,6,0.8751444942400031,7
3324,41,15,48,7,0.8735829617761527,8
3325,104,22,43,10,0.8731107554850521,12
3326,27,15,1,6,0.8721383199452204,9
3327,60,17,84,10,0.8716143564890761,7
3328,10,10,114,4,0.8617397018011357,6
3329,27,14,20,7,0.8592360695737239,7
3330,58,12,11,6,0.85682156486179,6
3331,16,10,22,5,0.856518199490958,5
3332,41,10,72,5,0.8522199406343116,5
3333,77,35,29,16,0.8478982804535968,19
3334,79,23,84,11,0.8428978656974995,12
3335,100,13,52,7,0.8342784296066278,6
3336,13,34,34,17,0.8338743360773314,17
3337,80,18,48,8,0.8324696586719836,10
3338,2,16,46,8,0.8285194662826778,8
3339,29,12,106,6,0.8264692442725412,6
3340,81,27,88,13,0.8225284845495021,14
3341,84,15,95,7,0.8218033746912392,8
3342,114,19,45,9,0.820568913201756,10
3343,23,11,19,5,0.8175991137149171,6
3344,13,15,35,7,0.81376153494348,8
3345,64,48,88,22,0.8099410279440211,26
3346,56,14,40,7,0.8062835825274118,7
3347,63,54,87,25,0.8053876890559839,29
3348,30,26,40,13,0.8045580871786273,13
3349,64,31,27,15,0.8011389808774306,16
3350,27,13,58,7,0.8008533054928186,6
3351,2,22,88,11,0.7956469041111253,11
3352,1,36,107,18,0.792741418555241,18
3353,33,22,87,10,0.791696856133381,12
3354,28,16,89,7,0.7901986413516666,9
3355,16,50,29,25,0.7901683160673684,25
3356,75,14,33,6,0.7900898585820573,8
3357,18,35,12,18,0.78996897913128,17
3358,30,59,60,26,0.7889417183418567,33
3359,65,54,15,27,0.7874769892970612,27
3360,4,18,104,10,0.7872554057904755,8
3361,109,16,47,8,0.7871811619003324,8
3362,75,58,65,29,0.7869787896039603,29
3363,41,11,62,6,0.7841014738090383,5
3364,87,22,99,10,0.7762165713325079,12
3365,88,32,69,15,0.7753807063240763,17
3366,95,14,100,6,0.7733599760917211,8
3367,41,27,76,15,0.771665559594643,12
3368,68,64,60,33,0.7655380923161711,31
3369,47,27,65,13,0.7649117411143579,14
3370,68,75,86,38,0.762333923036999,37
3371,3,47,60,23,0.7612170767781291,24
3372,102,32,16,16,0.757278257579428,16
3373,95,55,86,25,0.7570140635444287,30
3374,8,68,37,34,0.7513899671656665,34
3375,14,15,13,6,0.751185424264851,9
3376,3,24,34,12,0.7473309116778468,12
3377,51,15,44,9,0.7467242677105251,6
3378,46,24,84,11,0.7446057703540031,13
3379,107,43,97,21,0.7437976748281456,22
3380,36,13,74,5,0.7437175733038418,8
3381,33,34,16,19,0.7432550568871182,15
3382,7,12,108,5,0.7404080910313966,7
3383,25,24,15,13,0.7394428200536313,11
3384,43,24,68,11,0.7378419907186212,13
3385,40,77,86,36,0.735275767181436,41
3386,28,57,11,27,0.733863128330741,30
3387,103,12,106,5,0.7328239321562169,7
3388,95,41,5,21,0.7316066534315495,20
3389,68,89,51,41,0.7293513016782857,48
3390,71,10,96,5,0.7278695572627853,5
3391,57,10,4,4,0.7276499847388465,6
3392,51,84,87,40,0.7264367194251842,44
3393,92,31,88,15,0.7260589770500642,16
3394,15,22,64,10,0.7194942356138029,12
3395,37,51,28,24,0.7168710662114339,27
3396,60,69,107,33,0.7164318535922608,36
3397,61,18,40,9,0.715489570683085,9
3398,8,72,106,37,0.7133251026811394,35
3399,20,37,106,18,0.712249966486841,19
3400,43,18,71,10,0.7122285277146779,8
3401,87,18,44,9,0.7101293456244441,9
3402,8,21,43,9,0.7074712609529007,12
3403,64,23,38,11,0.707451399642146,12
3404,106,18,27,7,0.7074485049679642,11
3405,33,16,90,8,0.7072399112118868,8
3406,12,21,43,9,0.703043870685561,12
3407,9,29,58,14,0.7005683312894725,15
3408,45,16,3,8,0.6997435754221073,8
3409,54,86,107,43,0.6981437024878977,43
3410,50,29,9,14,0.6932669196756267,15
3411,100,19,85,9,0.692145009111035,10
3412,50,64,86,33,0.6879607464485774,31
3413,78,29,84,15,0.6870815538251351,14
3414,108,26,27,12,0.6834807480145316,14
3415,18,19,25,10,0.6816652439852796,9
3416,51,21,112,10,0.6806874161227705,11
3417,29,24,8,10,0.6801150064661755,14
3418,93,18,37,8,0.6735242225279052,10
3419,81,33,60,16,0.6720214795360957,17
3420,15,45,11,22,0.6713893382741009,23
3421,71,24,55,13,0.6670673084821276,11
3422,114,14,38,7,0.6611905347022533,7
3423,68,76,65,38,0.6569278898882531,38
3424,29,37,27,17,0.6550507246049277,20
3425,74,16,90,9,0.65421251535055,7
3426,89,14,20,7,0.6517474521119659,7
3427,49,34,7,16,0.6498930091293172,18
3428,50,19,12,11,0.6495798025400275,8
3429,75,50,88,24,0.6490595256191717,26
3430,108,33,86,15,0.6486162394260825,18
3431,2,10,109,5,0.6444253237530845,5
3432,7,80,39,41,0.6426397895258196,39
3433,12,11,48,6,0.6408934180995783,5
3434,85,15,69,7,0.6408165415497196,8
3435,25,25,41,14,0.6394054706376694,11
3436,6,18,51,10,0.6381605805799537,8
3437,50,22,43,12,0.638144064643618,10
3438,111,17,36,8,0.6365354853619519,9
3439,13,34,20,16,0.6324978295967632,18
3440,4,28,64,13,0.6316212138641669,15
3441,51,43,53,20,0.6305373025227956,23
3442,87,11,22,4,0.6297643541071193,7
3443,36,33,71,17,0.6241330409639588,16
3444,9,17,81,8,0.6212818094890723,9
3445,40,12,38,5,0.617907919478443,7
3446,31,22,58,11,0.616855370373501,11
3447,84,31,109,16,0.6140907141877971,15
3448,51,22,38,10,0.6118027371830083,12
3449,76,29,46,14,0.6078150500139488,15
3450,91,16,70,7,0.6063303701253766,9
3451,27,63,30,30,0.6054226529240675,33
3452,90,40,87,21,0.60164173292712,19
3453,63,15,34,7,0.6010869874219991,8
3454,71,32,106,15,0.6009609652453838,17
3455,71,10,23,4,0.6000287508458293,6
3456,79,22,8,10,0.596047638444006,12
3457,78,27,88,14,0.5921971540070259,13
3458,76,15,47,5,0.588563411772887,10
3459,76,13,36,4,0.5885035889042637,9
3460,30,102,86,48,0.58356431702505,54
3461,13,27,45,13,0.582600698562669,14
3462,15,17,17,9,0.5792844725575113,8
3463,68,40,77,18,0.5791799356765236,22
3464,28,26,98,11,0.5775231479620817,15
3465,70,33,51,17,0.5766573461400448,16
3466,88,60,9,29,0.5756732724314684,31
3467,41,32,75,17,0.57538170131953,15
3468,100,13,6,6,0.5735558500429735,7
3469,69,15,71,8,0.5724150990318982,7
3470,38,17,54,9,0.57154398061848,8
3471,103,28,29,15,0.5692833259981281,13
3472,64,17,81,8,0.5669312262343831,9
3473,71,13,78,6,0.56619632387446,7
3474,46,59,54,30,0.5648265575704047,29
3475,29,46,107,19,0.5632439741481244,27
3476,83,10,2,5,0.5594397265150789,5
3477,16,46,108,22,0.5560595370684542,24
3478,34,19,104,9,0.5522514451212648,10
3479,74,44,54,21,0.5510628960849681,23
3480,92,17,7,7,0.5480230211986085,10
3481,39,53,63,30,0.5419385401942971,23
3482,106,10,1,5,0.5396528610114324,5
3483,95,16,33,8,0.5370243042245884,8
3484,6,22,107,11,0.5355439544398269,11
3485,17,11,88,4,0.5330720941070787,7
3486,100,26,69,13,0.5321674487070288,13
3487,3,77,51,41,0.5288945534179094,36
3488,34,15,90,7,0.5269213195319896,8
3489,4,24,77,12,0.5234491201479384,12
3490,97,10,43,5,0.5231950290778637,5
3491,74,14,27,8,0.5219215520059601,6
3492,19,19,58,9,0.5170046436181134,10
3493,112,10,66,4,0.5146742754382652,6
3494,4,18,9,9,0.5118055197130298,9
3495,15,17,53,8,0.5080096777372769,9
3496,54,41,7,20,0.5072416292031929,21
3497,111,51,68,26,0.5032623987049997,25
3498,88,35,31,18,0.4999807976090581,17
3499,62,12,97,6,0.490051403125013,6
3500,84,80,107,39,0.48662393295564865,41
3501,88,40,20,21,0.4827222531499379,19
3502,7,19,48,10,0.48075396413828586,9
3503,107,72,114,36,0.4790116249707105,36
3504,95,28,74,13,0.4784255086028103,15
3505,25,51,39,26,0.47594650511842773,25
3506,38,17,18,9,0.4756313871056426,8
3507,7,60,18,31,0.4748651156903118,29
3508,63,42,5,18,0.4718441296207792,24
3509,86,58,9,30,0.4708339780440975,28
3510,23,36,51,18,0.4693009266846338,18
3511,65,54,31,26,0.4691388746969232,28
3512,7,10,22,5,0.46832977832412503,5
3513,5,10,78,6,0.46671252280804226,4
3514,106,101,86,50,0.4658315283344795,51
3515,65,11,21,6,0.46273082007848293,5
3516,107,36,46,19,0.458246310756249,17
3517,34,35,11,17,0.4557325444728221,18
3518,106,45,50,21,0.450853387486715,24
3519,57,80,16,41,0.44911617630149314,39
3520,13,33,112,17,0.44654566712440297,16
3521,80,11,9,7,0.4439834453330443,4
3522,12,39,16,19,0.4428683237403392,20
3523,57,43,13,23,0.4413964000060743,20
3524,90,15,11,7,0.4409004522210786,8
3525,11,101,16,46,0.4394963699330814,55
3526,51,57,9,27,0.4352315862268978,30
3527,40,49,63,25,0.43519783962840436,24
3528,40,43,31,22,0.4296271974626762,21
3529,114,23,43,10,0.4272286402576001,13
3530,27,15,61,8,0.4250644477983035,7
3531,112,18,69,10,0.4198013383725023,8
3532,16,31,98,16,0.41976347120600754,15
3533,5,14,38,7,0.41683785462955975,7
3534,109,30,34,15,0.41518711983885753,15
3535,31,33,86,17,0.41076921803924654,16
3536,96,39,55,20,0.40999901205957556,19
3537,50,18,79,9,0.40910464935228613,9
3538,17,11,26,5,0.4065653808604262,6
3539,60,35,18,17,0.40000420272155157,18
3540,87,86,39,43,0.39656505837071276,43
3541,102,14,84,7,0.3912018744364834,7
3542,8,13,44,6,0.3904420875790021,7
3543,15,59,19,28,0.38943582946899025,31
3544,50,19,89,9,0.3889433495588358,10
3545,69,30,36,15,0.38598798110098687,15
3546,79,12,78,6,0.38583207842589995,6
3547,86,42,112,20,0.385667209943051,22
3548,103,26,15,12,0.37964583424350207,14
3549,114,28,71,14,0.3795577437704564,14
3550,37,13,48,6,0.3793970201456422,7
3551,70,22,97,12,0.3783758219642569,10
3552,14,18,84,8,0.3778390349649412,10
3553,62,10,91,4,0.3697573900858181,6
3554,40,21,75,10,0.3686371386700514,11
3555,95,26,28,12,0.36814720179538235,14
3556,69,41,87,22,0.3602673666626091,19
3557,28,14,44,8,0.3571298728778931,6
3558,34,13,75,6,0.35287672494659683,7
3559,64,10,89,5,0.3526283440214305,5
3560,53,59,13,31,0.3521849621376953,28
3561,108,11,69,7,0.3504283321129652,4
3562,78,57,57,28,0.3500760488841161,29
3563,51,20,66,10,0.34707199329291105,10
3564,17,23,100,13,0.3460490369196694,10
3565,63,11,82,5,0.34593533956848593,6
3566,76,28,3,14,0.34502827651344997,14
3567,94,16,33,8,0.34380946136701285,8
3568,111,12,18,6,0.34349474631160665,6
3569,48,15,19,8,0.3426076067275109,7
3570,57,15,95,6,0.3413524322360248,9
3571,27,26,50,11,0.3402294720069224,15
3572,17,12,69,6,0.3399205773020941,6
3573,84,19,91,9,0.338597737579075,10
3574,109,13,4,6,0.33809070228925237,7
3575,5,61,87,30,0.3370261398348081,31
3576,83,20,106,11,0.3316445649094074,9
3577,29,32,78,15,0.330661445705034,17
3578,57,79,86,40,0.33051885175460166,39
3579,39,55,55,26,0.327344669064615,29
3580,8,57,70,28,0.32660941887077904,29
3581,87,26,2,13,0.32619162405938884,13
3582,80,17,71,9,0.3237123360021252,8
3583,57,26,102,13,0.3234085467610229,13
3584,18,46,28,22,0.32313224084926334,24
3585,3,25,71,13,0.3227486223779461,12
3586,83,25,28,14,0.31931308670237557,11
3587,50,46,13,23,0.3183740832997801,23
3588,8,49,20,24,0.31827353747839543,25
3589,114,22,69,10,0.3170624988990175,12
3590,100,64,30,30,0.31463766464538556,34
3591,11,16,114,9,0.31453322621159063,7
3592,16,41,40,20,0.3129456302783174,21
3593,107,44,18,24,0.3125789428020784,20
3594,112,29,63,14,0.3118959489167526,15
3595,60,48,53,25,0.3118269913878406,23
3596,76,41,104,19,0.3116384894393064,22
3597,96,51,87,26,0.31095451157976556,25
3598,15,19,41,10,0.3105460012311623,9
3599,64,12,28,6,0.3078927557568371,6
3600,23,19,111,11,0.30722018824926817,8
3601,85,34,86,16,0.30043079848706666,18
3602,3,41,88,20,0.2988284995837295,21
3603,62,19,43,9,0.2967359012370386,10
3604,90,28,60,13,0.29376548989314444,15
3605,54,26,18,13,0.2929951334431298,13
3606,47,13,91,6,0.2919938008476733,7
3607,39,68,65,36,0.29169985727569947,32
3608,27,17,25,9,0.2912949474117434,8
3609,11,68,107,32,0.2900754334217693,36
3610,87,48,103,24,0.2900379788981677,24
3611,18,40,86,21,0.2859697654701786,19
3612,15,37,49,17,0.284772556340422,20
3613,90,10,98,5,0.2818861887378333,5
3614,67,12,25,6,0.2816428039469052,6
3615,96,12,67,7,0.2799650125910983,5
3616,7,20,70,8,0.27895885562123496,12
3617,53,18,5,8,0.2778213329671466,10
3618,97,14,49,8,0.276775832531503,6
3619,29,12,104,6,0.273728492117864,6
3620,11,56,63,30,0.2669541298026938,26
3621,36,11,38,4,0.2667921507986764,7
3622,22,16,109,8,0.26617483465115477,8
3623,17,15,91,7,0.26423233992702466,8
3624,39,19,4,9,0.2603628586605467,10
3625,4,32,68,16,0.2573095525279982,16
3626,4,16,30,8,0.2549680926160687,8
3627,39,75,11,36,0.2525614439173285,39
3628,40,25,47,14,0.24655985846699083,11
3629,39,11,93,6,0.24650819188031292,5
3630,72,27,107,13,0.2408089842705413,14
3631,114,42,37,22,0.24001106634510702,20
3632,65,10,110,6,0.23968670854518379,4
3633,60,41,11,21,0.23711698906528794,20
3634,58,17,43,9,0.23609859655146728,8
3635,51,16,61,6,0.23498173360609398,10
3636,88,25,93,14,0.2346836303137904,11
3637,88,37,43,19,0.23308156854127976,18
3638,93,13,51,7,0.23291171077771639,6
3639,69,28,11,15,0.2315545134863033,13
3640,65,10,101,5,0.22906131925900258,5
3641,79,31,48,16,0.22311337916674606,15
3642,82,15,28,8,0.2205286984952181,7
3643,37,38,88,19,0.21837047991817124,19
3644,54,115,65,57,0.21811089781774678,58
3645,39,29,103,15,0.21765102366715539,14
3646,17,21,84,10,0.21599839278237065,11
3647,51,35,47,16,0.21336022935702487,19
3648,53,21,44,9,0.21221133134211373,12
3649,49,12,66,6,0.2055602848819499,6
3650,106,20,48,10,0.20449983406695527,10
3651,20,42,51,23,0.1988107846378192,19
3652,112,18,72,9,0.19365171750841212,9
3653,19,53,49,27,0.18880926089063144,26
3654,81,10,89,4,0.18700691582910417,6
3655,60,24,108,12,0.18600364710584247,12
3656,44,15,65,6,0.18351226600641293,9
3657,50,25,114,12,0.18060110833647136,13
3658,15,27,54,15,0.17349282638377653,12
3659,43,23,106,11,0.17255495280345076,12
3660,106,28,100,13,0.1677556244233467,15
3661,23,20,112,11,0.1668608245805679,9
3662,17,29,68,15,0.16206629975870687,14
3663,74,20,108,11,0.16204972626611253,9
3664,7,51,4,26,0.16136746029798288,25
3665,104,27,18,12,0.16096160848893704,15
3666,7,16,83,7,0.15765677447455673,9
3667,86,84,109,42,0.15434062460878212,42
3668,79,14,55,7,0.15414527044248416,7
3669,41,22,94,10,0.14625612851966724,12
3670,15,60,87,31,0.14550742570052294,29
3671,29,22,89,11,0.14330420337783004,11
3672,41,60,16,31,0.1387348814216499,29
3673,86,90,54,46,0.13717891356485212,44
3674,87,87,11,42,0.13377606537288533,45
3675,73,10,25,5,0.13287312364388484,5
3676,100,25,37,13,0.13255630995179785,12
3677,33,16,114,9,0.1306594611288726,7
3678,69,25,7,13,0.12779683769017072,12
3679,109,14,58,8,0.12467030279512466,6
3680,52,17,16,9,0.1158049551506922,8
3681,80,23,84,12,0.11286096846693006,11
3682,68,10,79,4,0.11002938828097016,6
3683,15,50,72,23,0.10638032522790596,27
3684,97,10,94,6,0.10576953599255426,4
3685,106,28,109,13,0.10546217863429572,15
3686,11,10,73,5,0.1054273387277771,5
3687,2,18,84,9,0.10504403066305122,9
3688,41,23,46,12,0.10439214573758943,11
3689,74,39,25,20,0.09563368284675952,19
3690,114,29,36,13,0.0921312858778607,16
3691,60,21,62,10,0.09015235921891117,11
3692,78,17,109,9,0.08773786963571444,8
3693,114,48,104,25,0.08363522002227851,23
3694,84,37,88,17,0.08333477514829642,20
3695,62,10,95,5,0.0814782186148065,5
3696,97,36,74,17,0.07931920932357457,19
3697,74,24,18,13,0.07395269221669398,11
3698,106,21,40,10,0.0680825308022658,11
3699,47,38,87,18,0.061715838614648764,20
3700,75,46,55,21,0.06023477871620806,25
3701,51,44,69,21,0.057947033693482704,23
3702,3,32,9,16,0.05741475815836439,16
3703,48,23,109,11,0.056413754859006945,12
3704,87,47,74,23,0.05355029116061811,24
3705,63,28,60,14,0.05332308346788065,14
3706,55,66,51,33,0.050276849060499694,33
3707,98,21,50,11,0.04841640747209045,10
3708,73,16,106,8,0.047003862193632395,8
3709,83,17,51,10,0.04607341431682118,7
3710,13,80,41,39,0.04561700625054859,41
3711,31,11,97,5,0.04256244744109594,6
3712,9,10,73,5,0.04170228259349536,5
3713,51,69,27,35,0.04111199988019485,34
3714,29,10,62,5,0.04080832287056424,5
3715,76,35,30,19,0.03906954275326707,16
3716,100,44,8,22,0.03778187011993821,22
3717,112,12,12,7,0.037452763165636206,5
3718,86,104,65,55,0.03400696968776168,49
3719,23,18,109,9,0.03305007667392977,9
3720,88,12,110,7,0.03270549440561658,5
3721,51,40,18,18,0.03150467733021017,22
3722,31,11,8,5,0.02937900525924807,6
3723,58,10,108,5,0.027897184192314482,5
3724,104,44,68,21,0.02481449802043266,23
3725,58,18,100,10,0.023617119288312536,8
3726,54,30,64,14,0.022365756253541966,16
3727,13,113,65,55,0.02222718726600467,58
3728,11,48,76,24,0.020340477309469307,24
3729,46,67,88,35,0.014583283352867883,32
3730,80,18,8,10,0.01264063172158774,8
3731,87,72,54,35,0.011342206215045399,37
3732,109,17,83,7,0.009729329647016893,10
3733,13,102,49,47,0.00844847040913171,55
3734,57,25,55,14,0.005686766813275881,11
3735,7,100,107,55,0.0045269968653226115,45
3736,107,100,7,45,-0.004526996865322238,55
3737,55,25,57,11,-0.005686766813278013,14
3738,49,102,13,55,-0.008448470409130744,47
3739,106,47,76,26,-0.009505075346388465,21
3740,83,17,109,10,-0.009729329647015561,7
3741,54,72,87,37,-0.011342206215043326,35
3742,8,18,80,8,-0.012640631721588136,10
3743,88,67,46,32,-0.014583283352867446,35
3744,65,113,13,58,-0.022227187266005175,55
3745,64,30,54,16,-0.02236575625354161,14
3746,100,18,58,8,-0.023617119288314115,10
3747,68,44,104,23,-0.02481449802043266,21
3748,108,10,58,5,-0.027897184192314482,5
3749,8,11,31,6,-0.02937900525924678,5
3750,18,40,51,22,-0.03150467733021017,18
3751,110,12,88,5,-0.032705494405616285,7
3752,109,18,23,9,-0.033050076673930166,9
3753,65,104,86,49,-0.034006969687761644,55
3754,12,12,112,5,-0.037452763165636206,7
3755,8,44,100,22,-0.03778187011993732,22
3756,30,35,76,16,-0.03906954275326525,19
3757,62,10,29,5,-0.04080832287056495,5
3758,27,69,51,34,-0.04111199988019529,35
3759,73,10,9,5,-0.04170228259349358,5
3760,97,11,31,6,-0.04256244744109594,5
3761,41,80,13,41,-0.04561700625054864,39
3762,51,17,83,7,-0.04607341431682181,10
3763,106,16,73,8,-0.04700386219363217,8
3764,50,21,98,10,-0.048416407472091784,11
3765,51,66,55,33,-0.05027684906049733,33
3766,60,28,63,14,-0.053323083467880394,14
3767,74,47,87,24,-0.053550291160618865,23
3768,109,23,48,12,-0.05641375485900662,11
3769,9,32,3,16,-0.05741475815836572,16
3770,69,44,51,23,-0.05794703369348347,21
3771,55,46,75,25,-0.060234778716207416,21
3772,87,38,47,20,-0.06171583861464886,18
3773,40,21,106,11,-0.06808253080226648,10
3774,18,24,74,11,-0.07395269221669472,13
3775,74,36,97,19,-0.07931920932357497,17
3776,95,10,62,5,-0.08147821861480545,5
3777,88,37,84,20,-0.08333477514829642,17
3778,104,48,114,23,-0.08363522002227874,25
3779,109,17,78,8,-0.08773786963571381,9
3780,62,21,60,11,-0.09015235921891082,10
3781,36,29,114,16,-0.09213128587785951,13
3782,25,39,74,19,-0.09563368284675924,20
3783,46,23,41,11,-0.10439214573758882,12
3784,84,18,2,9,-0.10504403066305122,9
3785,73,10,11,5,-0.10542733872777674,5
3786,109,28,106,15,-0.10546217863429604,13
3787,94,10,97,4,-0.10576953599255319,6
3788,72,50,15,27,-0.10638032522790539,23
3789,79,10,68,6,-0.11002938828097086,4
3790,84,23,80,11,-0.11286096846693021,12
3791,16,17,52,8,-0.11580495515069199,9
3792,58,14,109,6,-0.12467030279512466,8
3793,7,25,69,12,-0.12779683769017072,13
3794,114,16,33,7,-0.13065946112887206,9
3795,37,25,100,12,-0.13255630995179643,13
3796,25,10,73,5,-0.13287312364388448,5
3797,11,87,87,45,-0.13377606537288683,42
3798,54,90,86,44,-0.13717891356485257,46
3799,16,60,41,29,-0.1387348814216501,31
3800,89,22,29,11,-0.14330420337783067,11
3801,87,60,15,29,-0.14550742570052314,31
3802,94,22,41,12,-0.1462561285196677,10
3803,55,14,79,7,-0.1541452704424852,7
3804,109,84,86,42,-0.15434062460878234,42
3805,83,16,7,9,-0.15765677447455717,7
3806,18,27,104,15,-0.16096160848893704,12
3807,4,51,7,25,-0.16136746029798252,26
3808,108,20,74,9,-0.16204972626611233,11
3809,68,29,17,14,-0.16206629975870612,15
3810,112,20,23,9,-0.16686082458056523,11
3811,100,28,106,15,-0.1677556244233485,13
3812,106,23,43,12,-0.17255495280344985,11
3813,54,27,15,12,-0.17349282638377722,15
3814,114,25,50,13,-0.18060110833647136,12
3815,30,22,102,12,-0.18220102296884125,10
3816,65,15,44,9,-0.18351226600641318,6
3817,108,24,60,12,-0.1860036471058429,12
3818,89,10,81,6,-0.1870069158291045,4
3819,49,53,19,26,-0.18880926089063046,27
3820,72,18,112,9,-0.1936517175084127,9
3821,51,42,20,19,-0.19881078463781776,23
3822,66,12,49,6,-0.2055602848819499,6
3823,44,21,53,12,-0.2122113313421144,9
3824,47,35,51,19,-0.2133602293570254,16
3825,84,21,17,11,-0.21599839278237148,10
3826,103,29,39,14,-0.21765102366715514,15
3827,65,115,54,58,-0.21811089781774656,57
3828,88,38,37,19,-0.21837047991817116,19
3829,28,15,82,7,-0.2205286984952181,8
3830,48,31,79,15,-0.22311337916674676,16
3831,76,30,102,14,-0.22819923054500169,16
3832,101,10,65,5,-0.22906131925900355,5
3833,11,28,69,13,-0.23155451348630315,15
3834,51,13,93,6,-0.2329117107777153,7
3835,43,37,88,18,-0.23308156854127898,19
3836,93,25,88,11,-0.23468363031378975,14
3837,61,16,51,10,-0.23498173360609353,6
3838,43,17,58,8,-0.23609859655146856,9
3839,11,41,60,20,-0.23711698906528794,21
3840,110,10,65,4,-0.2396867085451845,6
3841,37,42,114,20,-0.24001106634510735,22
3842,107,27,72,14,-0.2408089842705413,13
3843,93,11,39,5,-0.24650819188031328,6
3844,47,25,40,11,-0.2465598584669911,14
3845,11,75,39,39,-0.25256144391732716,36
3846,30,16,4,8,-0.25496809261606845,8
3847,68,32,4,16,-0.25730955252800053,16
3848,4,19,39,10,-0.26036285866054654,9
3849,91,15,17,8,-0.2642323399270249,7
3850,109,16,22,8,-0.2661748346511539,8
3851,38,11,36,7,-0.26679215079867674,4
3852,63,56,11,26,-0.26695412980269406,30
3853,104,12,29,6,-0.27372849211786426,6
3854,49,14,97,6,-0.27677583253150245,8
3855,5,18,53,10,-0.27782133296714684,8
3856,70,20,7,12,-0.2789588556212364,8
3857,67,12,96,5,-0.2799650125910977,7
3858,25,12,67,6,-0.2816428039469052,6
3859,98,10,90,5,-0.2818861887378329,5
3860,49,37,15,20,-0.2847725563404204,17
3861,86,40,18,19,-0.2859697654701762,21
3862,103,48,87,24,-0.2900379788981682,24
3863,25,17,27,8,-0.29129494741174317,9
3864,65,68,39,32,-0.2916998572756994,36
3865,91,13,47,7,-0.2919938008476733,6
3866,18,26,54,13,-0.2929951334431304,13
3867,60,28,90,15,-0.29376548989314333,13
3868,43,19,62,10,-0.2967359012370386,9
3869,88,41,3,21,-0.29882849958373037,20
3870,86,34,85,18,-0.30043079848706633,16
3871,111,19,23,8,-0.3072201882492683,11
3872,28,12,64,6,-0.3078927557568362,6
3873,41,19,15,9,-0.3105460012311613,10
3874,87,51,96,25,-0.3109545115797648,26
3875,104,41,76,22,-0.31163848943930533,19
3876,53,48,60,23,-0.3118269913878415,25
3877,63,29,112,15,-0.3118959489167515,14
3878,18,44,107,20,-0.3125789428020779,24
3879,40,41,16,21,-0.3129456302783173,20
3880,114,16,11,7,-0.3145332262115904,9
3881,30,64,100,34,-0.3146376646453854,30
3882,69,22,114,12,-0.3170624988990179,10
3883,20,49,8,25,-0.31827353747839576,24
3884,13,46,50,23,-0.31837408329978034,23
3885,28,25,83,11,-0.31931308670237585,14
3886,12,27,88,13,-0.32231282630184194,14
3887,71,25,3,12,-0.32274862237794577,13
3888,28,46,18,24,-0.3231322408492643,22
3889,102,26,57,13,-0.3234085467610242,13
3890,71,17,80,8,-0.32371233600212634,9
3891,2,26,87,13,-0.326191624059389,13
3892,70,57,8,29,-0.32660941887077916,28
3893,55,55,39,29,-0.32734466906461546,26
3894,86,79,57,39,-0.3305188517546021,40
3895,78,32,29,17,-0.33066144570503364,15
3896,106,20,83,9,-0.33164456490940797,11
3897,87,61,5,31,-0.3370261398348085,30
3898,4,13,109,7,-0.33809070228925137,6
3899,91,19,84,10,-0.33859773757907446,9
3900,69,12,17,6,-0.3399205773020955,6
3901,50,26,27,15,-0.340229472006922,11
3902,95,15,57,9,-0.341352432236026,6
3903,19,15,48,7,-0.3426076067275114,8
3904,18,12,111,6,-0.3434947463116063,6
3905,33,16,94,8,-0.3438094613670113,8
3906,3,28,76,14,-0.34502827651345125,14
3907,82,11,63,6,-0.3459353395684866,5
3908,100,23,17,10,-0.34604903691966843,13
3909,66,20,51,10,-0.34707199329291,10
3910,57,57,78,29,-0.35007604888411786,28
3911,69,11,108,4,-0.3504283321129657,7
3912,13,59,53,28,-0.3521849621376959,31
3913,89,10,64,5,-0.35262834402143106,5
3914,75,13,34,7,-0.35287672494659683,6
3915,44,14,28,6,-0.35712987287789527,8
3916,87,41,69,19,-0.36026736666260767,22
3917,28,26,95,14,-0.3681472017953835,12
3918,75,21,40,11,-0.36863713867005155,10
3919,91,10,62,6,-0.3697573900858188,4
3920,84,18,14,10,-0.37783903496494214,8
3921,97,22,70,10,-0.37837582196425723,12
3922,48,13,37,7,-0.3793970201456411,6
3923,71,28,114,14,-0.3795577437704577,14
3924,15,26,103,14,-0.3796458342435015,12
3925,112,42,86,22,-0.385667209943052,20
3926,78,12,79,6,-0.3858320784259002,6
3927,36,30,69,15,-0.38598798110098714,15
3928,89,19,50,10,-0.3889433495588358,9
3929,19,59,15,31,-0.38943582946899113,28
3930,30,25,20,12,-0.3894382571190694,13
3931,44,13,8,7,-0.39044208757900134,6
3932,84,14,102,7,-0.39120187443648163,7
3933,107,62,74,30,-0.39404353085897736,32
3934,39,86,87,43,-0.39656505837071,43
3935,18,35,60,18,-0.40000420272155135,17
3936,26,11,17,6,-0.4065653808604267,5
3937,79,18,50,9,-0.40910464935228674,9
3938,55,39,96,19,-0.4099990120595754,20
3939,86,33,31,16,-0.4107692180392456,17
3940,34,30,109,15,-0.41518711983885837,15
3941,38,14,5,7,-0.41683785462955825,7
3942,98,31,16,15,-0.41976347120600693,16
3943,69,18,112,8,-0.4198013383725037,10
3944,61,15,27,7,-0.42506444779830493,8
3945,43,23,114,13,-0.4272286402576001,10
3946,31,43,40,21,-0.4296271974626759,22
3947,63,49,40,24,-0.4351978396284048,25
3948,9,57,51,30,-0.43523158622689834,27
3949,11,15,90,8,-0.4409004522210788,7
3950,13,43,57,20,-0.441396400006073,23
3951,16,39,12,20,-0.4428683237403408,19
3952,9,11,80,4,-0.4439834453330441,7
3953,112,33,13,16,-0.44654566712440186,17
3954,16,80,57,39,-0.44911617630149275,41
3955,50,45,106,24,-0.45085338748671533,21
3956,11,35,34,18,-0.4557325444728228,17
3957,46,36,107,17,-0.4582463107562494,19
3958,21,11,65,5,-0.4627308200784832,6
3959,78,10,5,4,-0.466712522808043,6
3960,22,10,7,5,-0.4683297783241262,5
3961,107,41,90,22,-0.46909962773367747,19
3962,31,54,65,28,-0.46913887469692556,26
3963,51,36,23,18,-0.4693009266846344,18
3964,9,58,86,28,-0.47083397804409705,30
3965,5,42,63,24,-0.4718441296207794,18
3966,18,60,7,29,-0.47486511569031375,31
3967,18,17,38,8,-0.475631387105643,9
3968,39,51,25,25,-0.47594650511842646,26
3969,74,28,95,15,-0.47842550860281247,13
3970,114,72,107,36,-0.4790116249707105,36
3971,48,19,7,9,-0.48075396413828564,10
3972,107,80,84,41,-0.4866239329556469,39
3973,97,12,62,6,-0.490051403125013,6
3974,31,35,88,17,-0.49998079760905945,18
3975,68,51,111,25,-0.5032623987049999,26
3976,7,41,54,21,-0.507241629203192,20
3977,53,17,15,9,-0.5080096777372763,8
3978,9,18,4,9,-0.5118055197130301,9
3979,66,10,112,6,-0.514674275438265,4
3980,58,19,19,10,-0.5170046436181144,9
3981,27,14,74,6,-0.5219215520059618,8
3982,43,10,97,5,-0.5231950290778634,5
3983,77,24,4,12,-0.5234491201479363,12
3984,90,15,34,8,-0.5269213195319893,7
3985,51,77,3,36,-0.5288945534179095,41
3986,69,26,100,13,-0.5321674487070279,13
3987,88,11,17,7,-0.5330720941070791,4
3988,107,22,6,11,-0.5355439544398289,11
3989,33,16,95,8,-0.5370243042245886,8
3990,1,10,106,5,-0.5396528610114331,5
3991,63,53,39,23,-0.5419385401942962,30
3992,7,17,92,10,-0.5480230211986078,7
3993,54,44,74,23,-0.551062896084969,21
3994,104,19,34,10,-0.5522514451212651,9
3995,108,46,16,24,-0.556059537068455,22
3996,2,10,83,5,-0.5594397265150782,5
3997,107,46,29,27,-0.5632439741481251,19
3998,54,59,46,29,-0.5648265575704047,30
3999,78,13,71,7,-0.5661963238744604,6
4000,81,17,64,9,-0.5669312262343831,8
4001,29,28,103,13,-0.5692833259981268,15
4002,54,17,38,8,-0.5715439806184821,9
4003,71,15,69,7,-0.5724150990318982,8
4004,6,13,100,7,-0.5735558500429735,6
4005,75,32,41,15,-0.57538170131953,17
4006,9,60,88,31,-0.575673272431468,29
4007,51,33,70,16,-0.5766573461400448,17
4008,98,26,28,15,-0.5775231479620817,11
4009,77,40,68,22,-0.5791799356765246,18
4010,17,17,15,8,-0.5792844725575107,9
4011,45,27,13,14,-0.5826006985626689,13
4012,86,102,30,54,-0.5835643170250501,48
4013,20,29,74,14,-0.5870486229107592,15
4014,36,13,76,9,-0.5885035889042627,4
4015,47,15,76,10,-0.5885634117728867,5
4016,88,27,78,13,-0.5921971540070258,14
4017,8,22,79,12,-0.5960476384440053,10
4018,23,10,71,6,-0.6000287508458285,4
4019,106,32,71,17,-0.6009609652453864,15
4020,34,15,63,8,-0.6010869874220004,7
4021,87,40,90,19,-0.6016417329271191,21
4022,30,63,27,33,-0.6054226529240674,30
4023,70,16,91,9,-0.6063303701253768,7
4024,46,29,76,15,-0.6078150500139491,14
4025,38,22,51,12,-0.6118027371830086,10
4026,109,31,84,15,-0.6140907141877966,16
4027,58,22,31,11,-0.6168553703734997,11
4028,38,12,40,7,-0.6179079194784425,5
4029,81,17,9,9,-0.6212818094890713,8
4030,71,33,36,16,-0.6241330409639583,17
4031,22,11,87,7,-0.62976435410712,4
4032,53,43,51,23,-0.6305373025227932,20
4033,64,28,4,15,-0.6316212138641667,13
4034,20,34,13,18,-0.6324978295967627,16
4035,36,17,111,9,-0.6365354853619519,8
4036,43,22,50,10,-0.6381440646436153,12
4037,51,18,6,8,-0.6381605805799541,10
4038,41,25,25,11,-0.6394054706376703,14
4039,69,15,85,8,-0.6408165415497192,7
4040,48,11,12,5,-0.6408934180995783,6
4041,39,80,7,39,-0.642639789525817,41
4042,109,10,2,5,-0.6444253237530845,5
4043,86,33,108,18,-0.6486162394260832,15
4044,88,50,75,26,-0.6490595256191716,24
4045,12,19,50,8,-0.6495798025400292,11
4046,7,34,49,18,-0.6498930091293155,16
4047,20,14,89,7,-0.6517474521119657,7
4048,90,16,74,7,-0.6542125153505499,9
4049,27,37,29,20,-0.6550507246049282,17
4050,65,76,68,38,-0.6569278898882535,38
4051,38,14,114,7,-0.6611905347022546,7
4052,55,24,71,11,-0.6670673084821287,13
4053,11,45,15,23,-0.6713893382741012,22
4054,60,33,81,17,-0.6720214795360956,16
4055,37,18,93,10,-0.6735242225279054,8
4056,8,24,29,14,-0.6801150064661755,10
4057,112,21,51,11,-0.6806874161227696,10
4058,25,19,18,9,-0.6816652439852798,10
4059,27,26,108,14,-0.6834807480145323,12
4060,84,29,78,14,-0.6870815538251354,15
4061,86,64,50,31,-0.687960746448578,33
4062,85,19,100,10,-0.6921450091110348,9
4063,9,29,50,15,-0.6932669196756251,14
4064,107,86,54,43,-0.6981437024878975,43
4065,3,16,45,8,-0.6997435754221075,8
4066,58,29,9,15,-0.7005683312894725,14
4067,43,21,12,12,-0.7030438706855594,9
4068,90,16,33,8,-0.7072399112118872,8
4069,27,18,106,11,-0.7074485049679631,7
4070,38,23,64,12,-0.707451399642147,11
4071,43,21,8,12,-0.7074712609529017,9
4072,44,18,87,9,-0.7101293456244435,9
4073,71,18,43,8,-0.7122285277146747,10
4074,106,37,20,19,-0.7122499664868411,18
4075,106,72,8,35,-0.7133251026811389,37
4076,40,18,61,9,-0.7154895706830842,9
4077,107,69,60,36,-0.7164318535922628,33
4078,28,51,37,27,-0.7168710662114356,24
4079,64,22,15,12,-0.7194942356138038,10
4080,88,31,92,16,-0.7260589770500645,15
4081,87,84,51,44,-0.7264367194251834,40
4082,4,10,57,6,-0.7276499847388429,4
4083,96,10,71,5,-0.7278695572627853,5
4084,51,89,68,48,-0.7293513016782857,41
4085,5,41,95,20,-0.7316066534315485,21
4086,106,12,103,7,-0.7328239321562183,5
4087,11,57,28,30,-0.7338631283307411,27
4088,86,77,40,41,-0.7352757671814358,36
4089,68,24,43,13,-0.7378419907186214,11
4090,15,24,25,11,-0.7394428200536325,13
4091,108,12,7,7,-0.7404080910313966,5
4092,16,34,33,15,-0.74325505688712,19
4093,74,13,36,8,-0.743717573303843,5
4094,97,43,107,22,-0.7437976748281456,21
4095,84,24,46,13,-0.7446057703540044,11
4096,44,15,51,6,-0.7467242677105268,9
4097,34,24,3,12,-0.7473309116778468,12
4098,13,15,14,9,-0.7511854242648529,6
4099,37,68,8,34,-0.7513899671656677,34
4100,86,55,95,30,-0.7570140635444291,25
4101,60,47,3,24,-0.761217076778128,23
4102,86,75,68,37,-0.7623339230369992,38
4103,65,27,47,14,-0.7649117411143566,13
4104,60,64,68,31,-0.7655380923161712,33
4105,76,27,41,12,-0.7716655595946426,15
4106,100,14,95,8,-0.7733599760917202,6
4107,69,32,88,17,-0.7753807063240763,15
4108,99,22,87,12,-0.7762165713325068,10
4109,62,11,41,5,-0.7841014738090386,6
4110,65,58,75,29,-0.7869787896039598,29
4111,47,16,109,8,-0.7871811619003327,8
4112,104,18,4,8,-0.7872554057904768,10
4113,15,54,65,27,-0.7874769892970613,27
4114,60,59,30,33,-0.7889417183418551,26
4115,12,35,18,17,-0.7899689791312804,18
4116,33,14,75,8,-0.7900898585820583,6
4117,29,50,16,25,-0.7901683160673688,25
4118,89,16,28,9,-0.790198641351668,7
4119,87,22,33,12,-0.7916968561333828,10
4120,107,36,1,18,-0.7927414185552435,18
4121,88,22,2,11,-0.7956469041111253,11
4122,58,13,27,6,-0.800853305492819,7
4123,27,31,64,16,-0.801138980877431,15
4124,40,26,30,13,-0.804558087178627,13
4125,87,54,63,29,-0.8053876890559841,25
4126,40,14,56,7,-0.8062835825274137,7
4127,88,48,64,26,-0.8099410279440218,22
4128,35,15,13,8,-0.8137615349434785,7
4129,19,11,23,6,-0.8175991137149161,5
4130,45,19,114,10,-0.8205689132017555,9
4131,95,15,84,8,-0.8218033746912397,7
4132,88,27,81,14,-0.8225284845495021,13
4133,106,12,29,6,-0.8264692442725412,6
4134,46,16,2,8,-0.8285194662826783,8
4135,48,18,80,10,-0.8324696586719834,8
4136,34,34,13,17,-0.8338743360773311,17
4137,52,13,100,6,-0.8342784296066272,7
4138,84,23,79,12,-0.8428978656974985,11
4139,29,35,77,19,-0.8478982804535965,16
4140,72,10,41,5,-0.852219940634312,5
4141,22,10,16,5,-0.8565181994909576,5
4142,11,12,58,6,-0.85682156486179,6
4143,20,14,27,7,-0.8592360695737256,7
4144,114,10,10,6,-0.8617397018011352,4
4145,84,17,60,7,-0.8716143564890748,10
4146,1,15,27,9,-0.87213831994522,6
4147,43,22,104,12,-0.8731107554850513,10
4148,48,15,41,8,-0.8735829617761531,7
4149,29,13,12,7,-0.8751444942400025,6
4150,65,36,19,18,-0.8764123836668225,18
4151,104,48,87,23,-0.8767778403282719,25
4152,88,21,83,10,-0.8798897555023121,11
4153,102,21,13,12,-0.8799691401622279,9
4154,69,19,9,10,-0.887921017203931,9
4155,3,27,55,14,-0.8893519272090935,13
4156,47,16,64,9,-0.8911330622653786,7
4157,89,18,39,10,-0.8933119553911177,8
4158,52,16,65,9,-0.8934919273094457,7
4159,28,71,106,37,-0.8945808420172991,34
4160,70,24,39,13,-0.8958543413772138,11
4161,49,36,8,18,-0.8970171238421822,18
4162,28,91,107,48,-0.897076479568304,43
4163,55,17,78,8,-0.9002458878614126,9
4164,50,14,62,8,-0.9017457082495483,6
4165,111,12,60,5,-0.9019980300500823,7
4166,50,14,6,7,-0.9048960894988056,7
4167,75,35,36,16,-0.9076169876586808,19
4168,64,58,87,29,-0.9149244587612586,29
4169,49,68,88,35,-0.9156599093700057,33
4170,114,27,75,14,-0.9181862737012525,13
4171,7,32,95,17,-0.9236786450564201,15
4172,4,24,55,12,-0.9256101911535772,12
4173,16,96,60,49,-0.9314051543525108,47
4174,74,62,107,33,-0.9344905666009985,29
4175,53,23,63,12,-0.9461903574639031,11
4176,89,13,54,8,-0.946970248599993,5
4177,39,92,86,46,-0.9478757025388442,46
4178,19,22,38,13,-0.9486127334466822,9
4179,78,35,11,17,-0.9538061547549292,18
4180,106,38,104,19,-0.960476027397927,19
4181,30,45,8,22,-0.9612400698553707,23
4182,107,60,96,32,-0.9618592892676054,28
4183,8,34,71,17,-0.9628252268322751,17
4184,18,35,77,20,-0.9630191535077128,15
4185,65,91,7,44,-0.9659125099226101,47
4186,62,10,70,5,-0.9747108971050835,5
4187,5,65,107,33,-0.9748363761521173,32
4188,102,15,68,8,-0.9774478191416431,7
4189,39,13,61,6,-0.9776304076631851,7
4190,84,19,93,11,-0.9776365381665065,8
4191,41,81,7,41,-0.9794700083084553,40
4192,33,24,86,13,-0.9811250119651475,11
4193,53,33,86,19,-0.9815337209274265,14
4194,2,38,86,18,-0.9822306710469797,20
4195,92,10,43,6,-0.9836040223889839,4
4196,112,19,54,10,-0.9843355592348288,9
4197,107,32,69,17,-0.9867318989974727,15
4198,13,30,91,14,-0.9872643440118888,16
4199,65,42,37,23,-0.9887363573689177,19
4200,48,13,43,6,-0.9891423928749106,7
4201,8,90,86,43,-0.9977285163555613,47
4202,75,37,87,19,-1.0026365052951276,18
4203,93,11,114,5,-1.0049906589581687,6
4204,84,46,87,25,-1.0064873806180472,21
4205,18,20,91,11,-1.0069076377111847,9
4206,81,25,53,13,-1.0072209792246578,12
4207,85,17,20,9,-1.0120202947249695,8
4208,65,36,77,17,-1.0154517929662812,19
4209,9,13,79,6,-1.0203716742776934,7
4210,90,12,64,6,-1.0226762518657317,6
4211,44,20,63,11,-1.023318477102645,9
4212,88,29,19,14,-1.0300321093866864,15
4213,74,38,104,21,-1.0321539192468763,17
4214,65,54,60,25,-1.0350242100510147,29
4215,60,17,80,8,-1.0365050448794266,9
4216,91,11,49,6,-1.0426488720953466,5
4217,17,23,104,12,-1.0458379273038074,11
4218,45,18,71,8,-1.050024616634447,10
4219,38,36,13,21,-1.0523988581053303,15
4220,38,39,86,21,-1.0547313169805972,18
4221,94,28,100,17,-1.0558147223870022,11
4222,44,14,100,7,-1.0590413147864146,7
4223,18,23,43,10,-1.0606855017502173,13
4224,71,14,58,7,-1.0679524363994422,7
4225,37,20,67,11,-1.0707700527635227,9
4226,97,16,9,7,-1.0715415510849884,9
4227,89,21,88,11,-1.071835135391089,10
4228,103,13,46,7,-1.0718715021600842,6
4229,109,61,28,33,-1.0738097371372815,28
4230,97,19,64,10,-1.0748997556853979,9
4231,74,27,75,15,-1.0761366724331527,12
4232,94,11,93,7,-1.0822019157683698,4
4233,69,14,42,7,-1.0889746986073443,7
4234,86,71,15,38,-1.0893875775437756,33
4235,102,17,19,10,-1.0910566361497027,7
4236,16,101,11,56,-1.0914405508613043,45
4237,41,35,18,17,-1.0983841672845305,18
4238,50,24,34,12,-1.102066453194935,12
4239,106,39,70,19,-1.1024614638047314,20
4240,62,34,27,16,-1.1030350968388556,18
4241,57,37,27,18,-1.1033906612223547,19
4242,2,18,96,9,-1.1039761816908868,9
4243,107,32,4,17,-1.1053879522342505,15
4244,68,36,19,19,-1.1056155430351973,17
4245,55,13,73,7,-1.1082443575059626,6
4246,86,101,106,52,-1.11125626745342,49
4247,62,24,76,12,-1.113386418002415,12
4248,61,14,100,7,-1.113823985180499,7
4249,7,19,29,12,-1.1170674633929336,7
4250,57,25,28,13,-1.1208866402447324,12
4251,19,28,69,15,-1.1227446471060296,13
4252,88,17,79,9,-1.1249704502892561,8
4253,107,93,51,53,-1.1261649710981219,40
4254,31,26,3,12,-1.130409883055891,14
4255,106,26,36,13,-1.1307287364062797,13
4256,64,11,95,5,-1.1310441974354575,6
4257,90,27,88,15,-1.133788964139305,12
4258,52,26,87,13,-1.137456454355295,13
4259,56,14,8,7,-1.138262181129433,7
4260,98,14,39,8,-1.1463977441558344,6
4261,58,19,51,10,-1.1500793287361857,9
4262,7,17,79,9,-1.1501166003666843,8
4263,98,14,99,8,-1.1506101967982691,6
4264,94,12,47,6,-1.1540186483091384,6
4265,41,24,70,11,-1.1545373299567132,13
4266,107,43,108,23,-1.1650594254489706,20
4267,62,34,100,17,-1.1692002604569451,17
4268,75,13,44,6,-1.169380882277211,7
4269,72,23,12,11,-1.1705726855931684,12
4270,55,35,83,17,-1.1749448092476902,18
4271,77,12,33,6,-1.1756675735500741,6
4272,12,19,54,9,-1.178569802099398,10
4273,96,31,76,17,-1.185303928819388,14
4274,110,16,87,9,-1.1878037867151126,7
4275,30,33,78,17,-1.187810451005708,16
4276,74,18,68,11,-1.1930607364890227,7
4277,16,67,25,35,-1.1932865297100739,32
4278,19,12,52,7,-1.193969189324496,5
4279,87,57,72,29,-1.1953475371623439,28
4280,91,14,72,8,-1.1989473238903459,6
4281,5,65,28,33,-1.204023419699817,32
4282,114,48,16,26,-1.2068108331781568,22
4283,48,33,8,17,-1.2090868114966702,16
4284,97,33,25,17,-1.2112097532933537,16
4285,55,70,86,37,-1.213903648014805,33
4286,88,37,71,21,-1.2185084211552721,16
4287,70,46,107,22,-1.2201940929331903,24
4288,16,51,112,26,-1.2207004808764241,25
4289,41,17,55,9,-1.2209745250839978,8
4290,98,18,57,9,-1.2285137928950545,9
4291,9,16,66,9,-1.2335487286820448,7
4292,25,39,28,22,-1.2338977751460154,17
4293,50,42,39,22,-1.237297066410006,20
4294,93,21,107,10,-1.2375139728583175,11
4295,31,25,71,13,-1.2380158081615487,12
4296,3,82,86,41,-1.2386623705423816,41
4297,37,20,91,10,-1.2413018923540673,10
4298,60,69,51,39,-1.2442757806235896,30
4299,74,31,11,16,-1.2464065422784565,15
4300,1,11,30,6,-1.247129174643663,5
4301,9,61,13,33,-1.2504419702657081,28
4302,107,68,11,37,-1.2533959395694405,31
4303,13,42,17,21,-1.2570532505054302,21
4304,49,18,114,8,-1.2604600332250737,10
4305,79,10,93,5,-1.2606355667564606,5
4306,19,17,47,9,-1.260882861026141,8
4307,18,20,81,10,-1.2612198373935393,10
4308,14,15,107,7,-1.2621804963006722,8
4309,107,12,92,7,-1.2625916923530782,5
4310,49,18,57,10,-1.2683352845717475,8
4311,28,29,60,13,-1.2721110011472117,16
4312,94,23,78,12,-1.2724005748443532,11
4313,1,11,71,5,-1.2732152302328026,6
4314,16,55,34,30,-1.2743929199645085,25
4315,35,13,57,8,-1.2766228565175344,5
4316,91,10,34,5,-1.2767116469837234,5
4317,57,53,39,28,-1.2848347183559072,25
4318,99,19,51,9,-1.289208240710447,10
4319,103,28,76,17,-1.2895562261917477,11
4320,43,46,51,23,-1.2927213961905477,23
4321,86,50,23,26,-1.2941840707557482,24
4322,4,39,88,20,-1.2949212207610556,19
4323,8,22,7,12,-1.2952715014492375,10
4324,29,27,11,14,-1.2961292923128658,13
4325,68,47,41,24,-1.2976062488793096,23
4326,13,44,5,23,-1.3023509853743045,21
4327,63,74,107,35,-1.3057879270213841,39
4328,114,28,41,14,-1.3073381080435666,14
4329,51,14,32,7,-1.3093866254236384,7
4330,9,52,68,27,-1.3104638696206719,25
4331,65,32,112,16,-1.312297716343949,16
4332,40,11,94,6,-1.3131730085845275,5
4333,65,32,62,16,-1.314337298660698,16
4334,48,48,16,23,-1.3151995623254868,25
4335,80,18,74,9,-1.3199661328668553,9
4336,39,77,15,42,-1.3269104961123042,35
4337,57,15,91,7,-1.3279179810680901,8
4338,87,49,29,26,-1.3294428797908004,23
4339,57,41,41,22,-1.334606775919469,19
4340,23,10,6,5,-1.3385415186806273,5
4341,104,44,8,23,-1.3410693202324977,21
4342,40,17,108,8,-1.3479697301696891,9
4343,88,37,97,19,-1.3490743629309023,18
4344,54,70,50,36,-1.35588756917451,34
4345,12,62,65,31,-1.3569449640146078,31
4346,40,35,41,17,-1.3586266453597045,18
4347,30,26,25,12,-1.3633847180345748,14
4348,76,47,106,22,-1.3637390504385927,25
4349,76,48,11,25,-1.3649753504739304,23
4350,55,61,87,31,-1.3657748995370729,30
4351,57,24,114,13,-1.3673588648458903,11
4352,62,37,39,20,-1.3681155062123829,17
4353,15,81,16,42,-1.371802261825008,39
4354,20,19,93,11,-1.3777307962484893,8
4355,65,22,94,10,-1.3778845805510185,12
4356,55,11,52,6,-1.3787566985994324,5
4357,41,30,106,15,-1.3806292559177735,15
4358,84,14,62,7,-1.3810102415014252,7
4359,39,15,1,6,-1.3816919606844622,9
4360,29,11,36,5,-1.3837445576600507,6
4361,80,12,95,6,-1.3888115326852122,6
4362,12,29,19,13,-1.392183331800866,16
4363,98,12,74,6,-1.3941368131260956,6
4364,50,14,94,8,-1.3968135010800535,6
4365,95,17,70,8,-1.4011695857654893,9
4366,9,25,46,12,-1.4052752923291463,13
4367,71,20,12,10,-1.4059148964814134,10
4368,63,18,58,8,-1.4081792647741074,10
4369,106,23,30,12,-1.4150001393849163,11
4370,53,11,1,6,-1.4196819324858234,5
4371,35,24,88,12,-1.4205575592973034,12
4372,111,39,65,22,-1.4217415135333136,17
4373,45,35,36,16,-1.423273124508117,19
4374,104,18,89,9,-1.42669341781629,9
4375,60,21,89,10,-1.4364501610048455,11
4376,25,28,50,14,-1.4391705454909005,14
4377,97,21,20,10,-1.439527960881876,11
4378,112,22,19,11,-1.441964796035352,11
4379,69,33,65,17,-1.4425642416495132,16
4380,27,14,99,8,-1.4451774655149787,6
4381,38,21,12,11,-1.4460676852206606,10
4382,81,20,27,10,-1.4466821985929976,10
4383,39,44,75,21,-1.4473715172929773,23
4384,63,55,106,28,-1.448556681809941,27
4385,80,33,65,17,-1.4513664238423445,16
4386,90,14,91,7,-1.4536395590442823,7
4387,86,131,107,68,-1.454309939136791,63
4388,83,23,25,13,-1.459720188055503,10
4389,52,18,12,10,-1.4597821535609574,8
4390,47,21,31,11,-1.460613098071267,10
4391,49,10,6,6,-1.4632163711361088,4
4392,50,47,2,25,-1.465539919913427,22
4393,69,13,6,6,-1.467256279566122,7
4394,7,24,35,12,-1.4676220715119488,12
4395,11,50,106,29,-1.475178627799442,21
4396,79,17,103,9,-1.476299618195366,8
4397,84,10,68,6,-1.4788993773509216,4
4398,17,38,37,22,-1.4799245104721017,16
4399,77,18,64,11,-1.4804278853158346,7
4400,77,44,86,23,-1.4836620718907318,21
4401,71,74,60,39,-1.4843115108657063,35
4402,50,23,3,12,-1.4863990456698133,11
4403,94,16,88,7,-1.488282221240779,9
4404,72,30,103,17,-1.4909635956899343,13
4405,74,23,2,13,-1.4920197761473217,10
4406,11,16,112,8,-1.4950492246382474,8
4407,25,47,107,24,-1.4967278623744342,23
4408,5,52,46,28,-1.4974094901037531,24
4409,23,20,30,11,-1.501027355362208,9
4410,3,24,23,13,-1.50147747590911,11
4411,63,53,68,28,-1.50575560658607,25
4412,11,53,27,28,-1.5067682983651527,25
4413,11,66,8,34,-1.5090926243536655,32
4414,55,12,46,7,-1.5148590180899666,5
4415,37,14,35,7,-1.5231317423105963,7
4416,84,20,114,11,-1.5282826629009745,9
4417,79,13,98,7,-1.5335435073226167,6
4418,107,35,94,21,-1.5336456044178708,14
4419,88,84,87,43,-1.53784031820517,41
4420,86,10,22,5,-1.5381482899799122,5
4421,81,19,68,10,-1.5385400494517059,9
4422,90,41,107,20,-1.5399031537911647,21
4423,7,80,60,42,-1.540050899943462,38
4424,9,32,60,18,-1.5417639078296765,14
4425,19,50,54,28,-1.5490660788865325,22
4426,11,20,80,10,-1.5532652275466878,10
4427,41,56,39,27,-1.561621988066104,29
4428,50,43,63,23,-1.567969232228255,20
4429,13,61,4,33,-1.5687606312733104,28
4430,88,34,96,17,-1.5755489762598094,17
4431,16,59,74,30,-1.5763144198537735,29
4432,77,33,72,17,-1.5763924134555245,16
4433,95,20,76,10,-1.5773440780858252,10
4434,90,22,55,10,-1.5786569524988743,12
4435,20,87,86,46,-1.5804412903724692,41
4436,64,15,72,7,-1.5810129100505828,8
4437,97,34,2,18,-1.581483466739766,16
4438,25,15,2,7,-1.5845186001024003,8
4439,23,18,104,8,-1.586371905318577,10
4440,7,42,114,23,-1.5876978285125973,19
4441,63,114,65,60,-1.5897439715876238,54
4442,98,24,51,13,-1.5914965104039467,11
4443,106,53,65,28,-1.5924392992470848,25
4444,75,11,14,6,-1.594721022285634,5
4445,38,12,91,6,-1.5959128745414664,6
4446,37,56,51,32,-1.5992269438266566,24
4447,69,29,30,15,-1.6139022710932387,14
4448,80,14,17,8,-1.614004150921247,6
4449,20,18,69,10,-1.6170767555813117,8
4450,60,58,87,28,-1.6223072521777597,30
4451,88,46,106,26,-1.6248459493396543,20
4452,30,22,7,10,-1.627064761951183,12
4453,84,12,64,5,-1.627208224984681,7
4454,72,29,30,16,-1.6335743047087894,13
4455,68,18,6,8,-1.6346986227731621,10
4456,49,84,16,45,-1.6442957367095095,39
4457,51,51,30,27,-1.6471939861200484,24
4458,19,76,16,43,-1.650864408233461,33
4459,68,23,36,12,-1.6511686348202723,11
4460,54,44,30,23,-1.654838351412261,21
4461,1,30,41,17,-1.6558361653082898,13
4462,20,32,114,17,-1.657621146486575,15
4463,107,53,15,31,-1.6591205084334792,22
4464,47,24,63,14,-1.6623324282821748,10
4465,74,47,37,24,-1.6628163329711194,23
4466,34,13,114,6,-1.6642874528280043,7
4467,16,21,85,12,-1.666093825504177,9
4468,112,17,17,9,-1.6709980493790215,8
4469,31,28,45,15,-1.671087040669103,13
4470,94,23,11,13,-1.6715561424028802,10
4471,28,39,46,22,-1.6724095749961831,17
4472,19,66,100,36,-1.6726058717122687,30
4473,97,16,39,9,-1.6730198449243063,7
4474,104,14,48,8,-1.6735118830252353,6
4475,7,45,63,27,-1.6735738766299257,18
4476,90,41,16,21,-1.6799312140304263,20
4477,106,40,55,22,-1.6835382667235006,18
4478,88,58,55,33,-1.6855630045879748,25
4479,28,20,73,10,-1.687006788072292,10
4480,65,104,87,55,-1.6895189939198356,49
4481,9,29,49,14,-1.689656239541994,15
4482,108,16,100,9,-1.690736908537783,7
4483,95,17,63,9,-1.6923751834394962,8
4484,23,15,36,6,-1.697287527418564,9
4485,33,15,49,9,-1.6985707880959628,6
4486,102,16,20,8,-1.698939123981487,8
4487,19,70,30,38,-1.7014620611881697,32
4488,2,10,77,5,-1.7047420693819315,5
4489,28,62,88,33,-1.710290859725632,29
4490,54,51,5,28,-1.712751834502299,23
4491,83,24,104,14,-1.7171480590838877,10
4492,43,17,74,8,-1.7202204297362316,9
4493,77,25,88,14,-1.7210000447837082,11
4494,72,21,47,13,-1.7225949179979394,8
4495,55,98,8,49,-1.722879598629846,49
4496,27,32,63,18,-1.725717457601816,14
4497,28,10,77,5,-1.7274479044716256,5
4498,1,24,60,13,-1.730552170717303,11
4499,68,13,32,8,-1.7311662598089272,5
4500,96,38,106,21,-1.7318320126651956,17
4501,44,27,16,15,-1.7334648777380282,12
4502,9,16,111,9,-1.7347101097492725,7
4503,8,26,72,12,-1.735752550417275,14
4504,112,23,9,13,-1.7370284161007248,10
4505,102,28,11,14,-1.7387973463291375,14
4506,88,37,36,21,-1.7392851936744365,16
4507,6,11,18,6,-1.741458460094483,5
4508,36,33,60,17,-1.7416473627060736,16
4509,27,30,76,17,-1.7427067110546453,13
4510,27,50,41,28,-1.7436572730759008,22
4511,64,26,50,13,-1.7443555357645713,13
4512,39,38,76,22,-1.7471597636311933,16
4513,107,23,79,13,-1.7474071801332414,10
4514,88,17,85,9,-1.7507571303795124,8
4515,18,37,88,19,-1.753919363939246,18
4516,11,48,50,25,-1.75518427992584,23
4517,8,78,54,44,-1.7565177133908372,34
4518,5,98,37,51,-1.758075221984611,47
4519,12,35,49,15,-1.7607112611745601,20
4520,65,51,53,26,-1.762840300330691,25
4521,19,37,76,20,-1.7676994498943297,17
4522,23,18,29,9,-1.7689038846082912,9
4523,107,95,65,50,-1.773358971643156,45
4524,87,47,62,25,-1.7735628992287054,22
4525,109,52,13,27,-1.78131509619218,25
4526,43,64,16,35,-1.7815967192388475,29
4527,90,25,37,13,-1.7816453937181718,12
4528,46,27,97,14,-1.7888516310767928,13
4529,48,19,20,11,-1.788885742697511,8
4530,39,35,114,17,-1.7909993968165168,18
4531,85,33,107,17,-1.792725598129701,16
4532,45,13,88,6,-1.7936864388197342,7
4533,72,21,66,12,-1.7965213010940484,9
4534,102,19,62,10,-1.8008214371485478,9
4535,9,18,29,9,-1.8021042570677102,9
4536,31,34,51,20,-1.8036645224364254,14
4537,86,57,70,31,-1.8046372203949796,26
4538,25,22,36,11,-1.807144013826857,11
4539,111,18,40,9,-1.8104998545748772,9
4540,54,54,39,28,-1.8106817249544767,26
4541,29,18,55,9,-1.8130539080836594,9
4542,3,33,62,18,-1.8165386741966327,15
4543,47,51,39,28,-1.8181044973460991,23
4544,37,25,76,15,-1.8207875520541705,10
4545,99,13,102,7,-1.8212893413036917,6
4546,103,27,65,16,-1.8249477039118187,11
4547,75,44,13,24,-1.82625422828726,20
4548,114,13,44,7,-1.8263733365516681,6
4549,62,21,54,11,-1.8272040449464857,10
4550,13,29,74,15,-1.8278354237299026,14
4551,51,42,12,22,-1.8319645901812933,20
4552,20,22,95,11,-1.8350043196326247,11
4553,38,18,17,10,-1.8350446788804244,8
4554,96,38,84,19,-1.8356486827006808,19
4555,85,18,12,9,-1.8411131730635322,9
4556,104,48,39,26,-1.8421078455380064,22
4557,73,13,50,8,-1.8439270323254189,5
4558,97,22,53,12,-1.8492466822191038,10
4559,47,41,16,22,-1.8526756622896519,19
4560,66,15,106,9,-1.8543998994283264,6
4561,97,21,93,11,-1.8583722279909514,10
4562,51,65,40,34,-1.8594614797446145,31
4563,40,11,72,6,-1.8619895873138226,5
4564,33,13,60,8,-1.8644268792007352,5
4565,103,17,77,9,-1.8670671499928777,8
4566,47,13,53,7,-1.867452050486345,6
4567,51,62,8,32,-1.8690209653489385,30
4568,92,15,104,7,-1.8690561053420156,8
4569,81,16,30,8,-1.8705842587540342,8
4570,45,11,104,6,-1.8714271060498433,5
4571,27,62,39,34,-1.874256839529348,28
4572,19,17,98,10,-1.8757617027076587,7
4573,8,41,2,21,-1.884865447616968,20
4574,30,16,96,9,-1.885074878690478,7
4575,64,23,25,12,-1.885723885284777,11
4576,86,44,71,22,-1.8883807510456327,22
4577,98,12,85,7,-1.8929637615829242,5
4578,99,27,55,15,-1.895072402151854,12
4579,78,67,16,36,-1.9016622370053946,31
4580,111,12,30,7,-1.9021634173356625,5
4581,9,12,93,7,-1.9054646427528426,5
4582,63,37,78,19,-1.905896647305327,18
4583,109,20,37,11,-1.9083987500708364,9
4584,1,38,68,20,-1.9099752765436626,18
4585,109,28,49,15,-1.9114504365816296,13
4586,34,39,17,19,-1.9118019995598055,20
4587,74,65,8,36,-1.912865606563874,29
4588,3,42,15,22,-1.912894763454449,20
4589,17,11,110,6,-1.9155371371930692,5
4590,106,32,97,16,-1.9159665785715099,16
4591,76,11,99,5,-1.9173589523208294,6
4592,11,23,62,12,-1.921949906489988,11
4593,102,30,76,17,-1.9232165665181344,13
4594,18,21,114,11,-1.9235772497574435,10
4595,51,23,102,12,-1.9242622041835242,11
4596,40,19,70,11,-1.9276789997691235,8
4597,84,30,65,16,-1.9288646732683914,14
4598,97,14,23,7,-1.933052873443659,7
4599,100,30,64,17,-1.934055917453288,13
4600,12,45,39,24,-1.9360777741434783,21
4601,98,10,32,5,-1.938005226383161,5
4602,29,24,38,12,-1.9382895755585885,12
4603,7,49,71,24,-1.9387153694352721,25
4604,104,13,110,8,-1.938847445081051,5
4605,31,14,23,8,-1.9392936999416412,6
4606,112,38,107,19,-1.9399789809753514,19
4607,13,110,68,58,-1.9402174638377523,52
4608,55,20,25,11,-1.9429576796619983,9
4609,77,83,60,44,-1.9458508982604696,39
4610,61,22,13,13,-1.9474617025071013,9
4611,64,34,36,17,-1.9485056781764574,17
4612,38,13,20,8,-1.955773251876416,5
4613,35,11,50,6,-1.9581460146246799,5
4614,29,18,50,9,-1.9592313389646654,9
4615,78,21,41,12,-1.9597162558523098,9
4616,97,11,80,6,-1.9631828964682283,5
4617,112,24,41,13,-1.9642201479007202,11
4618,91,33,28,18,-1.9649527402335243,15
4619,95,11,102,6,-1.9663297200367658,5
4620,94,53,43,28,-1.967775882391458,25
4621,34,25,39,13,-1.9686602327127705,12
4622,35,10,54,6,-1.970607603878344,4
4623,84,31,55,16,-1.972558144291078,15
4624,46,68,11,37,-1.9748609346215957,31
4625,70,32,88,17,-1.97629343595963,15
4626,108,12,20,6,-1.9767306426900584,6
4627,18,12,72,8,-1.9799025110918047,4
4628,108,19,76,10,-1.980436398470409,9
4629,38,30,68,17,-1.98112771845421,13
4630,79,12,100,7,-1.9822381822120907,5
4631,4,19,53,10,-1.9876947928926731,9
4632,93,16,3,7,-1.988799219040227,9
4633,81,12,48,7,-1.988832939584028,5
4634,74,26,114,13,-1.9975972531686852,13
4635,90,14,43,8,-2.0053393579332366,6
4636,107,38,17,20,-2.0075991640867454,18
4637,97,22,83,10,-2.0076368732075736,12
4638,103,13,112,7,-2.012520719272728,6
4639,70,29,68,15,-2.0151181581046322,14
4640,54,37,80,18,-2.018157304123278,19
4641,60,11,93,7,-2.0186296316322276,4
4642,10,10,111,6,-2.019460672769103,4
4643,19,29,34,16,-2.019518021131089,13
4644,65,40,49,21,-2.0199053677840455,19
4645,17,44,65,26,-2.0208714349805383,18
4646,17,27,114,16,-2.0211590753648663,11
4647,70,54,16,30,-2.021288067113987,24
4648,107,65,68,33,-2.022587279841783,32
4649,50,34,17,17,-2.022768941605581,17
4650,51,52,28,26,-2.0250173037261257,26
4651,13,11,32,6,-2.0261815070275415,5
4652,94,36,19,18,-2.0287789057822345,18
4653,114,14,91,7,-2.031242634143404,7
4654,13,84,39,45,-2.036351412745005,39
4655,93,18,11,8,-2.03919027808283,10
4656,7,14,12,7,-2.0405365521973633,7
4657,68,14,45,8,-2.0416275962437833,6
4658,86,88,13,49,-2.04443118793817,39
4659,81,12,38,6,-2.045838886192928,6
4660,68,79,16,44,-2.0462981602365193,35
4661,102,28,109,15,-2.052816303469013,13
4662,27,78,68,42,-2.0623498587984432,36
4663,20,19,57,10,-2.0635570646445043,9
4664,38,44,16,27,-2.066041590537684,17
4665,34,30,84,16,-2.067010635537675,14
4666,60,32,19,16,-2.0695709845373633,16
4667,23,20,27,10,-2.072262837137015,10
4668,20,16,104,8,-2.072480775827561,8
4669,55,16,89,8,-2.0735236646324586,8
4670,54,68,20,33,-2.0740616245882655,35
4671,83,19,60,10,-2.080593849514112,9
4672,68,43,64,25,-2.086424402801581,18
4673,94,12,15,7,-2.089165890411621,5
4674,11,18,40,9,-2.0894421004610075,9
4675,8,22,97,11,-2.094799206270942,11
4676,57,17,64,10,-2.0964467583954454,7
4677,11,22,33,10,-2.0987581423348063,12
4678,94,28,68,15,-2.106511062546954,13
4679,50,20,15,11,-2.107479493612277,9
4680,84,20,43,10,-2.109533709992988,10
4681,25,11,69,6,-2.1120597510852503,5
4682,107,56,50,29,-2.1132862646405504,27
4683,76,21,20,10,-2.1167459313721046,11
4684,12,50,86,27,-2.116891085906567,23
4685,70,11,53,6,-2.117480208536361,5
4686,70,34,104,18,-2.118226250740967,16
4687,9,62,7,31,-2.12190310948229,31
4688,19,55,43,29,-2.1233289176751424,26
4689,114,32,102,18,-2.1240842876015145,14
4690,95,10,108,6,-2.124107159080121,4
4691,88,85,8,45,-2.124921447292129,40
4692,29,29,76,15,-2.1257126582700185,14
4693,88,61,41,34,-2.127673535455668,27
4694,81,27,107,14,-2.128958878371003,13
4695,13,139,16,76,-2.1299224675207293,63
4696,43,10,98,6,-2.130277896443765,4
4697,61,12,2,7,-2.1331085158076037,5
4698,89,22,107,11,-2.1353078245406376,11
4699,102,26,8,13,-2.1358165667375646,13
4700,31,13,66,7,-2.1367157981218847,6
4701,57,44,11,21,-2.1390410890053517,23
4702,39,39,71,21,-2.1402119009407663,18
4703,69,11,55,6,-2.141856565606561,5
4704,107,32,91,18,-2.1465856809092414,14
4705,8,21,10,12,-2.1473150021467613,9
4706,3,51,107,25,-2.147918230429534,26
4707,19,48,39,28,-2.1517420977893726,20
4708,79,17,3,10,-2.1554920996277978,7
4709,45,20,40,11,-2.1604079227235773,9
4710,29,10,5,6,-2.165232041865749,4
4711,77,17,58,10,-2.1701174531712333,7
4712,60,46,43,24,-2.1827960431073006,22
4713,77,24,55,13,-2.185700732900179,11
4714,69,10,64,6,-2.1864749506825816,4
4715,72,19,7,10,-2.1917063339887886,9
4716,39,38,17,21,-2.193005161454297,17
4717,106,35,68,19,-2.1936858069827916,16
4718,75,32,60,17,-2.194819750320694,15
4719,40,75,7,42,-2.1957521283064794,33
4720,56,12,91,6,-2.1992686471747738,6
4721,43,40,27,21,-2.2108077073212726,19
4722,96,50,5,28,-2.21142719225076,22
4723,100,17,89,9,-2.2162543575175837,8
4724,84,23,75,12,-2.2186834285684554,11
4725,20,18,78,9,-2.2240641682142086,9
4726,25,16,90,9,-2.2261576936837106,7
4727,65,18,46,11,-2.2329984780581085,7
4728,13,29,33,15,-2.233803602683228,14
4729,114,26,4,13,-2.2345648368573663,13
4730,65,13,108,6,-2.240109849463783,7
4731,27,10,70,5,-2.2432632584575636,5
4732,113,16,86,9,-2.251799072045514,7
4733,83,11,63,7,-2.2518527555220995,4
4734,103,34,51,19,-2.252356142690839,15
4735,74,29,20,16,-2.2532656544174667,13
4736,25,30,95,16,-2.253973143655665,14
4737,41,13,74,6,-2.2545650248033335,7
4738,68,43,15,25,-2.2555683958776407,18
4739,17,16,98,8,-2.257246092539532,8
4740,60,38,78,20,-2.2632585381286248,18
4741,7,12,85,7,-2.267272935114745,5
4742,96,66,28,35,-2.2674069446039304,31
4743,31,10,61,5,-2.2696136748473643,5
4744,74,14,40,8,-2.2751378053719047,6
4745,92,14,65,7,-2.2769844774151675,7
4746,88,71,60,39,-2.279225346453227,32
4747,69,12,77,6,-2.279799370845894,6
4748,62,23,15,12,-2.279829248527022,11
4749,15,30,104,16,-2.28404503079547,14
4750,87,99,30,54,-2.284959916650109,45
4751,16,16,73,8,-2.2869477637304083,8
4752,28,76,8,41,-2.287592590077328,35
4753,4,13,106,6,-2.2878834680443574,7
4754,58,25,60,13,-2.290126678428357,12
4755,5,24,100,13,-2.293242743404464,11
4756,7,20,80,11,-2.2986689861273364,9
4757,95,26,60,14,-2.300035058084819,12
4758,112,27,87,14,-2.3028409213342935,13
4759,98,11,38,6,-2.303289795541878,5
4760,109,56,87,32,-2.3038792870590727,24
4761,70,13,35,6,-2.304704787607643,7
4762,69,13,76,8,-2.308555624427584,5
4763,70,28,63,15,-2.309911464577443,13
4764,63,31,71,17,-2.3112629873314674,14
4765,96,58,8,31,-2.313991189820115,27
4766,91,32,88,17,-2.315767764685104,15
4767,87,18,111,10,-2.3163891448333644,8
4768,61,23,3,15,-2.318754532374438,8
4769,102,21,104,10,-2.3206272974702777,11
4770,34,25,65,14,-2.3212579900106842,11
4771,63,38,9,20,-2.323698046597421,18
4772,50,35,84,18,-2.3257021134383264,17
4773,107,53,34,30,-2.3280747508331903,23
4774,5,51,109,26,-2.3285813949081633,25
4775,53,28,25,14,-2.330151085469087,14
4776,45,10,78,5,-2.343791897433706,5
4777,48,23,60,12,-2.3452069486573284,11
4778,68,70,88,38,-2.348799110697708,32
4779,96,10,79,5,-2.3519921114573528,5
4780,33,12,57,7,-2.353237282271007,5
4781,31,36,4,21,-2.353535596679466,15
4782,66,13,3,7,-2.354012830782652,6
4783,33,12,99,7,-2.354570382478151,5
4784,109,17,40,10,-2.3545763145612293,7
4785,17,27,8,14,-2.3545788982602027,13
4786,109,14,96,8,-2.3566759619593642,6
4787,95,19,77,10,-2.357264717654792,9
4788,97,14,100,8,-2.358325970901079,6
4789,76,34,70,18,-2.358420872168422,16
4790,39,17,102,9,-2.361339353589837,8
4791,5,23,99,12,-2.361621902264283,11
4792,63,36,100,18,-2.3654131253541664,18
4793,16,82,104,45,-2.366042589831218,37
4794,50,24,40,14,-2.3671440474550494,10
4795,63,32,25,16,-2.3688265373602633,16
4796,27,30,47,16,-2.3693232707121186,14
4797,84,19,90,10,-2.374748457023267,9
4798,107,40,71,23,-2.3760609676092463,17
4799,51,92,88,45,-2.379271211176053,47
4800,84,90,86,45,-2.3816790899230793,45
4801,56,13,75,8,-2.3840139649043497,5
4802,104,25,96,14,-2.3866419839158373,11
4803,71,21,4,13,-2.387175011736595,8
4804,76,36,8,20,-2.3997351089247143,16
4805,33,14,74,7,-2.401214003272286,7
4806,80,26,20,14,-2.403335157163852,12
4807,107,52,78,29,-2.404615622190727,23
4808,104,57,88,32,-2.406185933878752,25
4809,72,66,16,37,-2.4066567180941103,29
4810,23,22,54,12,-2.4071199385443034,10
4811,50,40,8,23,-2.412256910417208,17
4812,7,32,15,15,-2.41306663658859,17
4813,87,162,86,83,-2.4142880279679524,79
4814,94,19,28,11,-2.4149604753175535,8
4815,99,11,109,6,-2.419517402501051,5
4816,96,17,3,9,-2.4320783711975644,8
4817,51,19,14,12,-2.433844123091522,7
4818,3,53,68,27,-2.4376682306044293,26
4819,7,56,23,30,-2.44119174027295,26
4820,50,10,32,4,-2.4440541907162885,6
4821,61,15,63,9,-2.445410080263457,6
4822,65,17,61,8,-2.4487309858444055,9
4823,50,23,41,13,-2.450545854937191,10
4824,50,16,58,8,-2.4508398898046004,8
4825,84,10,40,5,-2.454221067396937,5
4826,86,17,110,9,-2.4597124602837575,8
4827,25,32,102,17,-2.460889696925049,15
4828,1,17,17,9,-2.462761073509874,8
4829,69,17,74,8,-2.466497282082459,9
4830,28,58,87,30,-2.4778229626436263,28
4831,79,25,28,13,-2.4854050300354316,12
4832,9,27,71,15,-2.485839871550414,12
4833,107,99,8,51,-2.493134058843752,48
4834,67,13,84,6,-2.500709874534178,7
4835,60,82,13,46,-2.502715209916622,36
4836,86,63,114,33,-2.5031933128077966,30
4837,92,15,87,8,-2.5078466479835875,7
4838,36,15,12,8,-2.516319942513754,7
4839,29,18,97,10,-2.5164381029242997,8
4840,46,27,68,15,-2.520930145642669,12
4841,78,14,64,8,-2.5236461521323386,6
4842,9,33,36,18,-2.527924078037464,15
4843,87,41,77,22,-2.528143646306266,19
4844,30,19,99,11,-2.530388293684777,8
4845,107,15,44,8,-2.5305445670994096,7
4846,62,10,61,5,-2.530755074166221,5
4847,17,29,7,16,-2.532089441361392,13
4848,88,60,40,33,-2.532837544735202,27
4849,89,14,8,8,-2.5350410826092786,6
4850,62,14,89,7,-2.537533142040629,7
4851,9,22,70,13,-2.539064949919759,9
4852,65,35,97,19,-2.5397394280205594,16
4853,41,22,54,12,-2.5401886138093204,10
4854,15,62,57,33,-2.5402251225297956,29
4855,20,40,88,20,-2.541950104212901,20
4856,36,74,7,40,-2.5493587507973596,34
4857,47,14,71,7,-2.550463226281338,7
4858,107,77,27,43,-2.5511814194957285,34
4859,39,62,100,33,-2.553402043602977,29
4860,1,19,73,11,-2.5534291003907312,8
4861,38,18,78,10,-2.5568774873963793,8
4862,51,21,48,10,-2.5619467431523475,11
4863,68,109,7,59,-2.5626001746544604,50
4864,90,48,86,27,-2.5660355304043208,21
4865,100,38,72,20,-2.56646471928765,18
4866,72,19,38,9,-2.5698269051223046,10
4867,25,14,48,7,-2.5710538086168517,7
4868,76,14,38,6,-2.573988420286464,8
4869,51,29,1,15,-2.5741193049184647,14
4870,35,24,16,14,-2.575434774594282,10
4871,108,14,81,7,-2.575857374314636,7
4872,112,22,50,13,-2.578275791966451,9
4873,88,15,33,9,-2.581178022844097,6
4874,78,13,9,7,-2.5833894361644294,6
4875,13,75,100,40,-2.588944502247991,35
4876,65,71,28,40,-2.5907378992374013,31
4877,37,27,102,15,-2.5931875377695413,12
4878,37,48,20,25,-2.593682765159078,23
4879,77,12,62,7,-2.5961939184273137,5
4880,51,47,57,25,-2.599162353840763,22
4881,91,23,36,13,-2.6004832054576417,10
4882,13,69,104,38,-2.6048151504197863,31
4883,51,37,50,19,-2.6061429766239623,18
4884,1,29,40,16,-2.6081027273161874,13
4885,45,18,63,10,-2.6118302368324993,8
4886,62,66,16,38,-2.61339978360171,28
4887,50,62,87,32,-2.6177747331228067,30
4888,28,42,39,22,-2.6233394077803625,20
4889,76,37,65,22,-2.6270092005408774,15
4890,88,25,76,13,-2.6331924139366385,12
4891,107,34,95,18,-2.633836762476073,16
4892,98,21,54,11,-2.633881490859558,10
4893,39,34,95,18,-2.633907594970312,16
4894,22,12,51,7,-2.634920658551637,5
4895,54,13,110,7,-2.6358849029934506,6
4896,41,22,103,11,-2.648725308855804,11
4897,36,13,57,8,-2.65311609010537,5
4898,11,52,55,30,-2.65424554714003,22
4899,73,14,20,8,-2.6543798385197737,6
4900,27,24,40,11,-2.6563176029466633,13
4901,27,69,13,37,-2.660377620233211,32
4902,69,31,58,16,-2.6642219625913843,15
4903,49,12,96,6,-2.667183302246176,6
4904,33,17,104,10,-2.6680602101105784,7
4905,5,17,71,9,-2.668348512437487,8
4906,104,67,37,37,-2.6697156594454787,30
4907,7,118,13,63,-2.670897317194471,55
4908,44,17,25,9,-2.67353547628176,8
4909,39,59,8,30,-2.6741758585455173,29
4910,87,36,46,21,-2.674578900035653,15
4911,5,25,39,13,-2.679132217269281,12
4912,23,28,12,15,-2.681426753340843,13
4913,107,21,93,12,-2.6848247910711347,9
4914,103,13,63,8,-2.685558245604488,5
4915,5,61,74,32,-2.685625674476679,29
4916,31,23,87,12,-2.691508727503307,11
4917,65,11,10,6,-2.6916160360342993,5
4918,41,27,20,13,-2.6942971523502353,14
4919,37,20,43,10,-2.694551750219246,10
4920,16,45,89,24,-2.6972109135363884,21
4921,106,63,87,33,-2.697752551932461,30
4922,7,27,20,14,-2.7023319306021247,13
4923,54,38,84,21,-2.7056546007409144,17
4924,77,23,23,12,-2.706150066022622,11
4925,29,26,94,14,-2.7112074149721894,12
4926,88,66,114,35,-2.711653784187523,31
4927,54,49,11,26,-2.71281005472348,23
4928,4,20,63,11,-2.717031964261838,9
4929,88,16,34,9,-2.717519501254015,7
4930,78,35,72,17,-2.7236289151272826,18
4931,84,30,37,16,-2.724027270977717,14
4932,88,16,44,8,-2.725541522204711,8
4933,5,11,49,6,-2.7256599500520573,5
4934,88,27,12,15,-2.7283951011988448,12
4935,57,24,68,12,-2.731461721250245,12
4936,30,18,35,10,-2.73352153004485,8
4937,86,29,35,17,-2.735934113725711,12
4938,63,12,99,6,-2.7377253409939395,6
4939,102,35,54,19,-2.738133577396995,16
4940,90,11,103,6,-2.7389488215456437,5
4941,75,10,89,5,-2.7450238265363023,5
4942,64,45,53,25,-2.745377769816893,20
4943,51,26,71,14,-2.7484840529184043,12
4944,53,59,18,31,-2.7513707761513224,28
4945,46,16,3,8,-2.7521722319308535,8
4946,96,34,97,17,-2.7556888339056824,17
4947,94,17,1,8,-2.7623810098011927,9
4948,23,24,64,13,-2.7636463909122835,11
4949,69,23,15,13,-2.7652098531538085,10
4950,88,60,27,31,-2.7660588381556592,29
4951,38,11,50,7,-2.769596671810692,4
4952,3,27,109,14,-2.7721318764249334,13
4953,50,25,100,14,-2.773983496786126,11
4954,100,12,93,7,-2.776431312725252,5
4955,87,17,10,9,-2.7770692343126613,8
4956,40,30,18,18,-2.780722164544755,12
4957,18,19,27,10,-2.7809093544414445,9
4958,39,19,69,10,-2.7854748533223024,9
4959,112,14,85,8,-2.7888570708398155,6
4960,102,12,70,5,-2.7906887378625385,7
4961,36,13,100,7,-2.7923934619121082,6
4962,1,26,7,14,-2.7932054952385057,12
4963,44,14,68,7,-2.795327721392822,7
4964,50,15,23,10,-2.79562399723425,5
4965,8,32,83,16,-2.795775595052068,16
4966,27,15,33,8,-2.798031990621951,7
4967,65,26,48,13,-2.800978027003419,13
4968,112,14,106,7,-2.805082024542775,7
4969,71,42,65,24,-2.8056942435602354,18
4970,41,15,99,8,-2.808167291861728,7
4971,43,31,78,18,-2.808792064889392,13
4972,36,32,1,16,-2.8095303452930676,16
4973,109,31,60,17,-2.8109683593595367,14
4974,40,48,9,27,-2.81743847104381,21
4975,76,26,97,14,-2.8180456861896683,12
4976,48,14,68,7,-2.8206443314688054,7
4977,71,13,18,7,-2.821320109059585,6
4978,51,162,16,85,-2.824102926061426,77
4979,112,21,75,12,-2.824219405034082,9
4980,78,31,65,18,-2.825182111972356,13
4981,43,31,57,18,-2.829872505608505,13
4982,57,35,30,21,-2.8354505517997572,14
4983,35,11,39,6,-2.836154761931755,5
4984,28,104,86,58,-2.8374089851944664,46
4985,16,25,4,12,-2.8411046840521466,13
4986,33,13,97,7,-2.8486496222061612,6
4987,53,51,39,28,-2.850176330999263,23
4988,28,96,16,53,-2.854985092700266,43
4989,28,25,69,13,-2.8619129564051375,12
4990,78,14,108,8,-2.8642940930834624,6
4991,84,70,28,39,-2.8670003890442084,31
4992,16,59,103,30,-2.8681136681222203,29
4993,55,32,53,18,-2.868206535572335,14
4994,33,20,54,12,-2.8689259657846455,8
4995,87,25,83,13,-2.871024026015094,12
4996,1,14,112,9,-2.8723250567679224,5
4997,2,10,108,6,-2.87346504815302,4
4998,30,21,75,11,-2.8743282279457314,10
4999,77,14,106,7,-2.8755893681261617,7
5000,46,25,17,14,-2.875672610475698,11
5001,20,36,11,21,-2.8760492087904987,15
5002,15,51,30,29,-2.877277208754005,22
5003,48,18,88,11,-2.878155115044796,7
5004,27,33,8,17,-2.8813894658039882,16
5005,71,34,30,18,-2.8915964337712703,16
5006,79,33,16,19,-2.9049583801159375,14
5007,20,25,30,14,-2.905326304581671,11
5008,9,19,62,10,-2.9069158954391585,9
5009,53,29,95,18,-2.9078610003173133,11
5010,16,32,102,17,-2.908694054642565,15
5011,10,12,104,6,-2.911353003023708,6
5012,33,10,37,6,-2.9157377490462273,4
5013,31,11,55,6,-2.9183781753906346,5
5014,9,17,109,8,-2.91854195196147,9
5015,106,19,102,9,-2.920725539256512,10
5016,61,21,88,13,-2.9209863910476948,8
5017,112,21,77,10,-2.921116306986577,11
5018,62,14,1,7,-2.9215215839903967,7
5019,103,14,37,9,-2.9215508243945587,5
5020,11,25,64,15,-2.9255858660863483,10
5021,33,10,3,6,-2.927658221464772,4
5022,40,18,12,9,-2.9302897037093416,9
5023,43,42,3,23,-2.9309731483635653,19
5024,28,21,33,10,-2.934003356051797,11
5025,87,20,36,12,-2.935573250897671,8
5026,65,27,83,14,-2.938404758323202,13
5027,5,63,16,37,-2.93851451686489,26
5028,1,18,9,8,-2.9438107743951827,10
5029,46,18,71,9,-2.9448527741935377,9
5030,51,116,13,60,-2.9458183309871613,56
5031,78,36,100,20,-2.9478453400806806,16
5032,3,26,58,16,-2.951263633453149,10
5033,16,34,111,18,-2.951369699467131,16
5034,15,53,13,28,-2.9520851553526866,25
5035,8,41,60,21,-2.9526156128958108,20
5036,66,11,55,6,-2.95709645710416,5
5037,93,19,20,9,-2.9574857323051185,10
5038,53,16,29,10,-2.9575888480728256,6
5039,92,11,54,7,-2.9582154924554316,4
5040,57,18,25,10,-2.9649349505538742,8
5041,64,18,80,9,-2.9650965179266966,9
5042,109,53,51,33,-2.966331756873439,20
5043,63,16,73,8,-2.966556049159883,8
5044,51,38,49,20,-2.9679331720709357,18
5045,50,26,90,14,-2.969099568178274,12
5046,37,21,2,11,-2.969758011269449,10
5047,100,18,47,10,-2.9713075033918463,8
5048,27,13,66,7,-2.971629996689292,6
5049,92,21,13,10,-2.9728005330432006,11
5050,4,32,36,19,-2.973906674035423,13
5051,106,36,84,18,-2.975473960825012,18
5052,23,61,16,33,-2.975982663116796,28
5053,1,13,46,6,-2.9771068452784513,7
5054,86,29,94,16,-2.9779765905872195,13
5055,13,23,85,14,-2.985985548040523,9
5056,69,11,4,6,-2.9994841766617113,5
5057,34,14,96,8,-3.001763014782561,6
5058,63,42,74,22,-3.0096162132471513,20
5059,76,17,12,8,-3.010224465819308,9
5060,16,48,20,28,-3.0148860726120588,20
5061,3,21,103,10,-3.0198118295639143,11
5062,33,17,40,11,-3.0217035797006964,6
5063,79,38,86,21,-3.025515072530801,17
5064,41,46,63,25,-3.0272340731708356,21
5065,65,39,25,23,-3.0368934823131153,16
5066,79,22,30,13,-3.038702569108576,9
5067,93,28,86,15,-3.047207829379784,13
5068,63,18,108,10,-3.053968972225457,8
5069,55,45,7,26,-3.0547614693932803,19
5070,63,21,17,11,-3.0560482096450983,10
5071,25,18,71,10,-3.0644100067848146,8
5072,80,19,104,10,-3.0657948817606893,9
5073,25,30,75,17,-3.0695517335408993,13
5074,7,37,43,22,-3.070632441088369,15
5075,65,99,51,55,-3.077623570921798,44
5076,104,23,97,12,-3.0789791419269115,11
5077,62,16,55,9,-3.0797392954165557,7
5078,28,12,66,6,-3.0826665795427424,6
5079,89,24,13,14,-3.0854295215748686,10
5080,37,59,107,32,-3.087858660035623,27
5081,50,17,93,10,-3.0892168464304066,7
5082,27,17,6,9,-3.094787186521295,8
5083,109,10,85,7,-3.095406882310694,3
5084,34,31,100,16,-3.0986350729739387,15
5085,54,34,104,18,-3.0987784259955413,16
5086,54,29,17,15,-3.099464272586132,14
5087,74,16,88,10,-3.1000151762465453,6
5088,68,14,99,8,-3.100103615084475,6
5089,60,15,92,9,-3.1016290657385786,6
5090,57,20,9,11,-3.1019493918441303,9
5091,100,24,98,14,-3.102517713271865,10
5092,86,21,111,12,-3.1037611827633467,9
5093,4,24,50,12,-3.110559237136967,12
5094,17,25,25,14,-3.1106502600539123,11
5095,55,32,76,19,-3.115456044147197,13
5096,80,11,36,6,-3.115857421175655,5
5097,88,21,72,12,-3.1180238666219515,9
5098,48,36,28,20,-3.1189690871072235,16
5099,11,23,77,12,-3.122009753357738,11
5100,62,41,107,21,-3.1238835580649185,20
5101,107,81,39,44,-3.1264954681329526,37
5102,43,22,29,13,-3.1308409702362834,9
5103,28,11,6,6,-3.131247568187587,5
5104,54,20,91,10,-3.132812155177027,10
5105,41,24,47,12,-3.137759511909013,12
5106,9,23,114,15,-3.140025237540426,8
5107,104,33,30,17,-3.143593503017401,16
5108,23,23,75,11,-3.148733601092015,12
5109,52,12,51,6,-3.149467859967835,6
5110,7,51,104,28,-3.1582194180075027,23
5111,82,21,86,12,-3.1586560919846343,9
5112,4,19,75,11,-3.1591429263358264,8
5113,62,11,103,5,-3.1637632072735613,6
5114,66,20,63,11,-3.166079264336923,9
5115,69,30,41,18,-3.1671568486745967,12
5116,20,26,55,14,-3.1691541193918393,12
5117,94,17,103,9,-3.169581965412978,8
5118,60,25,106,15,-3.171261503808185,10
5119,86,189,16,108,-3.1716661807278155,81
5120,54,29,78,16,-3.1794235894954275,13
5121,39,42,64,23,-3.1794613974363184,19
5122,114,31,54,16,-3.1847921316014287,15
5123,90,22,17,13,-3.190848422422067,9
5124,8,15,69,8,-3.1913004711052855,7
5125,86,38,80,21,-3.1970874200525032,17
5126,39,41,36,23,-3.1998605067578247,18
5127,45,24,64,14,-3.2007569662217303,10
5128,17,28,106,17,-3.2039846830051175,11
5129,41,38,60,19,-3.207056299166633,19
5130,97,12,56,6,-3.20853124358707,6
5131,72,18,63,11,-3.2092039339659753,7
5132,31,47,60,23,-3.209470727487928,24
5133,97,19,50,11,-3.210625734622635,8
5134,74,16,17,9,-3.211770551027836,7
5135,94,18,55,10,-3.2183549150249458,8
5136,80,10,100,6,-3.221630002984554,4
5137,46,68,86,40,-3.224299996347104,28
5138,65,50,23,26,-3.2292420048113133,24
5139,97,14,3,7,-3.230803945654675,7
5140,36,49,107,26,-3.2348387046482574,23
5141,60,25,99,14,-3.23819445910271,11
5142,88,42,100,24,-3.2386401365610324,18
5143,87,47,94,24,-3.2387554797070868,23
5144,81,12,23,7,-3.240703587077,5
5145,11,51,13,28,-3.2450897623843415,23
5146,43,30,72,16,-3.24533826509729,14
5147,65,19,81,11,-3.2504513606416716,8
5148,68,25,29,14,-3.253332721067046,11
5149,25,47,114,27,-3.2540864225169717,20
5150,8,31,64,18,-3.256233691128028,13
5151,74,24,7,15,-3.2574931437928867,9
5152,95,42,104,24,-3.269147083935012,18
5153,1,37,13,22,-3.2879398916144846,15
5154,35,15,55,8,-3.2899027901624853,7
5155,38,10,15,6,-3.2905237743764575,4
5156,79,17,76,10,-3.2930359935936764,7
5157,109,40,104,22,-3.296647820392758,18
5158,98,11,34,5,-3.2977526881218022,6
5159,19,18,50,10,-3.298334334031155,8
5160,104,35,41,18,-3.298393432816603,17
5161,61,13,47,7,-3.3043540506366402,6
5162,64,21,114,12,-3.3046667254482798,9
5163,20,21,19,11,-3.3063904975233007,10
5164,64,43,107,23,-3.3076512331365557,20
5165,96,14,41,9,-3.3088942892360294,5
5166,25,66,86,35,-3.3097455853588764,31
5167,90,40,8,23,-3.3100403343685345,17
5168,77,46,13,26,-3.3139824242272384,20
5169,54,59,96,30,-3.3145176699500087,29
5170,65,15,91,8,-3.3163495305180635,7
5171,84,16,97,10,-3.3164282058099315,6
5172,97,14,98,7,-3.3185319117606134,7
5173,55,85,13,47,-3.325656298998864,38
5174,107,87,100,45,-3.329956994690944,42
5175,38,15,2,8,-3.3317495398967756,7
5176,81,12,50,6,-3.335453957922903,6
5177,66,10,57,6,-3.3363422399399503,4
5178,5,13,68,7,-3.3380294056441095,6
5179,49,57,30,32,-3.3403324368747502,25
5180,12,32,68,17,-3.3414057521350977,15
5181,15,49,100,27,-3.3433028788314814,22
5182,20,19,15,11,-3.3455642497005824,8
5183,20,10,83,5,-3.3478898251644154,5
5184,107,15,14,9,-3.3479962116917648,6
5185,72,34,54,20,-3.3480725060384304,14
5186,16,48,95,25,-3.3583987989664332,23
5187,16,87,54,47,-3.3594088329829175,40
5188,106,17,14,10,-3.3600594128266157,7
5189,61,14,9,8,-3.362078776884604,6
5190,8,23,14,13,-3.3634201583462144,10
5191,97,25,54,13,-3.3648153427656795,12
5192,20,17,40,10,-3.3649339637959677,7
5193,28,56,13,30,-3.367189637590283,26
5194,64,27,3,14,-3.371328430062595,13
5195,96,18,73,10,-3.3726024221333355,8
5196,33,11,17,6,-3.3766690615259973,5
5197,91,16,74,9,-3.379327346818842,7
5198,75,20,70,10,-3.3793498632006282,10
5199,27,28,75,16,-3.3829340399823242,12
5200,43,15,70,9,-3.383063622759158,6
5201,55,28,36,15,-3.38333657725735,13
5202,39,45,9,23,-3.3911292824052466,22
5203,104,10,73,6,-3.3914910994647247,4
5204,86,98,11,54,-3.3915882895474136,44
5205,69,54,16,31,-3.3920723082068207,23
5206,34,21,67,13,-3.3930847952008207,8
5207,28,13,4,7,-3.394082491248691,6
5208,9,56,107,29,-3.398652320426972,27
5209,11,22,79,13,-3.411899322441765,9
5210,36,11,17,5,-3.4172736451567602,6
5211,78,18,28,9,-3.4177116588011063,9
5212,37,12,4,7,-3.4218717037755013,5
5213,49,11,84,7,-3.4229708468857725,4
5214,27,52,7,28,-3.4308990471010476,24
5215,48,20,106,11,-3.4316235296616595,9
5216,72,47,13,26,-3.4325204873021464,21
5217,63,25,49,13,-3.435463908483024,12
5218,12,25,103,12,-3.4495496342358525,13
5219,86,97,63,57,-3.452765603775126,40
5220,114,14,112,7,-3.452952980329055,7
5221,23,21,37,11,-3.4530437057487378,10
5222,5,23,33,12,-3.4543275091771934,11
5223,49,21,50,11,-3.468500479588225,10
5224,70,20,25,11,-3.484518115943742,9
5225,51,30,36,16,-3.4874600225025043,14
5226,36,13,62,7,-3.4895283270523745,6
5227,53,14,23,8,-3.489897713169178,6
5228,5,16,14,10,-3.4903696256491523,6
5229,98,21,27,11,-3.4907914371999365,10
5230,54,10,6,5,-3.4921987314309866,5
5231,109,26,20,16,-3.4929177397438647,10
5232,114,36,97,20,-3.4948097299506924,16
5233,15,22,47,11,-3.501960777576647,11
5234,77,30,3,16,-3.5028026588503223,14
5235,98,17,73,9,-3.5039598524288147,8
5236,109,27,25,15,-3.504136926234722,12
5237,23,16,74,9,-3.505315761927062,7
5238,29,39,3,22,-3.506465568726695,17
5239,3,19,102,11,-3.508860335973488,8
5240,17,24,11,13,-3.5151101549695967,11
5241,48,26,39,16,-3.5170001195544103,10
5242,107,71,30,41,-3.51865986023229,30
5243,86,61,60,34,-3.5187177495715325,27
5244,54,32,9,17,-3.52060468099837,15
5245,74,16,89,9,-3.5219803445540383,7
5246,107,46,19,27,-3.525534449840508,19
5247,50,55,37,29,-3.5287986061002137,26
5248,25,17,93,9,-3.53003978897563,8
5249,62,10,6,6,-3.5345556158920366,4
5250,84,26,85,16,-3.5349178606931724,10
5251,7,15,44,8,-3.535266020755458,7
5252,47,15,58,9,-3.535505795510925,6
5253,29,23,41,13,-3.5398297136431847,10
5254,30,32,28,17,-3.5399264254738525,15
5255,36,65,40,37,-3.5400829247343593,28
5256,78,55,86,29,-3.5405060693314283,26
5257,8,37,23,21,-3.5407673906896964,16
5258,70,11,33,6,-3.545285037756224,5
5259,76,39,50,19,-3.5517867668560856,20
5260,37,21,62,13,-3.5526687288143344,8
5261,36,19,28,10,-3.554999615354129,9
5262,79,12,60,7,-3.555370933230573,5
5263,51,47,77,24,-3.5564688170039003,23
5264,7,28,6,13,-3.563185524233912,15
5265,87,21,6,12,-3.566989216260902,9
5266,43,19,25,12,-3.5730773529480713,7
5267,60,23,72,13,-3.5740579967580426,10
5268,87,22,14,13,-3.5746572289058025,9
5269,78,14,33,8,-3.5759620126343434,6
5270,3,85,87,48,-3.5793061532615362,37
5271,80,10,15,6,-3.5802128726854137,4
5272,5,62,88,33,-3.583030843412139,29
5273,11,18,14,11,-3.5868100547047623,7
5274,95,10,97,6,-3.5894324713347885,4
5275,11,22,7,13,-3.590907173314133,9
5276,37,60,16,33,-3.592027263676104,27
5277,5,61,104,33,-3.5931408944870395,28
5278,57,14,106,7,-3.59361898372693,7
5279,16,57,75,31,-3.59529020803502,26
5280,71,30,62,16,-3.595660766482277,14
5281,79,23,34,14,-3.5987779482770503,9
5282,41,88,65,52,-3.5987797514188595,36
5283,32,24,86,13,-3.600337352350486,11
5284,19,48,29,28,-3.604151909345811,20
5285,27,46,12,27,-3.608122673674791,19
5286,88,36,1,19,-3.6124862498641357,17
5287,79,15,112,8,-3.621796379179409,7
5288,66,16,11,8,-3.6219882652506383,8
5289,86,34,19,18,-3.62299850901547,16
5290,28,26,80,14,-3.6230809501897747,12
5291,5,51,55,29,-3.628046191114139,22
5292,81,17,47,10,-3.6281046116933027,7
5293,80,40,16,24,-3.6321164367593313,16
5294,12,17,63,8,-3.633804817129702,9
5295,70,10,14,5,-3.647042134114855,5
5296,23,13,9,7,-3.6475995665029,6
5297,98,16,114,9,-3.6481628146735163,7
5298,108,20,64,11,-3.648889859577028,9
5299,18,11,17,5,-3.651905683853183,6
5300,32,21,107,11,-3.65469777615246,10
5301,71,10,90,5,-3.6561036030201173,5
5302,31,24,39,14,-3.6610558433956157,10
5303,102,16,29,10,-3.6619328281849266,6
5304,64,17,62,8,-3.663920720643753,9
5305,85,20,28,11,-3.6675135147560156,9
5306,84,21,38,11,-3.6699802067032445,10
5307,51,72,54,40,-3.676698399835986,32
5308,28,19,23,10,-3.6970356039584327,9
5309,108,12,17,7,-3.6979659768897495,5
5310,108,15,29,8,-3.6991799646967554,7
5311,35,10,112,5,-3.704644012481239,5
5312,87,42,95,22,-3.706416281336595,20
5313,64,21,1,11,-3.7140968256416436,10
5314,5,21,15,13,-3.7147342263498166,8
5315,62,40,86,22,-3.717386716987272,18
5316,16,31,81,17,-3.7185584556590716,14
5317,86,40,91,22,-3.721705750823955,18
5318,40,13,15,7,-3.72557831166786,6
5319,5,31,90,18,-3.72922813011693,13
5320,40,59,60,33,-3.7350164129782835,26
5321,4,13,1,8,-3.7360390878519705,5
5322,102,22,30,11,-3.7401377409606145,11
5323,84,55,51,31,-3.742451182903001,24
5324,54,58,28,33,-3.742783353616919,25
5325,40,42,53,23,-3.7429391558119973,19
5326,37,24,41,14,-3.745613017669992,10
5327,33,15,39,8,-3.7465055716795144,7
5328,104,17,57,11,-3.7521517026783133,6
5329,107,13,52,8,-3.7535584759825276,5
5330,48,25,30,15,-3.7536152956466697,10
5331,39,24,23,13,-3.7563346379913134,11
5332,17,14,102,8,-3.765627490194505,6
5333,95,10,92,6,-3.7703330695633994,4
5334,9,27,55,16,-3.772633679119087,11
5335,17,21,87,12,-3.7733166042192905,9
5336,13,47,114,23,-3.7759149187311722,24
5337,93,10,7,5,-3.7802315490169547,5
5338,98,28,104,13,-3.783243181516934,15
5339,51,52,106,29,-3.7850976424308227,23
5340,54,29,25,16,-3.7885203565536667,13
5341,109,36,76,22,-3.795336770384902,14
5342,39,11,6,6,-3.796620754703812,5
5343,86,95,7,55,-3.7981864217647687,40
5344,46,24,114,14,-3.7986694418112292,10
5345,77,22,109,12,-3.8026109276114344,10
5346,18,26,15,15,-3.8081841569878963,11
5347,109,22,97,12,-3.811583401475488,10
5348,71,27,28,16,-3.8126316435493957,11
5349,5,16,110,9,-3.8138584796050905,7
5350,91,28,5,17,-3.814625093066518,11
5351,87,18,45,10,-3.815750217159737,8
5352,51,40,114,21,-3.8167576032502195,19
5353,75,12,48,7,-3.8239435270874167,5
5354,3,11,4,6,-3.8250463920918425,5
5355,112,32,100,17,-3.8267165521587874,15
5356,12,11,111,5,-3.8360170890156358,6
5357,107,130,87,72,-3.8383022585877806,58
5358,31,23,18,12,-3.8430258307678686,11
5359,76,39,28,21,-3.8485126894088935,18
5360,17,17,85,10,-3.8507511089593,7
5361,107,50,40,30,-3.8570605527160122,20
5362,86,87,74,47,-3.8641970751500203,40
5363,28,54,20,30,-3.866248630000691,24
5364,86,22,66,12,-3.866456914697841,10
5365,80,16,90,10,-3.8670676152144083,6
5366,30,20,9,12,-3.868601823571545,8
5367,69,32,78,18,-3.871427913005369,14
5368,48,11,2,7,-3.8719596921161834,4
5369,49,33,78,17,-3.8747841036965753,16
5370,112,15,8,9,-3.8800170080974894,6
5371,49,11,102,7,-3.880578970933132,4
5372,57,12,6,7,-3.882176264826061,5
5373,5,17,40,9,-3.8914877974226956,8
5374,54,25,1,14,-3.8929886538978145,11
5375,47,12,62,7,-3.897508167665008,5
5376,19,24,64,15,-3.8978418754092083,9
5377,63,30,55,16,-3.900377194965691,14
5378,87,42,12,24,-3.904856260428235,18
5379,48,14,23,8,-3.910408208571404,6
5380,107,61,41,37,-3.913438956605842,24
5381,64,29,75,16,-3.916000714039239,13
5382,46,53,51,30,-3.917943537235088,23
5383,49,45,76,26,-3.921117611266529,19
5384,2,28,5,16,-3.923277825320164,12
5385,20,15,18,9,-3.9303607040253326,6
5386,33,11,41,7,-3.93718343109045,4
5387,107,103,13,58,-3.9376880016513827,45
5388,76,22,84,12,-3.9389733435046645,10
5389,8,26,62,15,-3.942054503863254,11
5390,40,11,6,6,-3.944267868023087,5
5391,43,19,35,10,-3.946831407739412,9
5392,104,11,67,6,-3.9505697623954874,5
5393,91,15,9,8,-3.9508212932565088,7
5394,37,23,40,12,-3.9558411724945217,11
5395,49,16,108,9,-3.959721455372813,7
5396,58,33,16,18,-3.9597785205921827,15
5397,84,21,10,12,-3.960254602065843,9
5398,3,28,8,14,-3.961380371739593,14
5399,94,11,84,6,-3.9681566657444405,5
5400,102,13,41,8,-3.968301975819481,5
5401,62,25,13,14,-3.96987023928499,11
5402,14,12,96,7,-3.975747798085742,5
5403,76,10,83,6,-3.979171756100496,4
5404,97,18,60,9,-3.9792005525226384,9
5405,38,41,107,24,-3.98352419957243,17
5406,55,35,80,18,-3.9840812801034198,17
5407,14,12,112,6,-3.9932359631148633,6
5408,112,16,31,10,-4.001730552260444,6
5409,77,18,5,10,-4.010067732208504,8
5410,34,25,12,14,-4.012153176156777,11
5411,110,20,8,12,-4.013172679497397,8
5412,95,11,27,7,-4.01758766131288,4
5413,19,25,28,15,-4.019180575644085,10
5414,89,19,43,10,-4.019313548872259,9
5415,79,14,29,9,-4.020689709966037,5
5416,78,50,13,28,-4.0246005326037215,22
5417,57,23,60,13,-4.037432638780123,10
5418,114,41,63,26,-4.0379729890543565,15
5419,43,10,1,5,-4.038976715758714,5
5420,96,14,38,8,-4.043216236562185,6
5421,69,12,84,7,-4.046782427990892,5
5422,40,10,32,5,-4.050021677419865,5
5423,20,10,14,6,-4.05196683725804,4
5424,75,16,15,10,-4.056062954518072,6
5425,11,48,65,26,-4.056158377619189,22
5426,49,28,68,16,-4.061110376543601,12
5427,39,11,56,5,-4.061429150921741,6
5428,48,21,76,13,-4.063944654554619,8
5429,95,12,43,7,-4.065288768086308,5
5430,23,27,63,16,-4.0662941273627515,11
5431,73,19,65,11,-4.067312461469671,8
5432,31,68,7,38,-4.069172309295861,30
5433,93,17,75,9,-4.069384641387427,8
5434,37,15,69,8,-4.071098728743587,7
5435,46,21,95,12,-4.071848693893571,9
5436,11,17,85,10,-4.074093197649269,7
5437,109,35,41,21,-4.080717853336037,14
5438,75,21,91,8,-4.084376386784757,13
5439,98,17,78,9,-4.084899624702052,8
5440,19,11,36,6,-4.08859021842168,5
5441,8,15,111,8,-4.091375789332371,7
5442,35,24,20,14,-4.0987287220029165,10
5443,50,34,65,19,-4.1001129619996295,15
5444,93,20,83,11,-4.100880722204596,9
5445,86,39,34,22,-4.105651709736396,17
5446,51,48,75,26,-4.10605342104463,22
5447,63,30,97,17,-4.107378727934816,13
5448,49,55,27,31,-4.107492395226419,24
5449,55,17,108,10,-4.110943675956946,7
5450,51,20,85,11,-4.111259035742405,9
5451,43,35,11,20,-4.114863875591246,15
5452,2,12,7,7,-4.115660194227728,5
5453,17,23,72,13,-4.117745356045157,10
5454,87,14,42,8,-4.125698672116462,6
5455,50,15,83,7,-4.131296712002355,8
5456,106,51,107,28,-4.131711792879515,23
5457,20,11,71,7,-4.1364305573939655,4
5458,66,18,87,10,-4.140314373651453,8
5459,71,47,53,27,-4.141303557057989,20
5460,28,77,50,44,-4.143924434349461,33
5461,17,12,99,7,-4.148375833376952,5
5462,2,10,19,5,-4.15617878328422,5
5463,67,14,114,8,-4.157586764032949,6
5464,27,14,92,7,-4.157793062407015,7
5465,52,17,30,10,-4.158499353957514,7
5466,86,27,89,14,-4.1611156980183726,13
5467,46,20,64,12,-4.163045047710226,8
5468,5,40,83,21,-4.163709904424498,19
5469,96,24,60,16,-4.164982345638217,8
5470,15,29,63,17,-4.174108403744673,12
5471,25,27,23,15,-4.182190113226042,12
5472,43,11,93,6,-4.184906166012258,5
5473,99,32,16,18,-4.188354308638615,14
5474,93,15,29,8,-4.188724926111399,7
5475,41,29,43,16,-4.189201859304195,13
5476,23,57,107,31,-4.195631697148174,26
5477,107,86,88,50,-4.201958476281025,36
5478,36,56,65,32,-4.205692860728478,24
5479,20,21,17,12,-4.207666463256875,9
5480,62,32,49,20,-4.20805622701328,12
5481,48,10,52,6,-4.211289472665269,4
5482,18,19,4,11,-4.220670692754496,8
5483,100,29,28,17,-4.221129674472951,12
5484,44,11,71,6,-4.223524348839454,5
5485,46,12,48,7,-4.225391974153922,5
5486,15,17,34,10,-4.22791233616001,7
5487,11,29,48,17,-4.229170885335417,12
5488,62,20,30,11,-4.230291626453229,9
5489,108,21,50,11,-4.23237995196548,10
5490,41,63,51,35,-4.234503271062268,28
5491,87,31,71,17,-4.240167636343153,14
5492,71,44,16,26,-4.24180487871631,18
5493,69,42,13,24,-4.244765914439893,18
5494,70,13,100,7,-4.246698616682759,6
5495,38,14,71,9,-4.250425614356072,5
5496,68,32,69,18,-4.253129950198648,14
5497,77,40,30,23,-4.262142244378042,17
5498,106,55,37,29,-4.262507559544696,26
5499,65,17,89,10,-4.263412817260127,7
5500,100,20,9,12,-4.263839107868786,8
5501,103,12,23,7,-4.270875329150464,5
5502,15,28,23,16,-4.277369019757658,12
5503,90,18,30,10,-4.2791469362412995,8
5504,62,19,72,11,-4.281473875909814,8
5505,65,51,74,28,-4.282390955650973,23
5506,46,15,38,9,-4.283099176934334,6
5507,69,22,50,11,-4.283220710932239,11
5508,55,45,37,24,-4.301001080588835,21
5509,53,27,106,14,-4.302319600135904,13
5510,54,65,63,37,-4.312244094324418,28
5511,104,64,86,36,-4.312979598799538,28
5512,17,23,97,13,-4.313428551304964,10
5513,65,61,8,34,-4.3149700472293935,27
5514,40,22,4,12,-4.316643149060886,10
5515,3,38,69,23,-4.319618121669495,15
5516,86,75,37,41,-4.327795117897229,34
5517,80,14,19,8,-4.32884820464931,6
5518,41,19,95,11,-4.33214397979218,8
5519,46,29,60,17,-4.333686025013953,12
5520,27,42,34,23,-4.337640798980337,19
5521,87,81,100,44,-4.340523148765112,37
5522,6,16,65,9,-4.346168811124804,7
5523,83,11,19,6,-4.35939819270106,5
5524,71,31,64,19,-4.3594731378011655,12
5525,23,20,95,11,-4.361896262769259,9
5526,88,32,47,18,-4.361953236186541,14
5527,70,17,49,9,-4.364791676107705,8
5528,9,15,74,9,-4.367415226980933,6
5529,23,23,40,13,-4.368423326803304,10
5530,88,103,86,58,-4.3729235653133225,45
5531,3,20,54,11,-4.376377325817572,9
5532,35,31,107,19,-4.377615317489308,12
5533,25,33,87,18,-4.379098196808539,15
5534,29,20,54,12,-4.381395329954479,8
5535,30,21,17,11,-4.393992542163716,10
5536,16,39,97,21,-4.395866715554319,18
5537,65,26,90,13,-4.399856936469098,13
5538,5,35,76,20,-4.4006703577730075,15
5539,38,22,9,13,-4.401748488474486,9
5540,108,14,71,8,-4.402422140240555,6
5541,5,118,86,67,-4.4152564938780525,51
5542,53,64,7,36,-4.416213736910667,28
5543,70,30,84,17,-4.416286467774103,13
5544,13,30,99,17,-4.4209668288342625,13
5545,76,35,100,20,-4.424340118974863,15
5546,20,14,23,8,-4.427778675436007,6
5547,58,10,17,4,-4.43139506148379,6
5548,70,39,37,23,-4.433263990915908,16
5549,90,17,76,11,-4.433393911042904,6
5550,96,16,78,10,-4.433803384678501,6
5551,72,33,39,18,-4.435446061053884,15
5552,49,18,94,11,-4.445619988851259,7
5553,81,41,86,26,-4.449709794200755,15
5554,97,11,77,7,-4.454901155383995,4
5555,85,14,19,8,-4.456802611003387,6
5556,54,15,79,9,-4.4628144491387465,6
5557,109,24,69,14,-4.462898820440797,10
5558,57,16,85,9,-4.462920901490054,7
5559,32,18,37,10,-4.466542082918523,8
5560,37,23,39,13,-4.467775271301241,10
5561,33,15,30,10,-4.4716115697648915,5
5562,25,31,96,17,-4.472832877552796,14
5563,84,19,100,12,-4.475027320131736,7
5564,64,46,7,25,-4.481240056988838,21
5565,71,44,75,27,-4.485645835804011,17
5566,7,109,16,61,-4.487436298549421,48
5567,46,10,108,7,-4.49601960881211,3
5568,70,13,15,6,-4.5014544457963614,7
5569,96,11,64,7,-4.502415484644475,4
5570,96,10,57,5,-4.51150966917618,5
5571,112,18,49,10,-4.51791122222607,8
5572,50,23,74,13,-4.520207268757789,10
5573,48,19,57,11,-4.524936793492176,8
5574,28,44,55,26,-4.526943972884062,18
5575,66,25,107,14,-4.531519112697894,11
5576,68,45,30,25,-4.531817817125203,20
5577,45,28,16,17,-4.531898444456965,11
5578,18,18,76,10,-4.53890845574976,8
5579,109,28,65,15,-4.539479641390691,13
5580,28,29,93,18,-4.540056078542574,11
5581,15,18,99,11,-4.551461310618722,7
5582,46,15,83,8,-4.551826612706295,7
5583,23,15,70,8,-4.554568026577774,7
5584,45,10,57,6,-4.557275746882501,4
5585,5,18,43,10,-4.559277543830877,8
5586,104,16,99,8,-4.5627492392393005,8
5587,77,42,49,25,-4.566213242855724,17
5588,114,43,60,21,-4.570942388181802,22
5589,95,14,99,8,-4.572737764013049,6
5590,58,23,7,12,-4.5750345256693405,11
5591,65,16,99,9,-4.579704538683155,7
5592,18,26,3,16,-4.58127135055443,10
5593,37,15,9,8,-4.590013554185221,7
5594,96,32,50,18,-4.592653394244438,14
5595,18,22,100,12,-4.596212969192917,10
5596,30,30,50,17,-4.5996283513489535,13
5597,39,18,80,10,-4.600479594629686,8
5598,96,21,13,12,-4.608058597276484,9
5599,37,40,75,25,-4.608119905928107,15
5600,17,21,103,13,-4.6092642227895295,8
5601,57,11,74,6,-4.613445177041247,5
5602,68,20,85,13,-4.615895850726343,7
5603,19,41,51,25,-4.631222093494112,16
5604,91,16,102,9,-4.632859199025976,7
5605,110,15,106,8,-4.633960085739292,7
5606,49,32,17,16,-4.635564491950155,16
5607,25,22,60,12,-4.63628280649392,10
5608,69,11,80,6,-4.638884395252672,5
5609,15,22,89,12,-4.64447570211011,10
5610,58,17,12,10,-4.645880660678283,7
5611,12,17,69,8,-4.646994618385512,9
5612,96,39,63,24,-4.649023449526143,15
5613,1,16,15,10,-4.649350840919031,6
5614,77,29,107,16,-4.649765909038049,13
5615,79,13,27,7,-4.651583262533679,6
5616,47,15,25,8,-4.655390231832651,7
5617,60,19,61,10,-4.6560260564335465,9
5618,100,40,104,23,-4.65834140954478,17
5619,60,29,76,18,-4.661823526794649,11
5620,98,26,11,14,-4.667493378770945,12
5621,92,10,75,6,-4.670779177266829,4
5622,8,24,12,14,-4.676848682458997,10
5623,39,51,40,30,-4.685059105758994,21
5624,15,18,28,10,-4.685699256091646,8
5625,38,32,88,20,-4.688975834537393,12
5626,100,100,16,57,-4.689952721995863,43
5627,106,13,111,9,-4.703726078810505,4
5628,107,34,98,19,-4.703806209041121,15
5629,15,17,66,9,-4.706296692162903,8
5630,81,18,4,11,-4.707056678124466,7
5631,46,23,20,15,-4.708713070266477,8
5632,65,120,16,68,-4.714686634656085,52
5633,31,32,75,17,-4.72198275034643,15
5634,46,11,94,6,-4.72291399357611,5
5635,108,13,25,8,-4.727424255422313,5
5636,54,29,93,18,-4.739093565612781,11
5637,77,16,25,9,-4.745845616411634,7
5638,20,13,62,8,-4.7489453833796285,5
5639,50,23,7,13,-4.754905099968972,10
5640,46,69,13,41,-4.756415151860815,28
5641,47,29,11,17,-4.758047733181098,12
5642,108,15,72,9,-4.758115031276769,6
5643,62,14,106,8,-4.759729251582842,6
5644,84,28,13,17,-4.762106527456084,11
5645,94,12,108,7,-4.762797132758723,5
5646,108,20,30,12,-4.765041003995,8
5647,98,15,18,7,-4.76828904567196,8
5648,31,15,12,8,-4.7706324645211815,7
5649,70,13,90,7,-4.771084444295364,6
5650,23,14,33,8,-4.772846471482117,6
5651,98,21,70,13,-4.776806059512888,8
5652,89,17,57,9,-4.7773093283004995,8
5653,5,12,9,7,-4.777710715122406,5
5654,45,10,47,6,-4.780410761983769,4
5655,8,114,16,66,-4.784573513867423,48
5656,81,20,41,12,-4.785164896950242,8
5657,10,12,5,6,-4.788462999241516,6
5658,20,13,52,8,-4.795236183864798,5
5659,65,89,104,50,-4.796826488170186,39
5660,25,11,111,6,-4.797175922879401,5
5661,97,22,41,12,-4.799957538599525,10
5662,96,22,75,15,-4.801381492311929,7
5663,38,16,108,10,-4.801598011346549,6
5664,12,16,1,9,-4.804302234326604,7
5665,68,14,89,8,-4.8060770512882325,6
5666,20,11,77,6,-4.80957078979778,5
5667,63,34,104,19,-4.811269466320188,15
5668,79,23,13,14,-4.81127521378253,9
5669,85,11,74,6,-4.8123880044938,5
5670,64,20,12,12,-4.814047437556217,8
5671,54,15,14,10,-4.820525855929134,5
5672,25,19,31,10,-4.823839301099769,9
5673,15,21,114,12,-4.8260102326414716,9
5674,57,49,87,28,-4.830115478356606,21
5675,67,15,8,9,-4.831909846155587,6
5676,49,15,95,9,-4.84227599614437,6
5677,51,82,100,43,-4.84610089520431,39
5678,96,22,39,14,-4.8469385601006945,8
5679,19,17,40,11,-4.847587458712169,6
5680,32,12,97,7,-4.851459349576825,5
5681,42,12,72,7,-4.857673633217596,5
5682,50,57,16,34,-4.86155743044365,23
5683,89,10,5,7,-4.8624656409017435,3
5684,1,11,29,7,-4.866934575588786,4
5685,94,12,20,7,-4.86985523364522,5
5686,57,26,88,14,-4.87081224887015,12
5687,98,26,13,16,-4.873807977215298,10
5688,97,29,87,18,-4.880674129028665,11
5689,79,20,63,12,-4.882182316485546,8
5690,95,11,69,7,-4.882909765417964,4
5691,17,19,23,11,-4.884057347144711,8
5692,18,12,94,7,-4.884425557504233,5
5693,3,68,27,38,-4.889238931476877,30
5694,101,10,39,6,-4.889741278103361,4
5695,19,22,104,13,-4.896606558010837,9
5696,68,30,47,17,-4.897107609370838,13
5697,102,41,65,25,-4.899953592453147,16
5698,3,39,19,21,-4.904285784779156,18
5699,28,12,38,6,-4.907164394244709,6
5700,27,40,72,22,-4.909190606599177,18
5701,77,11,48,7,-4.913344813951473,4
5702,109,16,95,10,-4.92318353619376,6
5703,106,56,74,32,-4.924754963776781,24
5704,36,40,86,23,-4.92743325124,17
5705,3,46,30,29,-4.927493551150182,17
5706,85,17,63,9,-4.93137224468223,8
5707,71,11,49,6,-4.9409457894604065,5
5708,32,14,28,8,-4.942148577857081,6
5709,78,15,40,10,-4.942465399220725,5
5710,41,17,38,9,-4.943011461235353,8
5711,106,29,80,17,-4.946009667025367,12
5712,109,48,88,29,-4.946124278822101,19
5713,68,19,56,10,-4.94813216675333,9
5714,47,32,7,19,-4.949472292851426,13
5715,89,10,77,5,-4.9496005024045315,5
5716,3,26,114,16,-4.9544765393283035,10
5717,90,23,96,14,-4.963939687748074,9
5718,114,21,27,12,-4.967571693509976,9
5719,23,11,98,6,-4.969965161139004,5
5720,13,44,12,29,-4.971947648890687,15
5721,108,11,43,6,-4.972636022882596,5
5722,3,13,106,8,-4.972676967703687,5
5723,44,10,80,5,-4.973541413806903,5
5724,65,30,70,19,-4.973765781446556,11
5725,17,53,16,33,-4.978051363186692,20
5726,48,42,86,25,-4.981770992426022,17
5727,3,40,65,24,-4.984923211784546,16
5728,114,14,77,7,-4.98692140299295,7
5729,94,19,63,11,-4.988953899876627,8
5730,29,16,70,8,-4.990481050245632,8
5731,31,23,50,13,-4.991999785997779,10
5732,96,23,51,13,-5.001175453325252,10
5733,58,21,49,11,-5.003014201039977,10
5734,106,41,7,21,-5.003800212982271,20
5735,5,26,93,16,-5.004460526821323,10
5736,83,13,102,8,-5.005327574584489,5
5737,94,17,112,11,-5.010192110959226,6
5738,63,12,93,7,-5.011120266810433,5
5739,18,19,55,10,-5.012210431301632,9
5740,87,48,89,28,-5.014424331869456,20
5741,54,49,13,28,-5.01789761438881,21
5742,49,62,87,33,-5.019788551294544,29
5743,38,29,60,17,-5.02789537902732,12
5744,93,26,74,14,-5.031462008142044,12
5745,74,24,100,14,-5.032874442379239,10
5746,91,16,40,9,-5.034652795604084,7
5747,2,23,20,13,-5.04811788923968,10
5748,75,20,95,12,-5.050260152484929,8
5749,103,27,13,17,-5.050931612605477,10
5750,17,12,12,7,-5.051854355123881,5
5751,19,45,78,27,-5.052434315983816,18
5752,10,16,7,9,-5.060407065651965,7
5753,43,41,39,23,-5.063559894991467,18
5754,68,39,11,22,-5.068696898162879,17
5755,27,56,100,32,-5.080984098773694,24
5756,20,10,32,7,-5.082163415292113,3
5757,5,15,34,10,-5.091205514677906,5
5758,86,53,43,30,-5.098849140826145,23
5759,78,31,15,16,-5.103076679971741,15
5760,88,55,11,33,-5.1065190461811305,22
5761,49,22,89,12,-5.109778678724472,10
5762,53,55,68,32,-5.110040094265128,23
5763,19,34,72,20,-5.112933716380972,14
5764,98,16,3,8,-5.13085374180897,8
5765,38,25,109,16,-5.131173197537895,9
5766,58,30,40,16,-5.133397385337805,14
5767,3,61,39,33,-5.133797953914007,28
5768,3,21,36,13,-5.136055944816982,8
5769,71,15,70,8,-5.140933357571855,7
5770,70,17,13,10,-5.142156998200086,7
5771,38,17,80,9,-5.143241338130117,8
5772,112,18,18,11,-5.1443366650763,7
5773,51,51,78,27,-5.146999984101788,24
5774,50,49,104,29,-5.147677197850614,20
5775,97,13,11,7,-5.1491543911628765,6
5776,9,24,106,14,-5.150083731218857,10
5777,84,39,16,23,-5.151609139003121,16
5778,28,16,35,8,-5.153123660542294,8
5779,30,16,47,8,-5.159042864029296,8
5780,5,12,67,7,-5.159840528973079,5
5781,86,16,6,10,-5.164261408107595,6
5782,96,29,65,16,-5.165027076154164,13
5783,54,11,31,6,-5.168002033532433,5
5784,94,15,77,9,-5.169474708107542,6
5785,32,19,11,10,-5.169600921182679,9
5786,66,12,54,7,-5.170904941899953,5
5787,87,66,43,38,-5.171690262922128,28
5788,112,14,74,8,-5.173073586151801,6
5789,48,12,91,6,-5.179665478095682,6
5790,57,38,19,21,-5.180324941731269,17
5791,97,17,75,10,-5.1834390154874335,7
5792,71,10,6,6,-5.193692278292731,4
5793,113,13,40,8,-5.1937263926866155,5
5794,88,89,54,52,-5.194780150389518,37
5795,39,25,46,12,-5.196853389468726,13
5796,65,72,30,42,-5.202280891329503,30
5797,57,35,8,21,-5.208160025736119,14
5798,88,22,58,13,-5.2137475480858235,9
5799,86,20,10,11,-5.2191524654968555,9
5800,88,101,7,58,-5.220134457500585,43
5801,34,27,29,15,-5.221123411463423,12
5802,72,20,89,12,-5.222035675853286,8
5803,106,54,54,29,-5.222938310920246,25
5804,35,26,11,15,-5.223790778296071,11
5805,39,23,92,12,-5.223931097826435,11
5806,5,11,35,6,-5.226534281744123,5
5807,57,12,17,8,-5.228708389418875,4
5808,103,22,78,15,-5.22979498937837,7
5809,107,60,75,39,-5.231874163862644,21
5810,76,15,44,9,-5.232736844369689,6
5811,25,21,91,12,-5.236778929543696,9
5812,109,20,72,12,-5.237390001234544,8
5813,40,26,25,15,-5.242222631716464,11
5814,12,20,98,12,-5.2458423308532485,8
5815,53,38,16,23,-5.24868442383076,15
5816,49,28,41,16,-5.249338337674644,12
5817,84,25,27,14,-5.251275868020153,11
5818,31,11,35,6,-5.255104723881266,5
5819,64,31,30,18,-5.256203643377392,13
5820,3,65,16,39,-5.2568974513858,26
5821,65,40,43,22,-5.257826362134877,18
5822,1,11,34,8,-5.259854618241466,3
5823,47,11,29,7,-5.268734453817821,4
5824,69,17,103,9,-5.270007364936181,8
5825,43,23,34,13,-5.271948745922039,10
5826,6,20,88,12,-5.272285617199486,8
5827,17,19,41,12,-5.273986417758153,7
5828,77,11,108,7,-5.283240563660734,4
5829,92,12,28,8,-5.284547759707863,4
5830,7,34,100,20,-5.2875107753111195,14
5831,77,14,102,8,-5.2901983016445735,6
5832,98,13,62,7,-5.290496346910966,6
5833,37,26,57,15,-5.296608425452367,11
5834,23,10,78,6,-5.303068144131312,4
5835,87,19,73,13,-5.303982369774458,6
5836,63,25,46,13,-5.304512093520618,12
5837,3,40,7,24,-5.315954351050264,16
5838,72,21,50,13,-5.318024007082145,8
5839,51,33,62,19,-5.327533238316313,14
5840,64,21,83,12,-5.328824418011839,9
5841,51,33,5,21,-5.328986421528186,12
5842,55,25,34,14,-5.330528309819539,11
5843,102,14,97,9,-5.335160623731833,5
5844,78,33,68,19,-5.339960157482917,14
5845,90,37,54,22,-5.340914168653277,15
5846,50,18,78,11,-5.342630350789609,7
5847,98,18,20,11,-5.352741331858431,7
5848,97,27,55,16,-5.353622513986461,11
5849,97,35,7,19,-5.356987360153852,16
5850,87,16,26,9,-5.357273241874729,7
5851,12,13,20,7,-5.360426970680715,6
5852,39,36,84,20,-5.36967448681498,16
5853,30,15,98,8,-5.370529040661888,7
5854,106,14,6,8,-5.390411966564588,6
5855,74,20,34,13,-5.390554150511844,7
5856,51,53,17,29,-5.396332747607756,24
5857,76,29,112,16,-5.403769892160428,13
5858,3,34,11,20,-5.40439711272143,14
5859,58,11,4,7,-5.405037105567137,4
5860,94,32,30,18,-5.413124377396745,14
5861,86,28,47,17,-5.4138737100947205,11
5862,106,26,2,15,-5.41401262665605,11
5863,67,16,16,10,-5.4152543903232875,6
5864,58,10,23,6,-5.417812881789321,4
5865,25,38,104,21,-5.422383455319622,17
5866,63,30,57,16,-5.4237588746313765,14
5867,50,20,91,12,-5.425475081902891,8
5868,72,15,20,9,-5.433880871316618,6
5869,68,29,71,18,-5.43565333686224,11
5870,13,14,52,8,-5.444984627732146,6
5871,49,34,54,20,-5.449189781331788,14
5872,86,86,100,49,-5.454319016972287,37
5873,47,13,54,7,-5.460215589598553,6
5874,50,13,57,8,-5.460704285123109,5
5875,74,13,31,8,-5.4682993706513905,5
5876,17,31,28,18,-5.468605078583842,13
5877,60,17,98,10,-5.471299685170585,7
5878,25,22,100,12,-5.476003695191376,10
5879,11,40,72,23,-5.476474327164611,17
5880,55,27,111,16,-5.492663797248299,11
5881,52,12,50,6,-5.49564209413134,6
5882,102,10,67,6,-5.497246561771854,4
5883,37,69,87,40,-5.500923627593116,29
5884,111,10,5,6,-5.501968622126494,4
5885,40,13,2,8,-5.504797437287728,5
5886,104,70,107,41,-5.505673796281645,29
5887,19,30,62,19,-5.507911360624397,11
5888,49,26,64,16,-5.508050470931367,10
5889,109,13,32,7,-5.508051897308614,6
5890,83,19,95,12,-5.510188596504651,7
5891,77,25,15,15,-5.5117176973275805,10
5892,89,10,17,6,-5.511777751894211,4
5893,54,35,100,21,-5.517072921963966,14
5894,84,10,89,5,-5.518590211576736,5
5895,48,24,13,14,-5.520624456307564,10
5896,103,42,86,25,-5.52157651033762,17
5897,72,44,86,26,-5.5216772542197,18
5898,13,35,58,22,-5.535900844279715,13
5899,94,25,76,16,-5.537062294511395,9
5900,85,11,8,7,-5.538404103047143,4
5901,102,14,15,9,-5.539976966220618,5
5902,70,11,44,6,-5.543204446478318,5
5903,75,42,18,24,-5.546579166688548,18
5904,84,18,25,11,-5.546687618128967,7
5905,34,22,9,13,-5.547533958665456,9
5906,31,53,36,30,-5.548564460468655,23
5907,25,41,8,25,-5.550067480025429,16
5908,57,16,12,10,-5.552040542138188,6
5909,54,16,69,9,-5.552096999235808,7
5910,46,44,8,24,-5.55305372609631,20
5911,107,42,48,24,-5.555372120517398,18
5912,4,11,46,6,-5.556221874645653,5
5913,95,30,13,17,-5.5569838085167085,13
5914,57,11,18,7,-5.557171046422164,4
5915,95,10,31,6,-5.5581891593402775,4
5916,53,33,87,18,-5.560515944176115,15
5917,108,14,37,8,-5.561998311446509,6
5918,11,20,75,11,-5.5687574810371485,9
5919,38,23,7,13,-5.5754388810337625,10
5920,45,11,91,6,-5.575492823384057,5
5921,44,22,20,13,-5.576158683247873,9
5922,78,56,27,35,-5.579664594110141,21
5923,96,38,20,23,-5.591064360306497,15
5924,15,34,29,19,-5.593704403612137,15
5925,112,23,3,12,-5.594463947840817,11
5926,12,36,78,23,-5.595684396239938,13
5927,87,32,58,19,-5.595926851924935,13
5928,103,28,30,17,-5.596435031685191,11
5929,35,15,3,9,-5.603213656138761,6
5930,85,15,55,9,-5.607159089440444,6
5931,87,71,68,42,-5.612540853484815,29
5932,61,17,86,10,-5.615128594276013,7
5933,98,16,102,9,-5.616900846312716,7
5934,91,26,68,14,-5.619466372772095,12
5935,33,21,8,13,-5.619561015848321,8
5936,5,10,19,6,-5.623378775596125,4
5937,37,27,98,16,-5.623553949033444,11
5938,62,11,83,7,-5.627185885075068,4
5939,87,48,48,30,-5.631302033442318,18
5940,46,16,109,9,-5.636528034552761,7
5941,104,18,62,12,-5.643310295152116,6
5942,97,10,4,6,-5.649870700339141,4
5943,60,39,49,23,-5.653970935415813,16
5944,75,31,46,18,-5.654705399493309,13
5945,2,13,30,7,-5.655225265692612,6
5946,41,34,64,21,-5.6565010143759125,13
5947,88,36,25,23,-5.660869431868404,13
5948,16,100,30,61,-5.661310062437604,39
5949,82,11,54,7,-5.664278302313933,4
5950,38,10,23,6,-5.6654185371586925,4
5951,25,10,94,5,-5.671887186214522,5
5952,3,46,12,29,-5.677386223990419,17
5953,109,11,1,6,-5.683051778637102,5
5954,48,21,27,13,-5.686731307091653,8
5955,40,21,35,13,-5.68914021357686,8
5956,32,10,70,5,-5.69247937209622,5
5957,103,34,27,21,-5.6990103299143655,13
5958,48,16,69,9,-5.7047999540187995,7
5959,74,13,15,8,-5.7106976006271415,5
5960,18,21,49,14,-5.711916119327798,7
5961,55,31,109,16,-5.712408791206378,15
5962,76,75,86,43,-5.7160105631617,32
5963,52,10,39,6,-5.718885643095016,4
5964,77,28,78,16,-5.723940232797269,12
5965,51,26,25,15,-5.726135112848953,11
5966,9,14,45,9,-5.7278535004589894,5
5967,54,40,55,22,-5.729162102948166,18
5968,109,38,43,24,-5.730645061505548,14
5969,109,10,80,5,-5.736195162181013,5
5970,106,42,25,26,-5.737688222420903,16
5971,60,24,17,14,-5.742654989357156,10
5972,114,25,100,15,-5.743860264273012,10
5973,18,25,50,14,-5.74537053291684,11
5974,51,113,39,66,-5.746736829097245,47
5975,20,64,107,37,-5.747310682281413,27
5976,86,50,64,29,-5.748012616840684,21
5977,77,12,36,7,-5.751140829309575,5
5978,12,12,47,7,-5.753232192548286,5
5979,107,40,58,25,-5.758436887559522,15
5980,2,16,76,10,-5.758955323935481,6
5981,86,53,41,33,-5.761468508013489,20
5982,49,29,34,16,-5.762514186628864,13
5983,29,28,51,16,-5.7638840206812985,12
5984,109,16,62,8,-5.770362238431113,8
5985,19,39,11,24,-5.773505801410168,15
5986,51,132,86,73,-5.778457537131764,59
5987,81,16,104,8,-5.786821230718971,8
5988,9,21,17,12,-5.788074839959892,9
5989,107,48,76,31,-5.789796382951222,17
5990,64,20,109,10,-5.801370132700335,10
5991,31,19,91,12,-5.801858258461764,7
5992,106,11,10,8,-5.803672894932926,3
5993,98,19,8,12,-5.806615359942181,7
5994,109,20,73,12,-5.807578339260897,8
5995,20,13,79,8,-5.810117746469003,5
5996,45,13,112,7,-5.822653512724091,6
5997,93,37,8,21,-5.824171473230354,16
5998,25,49,13,27,-5.82760144771215,22
5999,49,55,107,33,-5.834156409757041,22
6000,88,48,23,30,-5.836406273695646,18
6001,13,40,63,23,-5.83698160270361,17
6002,93,23,16,12,-5.842811946264205,11
6003,74,11,49,6,-5.844136641014432,5
6004,51,33,108,19,-5.846282986785913,14
6005,55,28,100,15,-5.848018543019886,13
6006,109,30,100,19,-5.850089422305436,11
6007,14,17,65,9,-5.850273562995321,8
6008,79,12,80,6,-5.851472407179259,6
6009,112,21,7,13,-5.863389950487477,8
6010,7,17,34,10,-5.863504951401842,7
6011,98,18,55,11,-5.870446924304781,7
6012,31,12,28,7,-5.876337878232255,5
6013,19,27,41,17,-5.880218602490824,10
6014,15,31,8,17,-5.881893034376993,14
6015,36,12,46,7,-5.882094180819337,5
6016,74,22,102,13,-5.882481039476397,9
6017,39,117,16,67,-5.88511086184634,50
6018,108,17,75,10,-5.885506345854971,7
6019,57,15,10,10,-5.887280827061498,5
6020,3,11,37,6,-5.889738338475403,5
6021,40,52,65,30,-5.891062339928423,22
6022,68,15,101,10,-5.891939886749792,5
6023,43,22,63,13,-5.892809401856746,9
6024,9,45,75,27,-5.89399328159944,18
6025,107,146,16,91,-5.895372986637078,55
6026,22,18,34,11,-5.906850849031522,7
6027,20,62,87,36,-5.910179434004634,26
6028,20,51,65,32,-5.9122074355427685,19
6029,110,22,37,12,-5.913666685850415,10
6030,7,23,78,12,-5.919551023484507,11
6031,114,20,73,12,-5.924435121305102,8
6032,103,23,34,14,-5.928044804029898,9
6033,38,20,8,12,-5.935271782387747,8
6034,104,26,53,15,-5.936620222245529,11
6035,97,11,30,7,-5.939213511376965,4
6036,53,15,28,9,-5.94574436463327,6
6037,81,19,114,10,-5.947687005963305,9
6038,10,12,97,6,-5.9508315819177,6
6039,3,26,81,16,-5.95298398831459,10
6040,77,40,39,23,-5.957282285716446,17
6041,40,18,97,11,-5.9669184161403885,7
6042,58,22,30,13,-5.973427224474197,9
6043,94,18,114,10,-5.974081788881618,8
6044,18,20,64,12,-5.974775055211903,8
6045,77,19,53,11,-5.976513729958847,8
6046,109,13,71,8,-5.977466642753509,5
6047,53,17,57,10,-5.979218446101822,7
6048,37,17,94,10,-5.9815536162143665,7
6049,18,11,108,7,-5.985584696812657,4
6050,31,25,114,14,-5.991876520395491,11
6051,29,18,28,10,-5.99194760387537,8
6052,54,21,94,12,-6.000772945562414,9
6053,77,19,17,11,-6.004127308550877,8
6054,5,47,106,29,-6.005839560090041,18
6055,9,51,65,31,-6.006217714596816,20
6056,37,39,13,23,-6.006726113746223,16
6057,64,53,13,29,-6.008172175580099,24
6058,13,50,81,31,-6.016435190824957,19
6059,94,38,27,23,-6.017224957482415,15
6060,8,51,109,29,-6.024347890240435,22
6061,66,12,100,8,-6.027007201302922,4
6062,77,30,19,17,-6.029784258161875,13
6063,65,58,27,35,-6.029901089038054,23
6064,68,10,26,6,-6.030745942778485,4
6065,11,57,51,36,-6.032232565762291,21
6066,98,24,7,15,-6.033686003781979,9
6067,57,28,103,17,-6.035618973069869,11
6068,55,41,104,24,-6.036207114699969,17
6069,63,62,8,35,-6.040704829296192,27
6070,86,39,69,23,-6.048519108301492,16
6071,2,24,16,14,-6.05202408295115,10
6072,28,22,41,13,-6.053005216366935,9
6073,60,50,55,29,-6.053838967638277,21
6074,57,15,77,9,-6.055395238374117,6
6075,84,22,98,14,-6.061006275589921,8
6076,30,30,34,18,-6.063291205291665,12
6077,86,67,49,39,-6.079669838357913,28
6078,102,13,23,7,-6.080684731147932,6
6079,86,66,27,40,-6.08641424737461,26
6080,41,52,87,30,-6.088526103982965,22
6081,84,26,9,15,-6.089357364465301,11
6082,108,14,96,8,-6.092516088942799,6
6083,49,34,72,20,-6.095493642964185,14
6084,88,79,65,50,-6.09630023603755,29
6085,69,16,62,9,-6.098141811871047,7
6086,15,12,84,7,-6.098921486728437,5
6087,53,11,103,8,-6.102547388944458,3
6088,7,12,90,7,-6.108519045195328,5
6089,51,58,76,36,-6.108768946067044,22
6090,48,13,10,8,-6.11091450287738,5
6091,31,13,81,9,-6.117159791325402,4
6092,87,146,16,86,-6.121548620106319,60
6093,53,50,107,30,-6.123597161626503,20
6094,48,17,29,10,-6.127198243730572,7
6095,75,24,106,13,-6.144408215356854,11
6096,12,10,37,5,-6.145364992278579,5
6097,57,33,3,19,-6.145799929454896,14
6098,77,15,54,11,-6.147737137900236,4
6099,43,15,23,9,-6.148918923918837,6
6100,74,24,73,15,-6.15033234594065,9
6101,68,48,114,28,-6.151577271829131,20
6102,87,100,13,62,-6.153411703040403,38
6103,28,58,104,34,-6.1611678298334525,24
6104,36,47,13,29,-6.167141158071527,18
6105,93,10,80,5,-6.175234905241022,5
6106,114,15,72,8,-6.1771914592363135,7
6107,28,17,47,10,-6.182374184386464,7
6108,11,51,30,31,-6.183594465640991,20
6109,40,73,13,42,-6.184837754544506,31
6110,34,14,89,8,-6.186414991761213,6
6111,9,46,87,27,-6.192350375466503,19
6112,2,28,63,16,-6.200018491851488,12
6113,70,28,74,15,-6.203999405338757,13
6114,71,30,50,17,-6.204695227712774,13
6115,88,26,108,16,-6.206778138596414,10
6116,84,15,35,9,-6.209299301194261,6
6117,33,15,64,10,-6.212117552366027,5
6118,70,24,114,15,-6.214622620602995,9
6119,70,37,28,22,-6.2149266559981875,15
6120,58,14,55,8,-6.218287556947674,6
6121,100,15,53,9,-6.219411389232117,6
6122,94,10,95,5,-6.229015093991729,5
6123,5,48,114,28,-6.237633533478719,20
6124,103,19,88,10,-6.238827349504132,9
6125,63,49,37,30,-6.239339617220504,19
6126,43,23,64,14,-6.243099040961702,9
6127,51,53,104,34,-6.249711889194555,19
6128,83,18,39,11,-6.2510896629152946,7
6129,81,24,39,15,-6.2522820107309345,9
6130,30,40,29,25,-6.260770607059246,15
6131,55,65,107,38,-6.262965189618901,27
6132,19,36,13,23,-6.263152831598926,13
6133,95,12,15,7,-6.265255655621165,5
6134,81,33,15,19,-6.2673452888219074,14
6135,53,15,89,8,-6.26765697101517,7
6136,5,45,20,28,-6.270373633442779,17
6137,70,24,55,14,-6.2726471619319275,10
6138,4,21,86,13,-6.279484499549702,8
6139,30,32,18,19,-6.28089497324617,13
6140,8,34,18,22,-6.282344592473863,12
6141,4,15,12,10,-6.285579029533404,5
6142,40,17,92,10,-6.290833711086854,7
6143,53,14,58,7,-6.29343075549442,7
6144,102,36,28,21,-6.294379170221608,15
6145,9,55,16,36,-6.308995919117018,19
6146,87,51,23,31,-6.31018806055955,20
6147,88,51,63,32,-6.3108086639374505,19
6148,103,29,107,17,-6.31329391568841,12
6149,60,26,103,15,-6.313757124090246,11
6150,33,19,68,12,-6.331867165290327,7
6151,95,37,54,21,-6.333392985225777,16
6152,7,34,28,21,-6.339260574445828,13
6153,91,16,15,8,-6.341064031534599,8
6154,9,43,28,24,-6.342362216975378,19
6155,96,17,85,12,-6.345069391274803,5
6156,77,14,46,8,-6.346489877085672,6
6157,108,26,19,15,-6.350393793009971,11
6158,46,24,7,16,-6.3620461131037525,8
6159,37,10,56,6,-6.367440662879469,4
6160,102,15,33,9,-6.371524301983967,6
6161,19,21,8,13,-6.375645357313696,8
6162,91,49,16,32,-6.375760311143112,17
6163,27,16,28,11,-6.382931621067466,5
6164,47,32,107,19,-6.388799131361192,13
6165,96,13,33,6,-6.392035038140804,7
6166,103,14,18,9,-6.394395650528971,5
6167,49,12,79,8,-6.395374558799645,4
6168,103,19,43,12,-6.396904626354191,7
6169,8,43,13,26,-6.398491936801808,17
6170,37,20,80,12,-6.401050818487375,8
6171,43,31,69,18,-6.402817656860296,13
6172,55,21,48,13,-6.406579400537664,8
6173,72,11,6,6,-6.413604067518455,5
6174,65,38,64,22,-6.415105269042927,16
6175,62,20,7,12,-6.416308867276496,8
6176,3,33,78,18,-6.416390828547728,15
6177,63,33,64,19,-6.416872486726011,14
6178,23,10,61,6,-6.419517618014349,4
6179,48,28,84,17,-6.421668889523295,11
6180,98,21,108,12,-6.422836015811619,9
6181,80,23,96,14,-6.423400971659432,9
6182,57,30,69,19,-6.426659822386943,11
6183,100,21,75,11,-6.42687784088126,10
6184,68,42,76,28,-6.432494917060024,14
6185,30,31,53,18,-6.435311783368026,13
6186,79,12,39,8,-6.437313974618903,4
6187,103,10,9,6,-6.443196583257508,4
6188,8,11,58,6,-6.443712074888385,5
6189,112,17,104,10,-6.449220165667966,7
6190,91,20,8,12,-6.453847873736635,8
6191,10,15,11,9,-6.454288934219355,6
6192,15,18,108,11,-6.457248165244113,7
6193,108,10,47,6,-6.468563071332278,4
6194,68,11,98,7,-6.46992769597506,4
6195,87,50,78,30,-6.476955481741335,20
6196,45,17,41,11,-6.481894211723941,6
6197,97,56,86,33,-6.486588721597318,23
6198,8,33,78,20,-6.499222895598337,13
6199,50,35,60,19,-6.502388433089166,16
6200,100,13,20,8,-6.50325522303495,5
6201,55,29,74,17,-6.503619546467792,12
6202,65,66,55,39,-6.5120252706716855,27
6203,46,51,16,32,-6.512171867654425,19
6204,9,19,43,10,-6.516487550593223,9
6205,38,30,37,18,-6.5188975255259205,12
6206,64,16,44,10,-6.52641817446092,6
6207,38,12,102,9,-6.529266346603467,3
6208,80,13,91,8,-6.531108694088667,5
6209,65,29,72,17,-6.536977853075842,12
6210,107,12,26,7,-6.545382512387971,5
6211,66,14,88,9,-6.5475076602041735,5
6212,23,32,106,17,-6.549055396089183,15
6213,87,85,8,51,-6.565285886784533,34
6214,63,31,75,18,-6.570041946714361,13
6215,114,26,53,15,-6.571088082289223,11
6216,17,41,86,23,-6.574590310379946,18
6217,57,28,84,15,-6.577348977317856,13
6218,68,69,40,43,-6.582199138795174,26
6219,101,11,27,7,-6.582303845846215,4
6220,73,29,86,16,-6.584732384148774,13
6221,109,23,50,14,-6.59737646890257,9
6222,13,16,73,10,-6.598047492921338,6
6223,22,13,60,8,-6.601421861223266,5
6224,13,52,71,30,-6.60226683262218,22
6225,87,57,76,36,-6.610950229525221,21
6226,64,49,16,30,-6.621781791045984,19
6227,5,48,25,29,-6.626414170343123,19
6228,3,12,89,7,-6.631921145874355,5
6229,68,26,62,15,-6.635005761261159,11
6230,65,30,4,18,-6.635600395573754,12
6231,71,16,74,9,-6.635644376222863,7
6232,60,49,23,30,-6.637846899098563,19
6233,5,26,32,16,-6.647447060451904,10
6234,37,19,71,11,-6.653996053488668,8
6235,71,11,83,6,-6.6562053803338666,5
6236,54,20,85,13,-6.664179187550934,7
6237,68,40,54,25,-6.664511597084574,15
6238,88,15,14,9,-6.66936824683007,6
6239,29,46,65,28,-6.670792875820866,18
6240,89,36,51,23,-6.673825889522731,13
6241,31,38,64,23,-6.680717740842573,15
6242,54,11,99,7,-6.681725927932733,4
6243,48,17,100,10,-6.683873052775684,7
6244,94,21,3,12,-6.6945259095116985,9
6245,74,15,83,8,-6.7032980304888605,7
6246,87,46,18,27,-6.71020093921243,19
6247,97,35,28,22,-6.716635909782018,13
6248,55,32,30,20,-6.725062001131896,12
6249,23,49,13,27,-6.726537007513918,22
6250,20,11,43,6,-6.726970372628883,5
6251,96,38,74,24,-6.731828732252366,14
6252,70,63,54,38,-6.740490617059239,25
6253,80,13,41,8,-6.741244434437033,5
6254,77,30,12,18,-6.742992963364651,12
6255,71,10,94,6,-6.748460655059326,4
6256,65,24,45,13,-6.7494923907692135,11
6257,109,27,63,15,-6.749986635160675,12
6258,50,17,33,10,-6.750798742645289,7
6259,88,43,39,26,-6.751316626963761,17
6260,87,78,27,48,-6.768794455348769,30
6261,38,34,39,21,-6.771830878870733,13
6262,42,10,8,5,-6.780541784776636,5
6263,57,20,97,12,-6.781237277284942,8
6264,108,15,79,10,-6.783855393965386,5
6265,49,16,28,9,-6.801284823553006,7
6266,103,11,20,7,-6.80507831296062,4
6267,108,14,28,8,-6.806119384401873,6
6268,28,21,14,14,-6.807027415542907,7
6269,34,13,112,8,-6.808233282904802,5
6270,75,58,86,33,-6.8096287667181254,25
6271,102,22,50,12,-6.809919414830618,10
6272,109,11,89,7,-6.81531990803291,4
6273,9,12,72,7,-6.815404743606018,5
6274,4,13,56,7,-6.8162735158796925,6
6275,39,25,108,14,-6.818183477112843,11
6276,109,22,94,12,-6.819260229170755,10
6277,31,69,68,41,-6.821634358561019,28
6278,38,22,27,15,-6.8225480721889395,7
6279,103,19,54,13,-6.822625419861542,6
6280,37,29,30,19,-6.828235844394075,10
6281,106,25,95,16,-6.830338155584791,9
6282,29,15,20,9,-6.832826874702709,6
6283,72,28,85,18,-6.83697219501578,10
6284,109,60,16,37,-6.839893936386637,23
6285,60,62,39,36,-6.846993632230987,26
6286,66,18,30,12,-6.852995561397102,6
6287,4,43,60,24,-6.864343045215707,19
6288,99,15,106,10,-6.882359612487443,5
6289,11,32,12,19,-6.88848126291515,13
6290,35,19,27,12,-6.889601577867775,7
6291,67,13,88,9,-6.891493842154362,4
6292,50,28,95,17,-6.891870477756297,11
6293,14,16,39,9,-6.892280896151707,7
6294,3,31,41,21,-6.89461725911827,10
6295,49,81,39,51,-6.900466168563071,30
6296,19,76,87,47,-6.901204672243295,29
6297,68,21,58,13,-6.9046526848664955,8
6298,87,41,108,25,-6.9126986389495615,16
6299,34,15,106,8,-6.912913791967052,7
6300,76,31,98,19,-6.914503913195636,12
6301,40,39,87,22,-6.915208460636838,17
6302,13,44,47,27,-6.918967707744426,17
6303,103,21,109,12,-6.924430579250195,9
6304,63,68,51,39,-6.9318071028228925,29
6305,88,12,99,7,-6.939131232028662,5
6306,86,22,99,14,-6.9426106150461075,8
6307,51,47,15,28,-6.943413881570839,19
6308,51,25,4,16,-6.952578906103848,9
6309,104,18,32,12,-6.959225086389552,6
6310,36,34,16,21,-6.9623095532486765,13
6311,97,23,18,14,-6.9651635757198616,9
6312,86,21,45,13,-6.965581378488734,8
6313,55,20,17,11,-6.987444025974708,9
6314,5,15,62,9,-6.992708759597398,6
6315,69,13,40,9,-7.006717860168273,4
6316,100,27,23,16,-7.009589643156792,11
6317,108,24,48,15,-7.01405993754928,9
6318,68,16,80,10,-7.020946425736165,6
6319,40,15,95,9,-7.026458120737084,6
6320,18,59,16,37,-7.032123452105878,22
6321,76,33,13,21,-7.0384790052077,12
6322,49,25,75,15,-7.046279748381457,10
6323,51,17,35,10,-7.047942210096516,7
6324,69,20,104,13,-7.050658503403545,7
6325,18,25,63,16,-7.057051865944987,9
6326,36,18,99,12,-7.061516094995867,6
6327,62,14,17,8,-7.064031186672311,6
6328,25,50,37,29,-7.070541112352608,21
6329,63,30,98,18,-7.074142027349339,12
6330,91,12,64,8,-7.07590110309794,4
6331,51,30,34,18,-7.076884840746251,12
6332,53,10,85,7,-7.078145746437185,3
6333,88,137,16,85,-7.084435023872267,52
6334,94,19,69,12,-7.087672737054438,7
6335,68,26,72,16,-7.0895204907033165,10
6336,89,17,48,12,-7.093940889199018,5
6337,102,29,100,19,-7.094058761081432,10
6338,45,10,1,6,-7.100044646871245,4
6339,3,30,104,19,-7.107283026543045,11
6340,55,51,40,32,-7.109300201154281,19
6341,7,33,45,20,-7.1141476412284765,13
6342,83,30,86,20,-7.11486297608935,10
6343,45,12,30,8,-7.122960634637173,4
6344,107,12,67,8,-7.124134838046413,4
6345,51,100,7,63,-7.124169403819474,37
6346,93,12,13,7,-7.127658172301537,5
6347,87,41,34,25,-7.13987577820783,16
6348,69,12,111,7,-7.144443379259749,5
6349,109,48,11,30,-7.145052882792461,18
6350,51,26,97,17,-7.145200913148903,9
6351,15,37,60,22,-7.164523611355908,15
6352,14,14,86,8,-7.166696838482465,6
6353,112,16,36,10,-7.175574629533444,6
6354,45,11,49,7,-7.1803155778985435,4
6355,39,18,90,10,-7.188846058446482,8
6356,43,15,112,9,-7.1893251112725824,6
6357,43,44,100,26,-7.191733805948241,18
6358,95,14,14,9,-7.1971223272437035,5
6359,93,14,98,8,-7.212314028509714,6
6360,90,15,41,9,-7.225732946536368,6
6361,57,12,58,7,-7.2358962284082144,5
6362,11,45,100,28,-7.238621158497685,17
6363,40,27,114,18,-7.240772461331045,9
6364,43,51,107,31,-7.242880587203017,20
6365,5,14,31,9,-7.246607645789557,5
6366,96,12,69,8,-7.252755690648866,4
6367,18,10,61,6,-7.259552128825379,4
6368,81,19,75,12,-7.259552889264537,7
6369,70,16,110,10,-7.267896542251019,6
6370,96,84,86,52,-7.269360183001261,32
6371,68,20,55,13,-7.2739791513354835,7
6372,34,15,94,9,-7.2761384351010125,6
6373,54,18,2,12,-7.287492324178091,6
6374,40,31,43,18,-7.287691070183644,13
6375,68,32,23,18,-7.289923232946887,14
6376,39,28,91,17,-7.290499527253927,11
6377,9,23,11,14,-7.298808121542033,9
6378,98,27,5,16,-7.2988387616369135,11
6379,41,29,23,18,-7.298881565876134,11
6380,66,21,60,14,-7.300914124516515,7
6381,106,65,13,40,-7.303693924530705,25
6382,29,41,39,23,-7.304518646366591,18
6383,89,11,30,7,-7.308013110163145,4
6384,5,42,70,25,-7.323141246130925,17
6385,88,30,62,18,-7.323841783087015,12
6386,2,16,75,9,-7.332326563651876,7
6387,104,41,40,26,-7.342291894534158,15
6388,3,38,49,22,-7.3432239910291495,16
6389,114,18,23,12,-7.3449426375970175,6
6390,61,11,41,7,-7.351525315520968,4
6391,114,13,78,7,-7.362319764057865,6
6392,27,21,37,13,-7.364913856955693,8
6393,33,16,25,11,-7.365926272964513,5
6394,61,10,106,7,-7.366885826585401,3
6395,80,14,31,10,-7.367135464628979,4
6396,88,12,56,7,-7.371104573008601,5
6397,71,10,73,6,-7.37323406519455,4
6398,81,19,71,12,-7.374213709282576,7
6399,8,39,34,24,-7.376713752738503,15
6400,51,48,64,29,-7.3869058165331,19
6401,56,22,7,13,-7.387479337914442,9
6402,28,15,10,10,-7.394064388880875,5
6403,81,15,78,8,-7.394814002502611,7
6404,76,14,75,8,-7.401272000460671,6
6405,91,10,77,6,-7.405339289847274,4
6406,20,30,70,19,-7.408681007686707,11
6407,109,25,68,16,-7.412111880903938,9
6408,41,34,36,18,-7.412500474371832,16
6409,5,18,73,11,-7.416873021801379,7
6410,43,66,13,38,-7.440342784840274,28
6411,71,12,11,7,-7.444969376445685,5
6412,77,16,74,10,-7.445248923450912,6
6413,69,18,47,11,-7.454070061027654,7
6414,80,11,27,7,-7.461746767808682,4
6415,53,12,45,7,-7.463487107897498,5
6416,36,14,70,8,-7.476080415111225,6
6417,89,23,41,15,-7.477544889027711,8
6418,68,23,20,13,-7.482872234261611,10
6419,76,15,71,8,-7.4875920550169335,7
6420,1,28,16,19,-7.488361785520795,9
6421,48,24,34,14,-7.49331551414235,10
6422,109,21,7,13,-7.49374057253885,8
6423,37,14,78,9,-7.496652434328358,5
6424,93,10,64,5,-7.507177747442427,5
6425,31,11,6,6,-7.520489323813347,5
6426,55,11,6,8,-7.526848268362221,3
6427,7,16,33,9,-7.5321884826380465,7
6428,46,10,85,7,-7.538229298143683,3
6429,15,40,43,25,-7.542443432650492,15
6430,38,18,62,12,-7.5488298578543676,6
6431,102,26,107,15,-7.573199874403679,11
6432,112,31,53,17,-7.574348903828082,14
6433,112,17,58,10,-7.574468513714297,7
6434,85,12,3,6,-7.5842525005471515,6
6435,43,14,47,9,-7.5847096844373425,5
6436,114,31,28,18,-7.584853881328922,13
6437,36,10,72,6,-7.585561627806541,4
6438,84,18,103,10,-7.589982363677433,8
6439,36,20,18,12,-7.594902878501233,8
6440,91,20,51,13,-7.599736540322733,7
6441,69,18,72,11,-7.6008233213034675,7
6442,27,14,71,9,-7.620974472293361,5
6443,39,63,30,37,-7.636348270662192,26
6444,3,28,28,17,-7.638630473496032,11
6445,5,29,97,19,-7.6394183021151285,10
6446,96,13,15,8,-7.641753691009956,5
6447,60,11,70,7,-7.646435749026205,4
6448,31,13,33,7,-7.647223417443057,6
6449,76,31,15,19,-7.652278481902119,12
6450,53,24,41,15,-7.658578683597692,9
6451,96,24,37,14,-7.665844925696508,10
6452,77,31,41,21,-7.66915833105624,10
6453,9,38,8,21,-7.6727541362269935,17
6454,70,39,87,22,-7.68015007462121,17
6455,54,22,71,13,-7.686527692328838,9
6456,63,22,90,13,-7.686561569055609,9
6457,11,32,5,20,-7.687442157533872,12
6458,12,24,53,14,-7.68930492278923,10
6459,7,25,111,15,-7.690323425771979,10
6460,96,11,62,8,-7.693312023908734,3
6461,1,28,86,17,-7.696680317913665,11
6462,68,61,75,39,-7.698232004910779,22
6463,6,24,44,16,-7.699216026117287,8
6464,96,21,114,13,-7.708209589747937,8
6465,104,17,78,11,-7.72449974280056,6
6466,101,14,16,9,-7.729447625525019,5
6467,46,13,27,9,-7.7318499922390655,4
6468,57,17,108,10,-7.738005960337112,7
6469,84,11,44,6,-7.74146437073986,5
6470,46,11,15,7,-7.742583584977325,4
6471,68,29,28,19,-7.748993038967355,10
6472,51,19,111,12,-7.750696049131197,7
6473,73,11,53,7,-7.756297558195459,4
6474,34,16,72,10,-7.772920364347149,6
6475,114,14,92,10,-7.774797164908201,4
6476,43,18,17,11,-7.779410969380073,7
6477,111,10,47,6,-7.786638633209638,4
6478,13,25,111,14,-7.788425056310505,11
6479,31,31,107,16,-7.788469010128701,15
6480,110,12,114,8,-7.800316810979699,4
6481,47,29,75,20,-7.802637218083722,9
6482,46,46,25,27,-7.8204011950255445,19
6483,108,14,54,10,-7.821734358546889,4
6484,17,22,5,15,-7.829641724195978,7
6485,93,16,70,10,-7.834949393241651,6
6486,1,20,114,13,-7.837742070296789,7
6487,60,19,94,12,-7.8405965016416,7
6488,38,15,103,11,-7.85632305121623,4
6489,92,16,16,12,-7.8586758925559135,4
6490,91,26,106,17,-7.859341034872009,9
6491,10,12,23,7,-7.85948423488221,5
6492,35,12,44,7,-7.859665557157527,5
6493,2,30,28,19,-7.862984699152352,11
6494,30,15,74,9,-7.866164013267471,6
6495,90,25,114,15,-7.8701656835045455,10
6496,40,34,54,21,-7.877426017050995,13
6497,54,11,61,7,-7.891370825375349,4
6498,77,36,100,23,-7.8937700982811645,13
6499,87,30,80,19,-7.89956688878032,11
6500,29,16,17,9,-7.89967630532443,7
6501,90,14,53,9,-7.9010322992925905,5
6502,31,11,78,6,-7.904414780494012,5
6503,109,15,91,9,-7.909273763301175,6
6504,82,10,88,6,-7.912578083642501,4
6505,64,23,17,14,-7.9371107758094945,9
6506,71,19,98,12,-7.940784287039028,7
6507,83,10,98,7,-7.946776918388257,3
6508,15,26,12,16,-7.947105545908148,10
6509,38,25,11,16,-7.953691901498231,9
6510,30,17,114,10,-7.9585887197144976,7
6511,50,44,75,29,-7.963443352466475,15
6512,13,56,30,35,-7.985423855556956,21
6513,84,28,5,17,-7.986435375626319,11
6514,40,16,98,9,-7.993416961646093,7
6515,96,19,102,12,-7.995631160966492,7
6516,30,16,112,11,-8.002240454922296,5
6517,18,53,13,33,-8.007631805605524,20
6518,98,31,91,19,-8.010154956050261,12
6519,5,28,65,17,-8.01209130053563,11
6520,9,11,35,6,-8.012816785902416,5
6521,52,12,63,7,-8.01519600341839,5
6522,15,15,35,8,-8.022752633552923,7
6523,37,22,49,13,-8.028262573829636,9
6524,38,27,63,19,-8.035551882917902,8
6525,48,15,98,10,-8.040930745507076,5
6526,55,78,16,50,-8.046061626286075,28
6527,47,18,9,11,-8.046612767203923,7
6528,102,16,75,11,-8.04721906343612,5
6529,37,19,89,10,-8.048334757683454,9
6530,84,36,20,25,-8.048616703285953,11
6531,46,15,19,9,-8.056646218005667,6
6532,68,29,97,18,-8.0623155896758,11
6533,55,23,27,16,-8.063317604605786,7
6534,86,44,98,27,-8.07123889255168,17
6535,39,19,110,13,-8.071999499945951,6
6536,70,18,50,10,-8.072010588554928,8
6537,97,16,110,10,-8.077466293642962,6
6538,32,17,8,10,-8.079749532998788,7
6539,4,17,43,10,-8.083539648296876,7
6540,51,14,73,9,-8.097743889322738,5
6541,19,36,103,22,-8.100617120715636,14
6542,111,11,81,8,-8.120062859865858,3
6543,98,12,9,7,-8.123745049728663,5
6544,18,32,68,20,-8.124281581571267,12
6545,110,11,20,7,-8.125291114928709,4
6546,63,80,16,50,-8.131556117534755,30
6547,55,36,50,21,-8.131693382626928,15
6548,61,17,107,10,-8.134950583984786,7
6549,107,14,56,8,-8.14241374429404,6
6550,112,10,4,6,-8.145974306589785,4
6551,64,19,70,13,-8.153009023968611,6
6552,45,12,15,8,-8.153486583178362,4
6553,104,27,49,17,-8.170229238591212,10
6554,92,18,51,11,-8.176167071622316,7
6555,12,38,60,21,-8.176704391599657,17
6556,57,16,38,9,-8.179065570967875,7
6557,51,30,94,19,-8.188387798869616,11
6558,68,71,39,43,-8.190418917898802,28
6559,6,13,15,9,-8.19523827095456,4
6560,57,17,75,11,-8.19573859465214,6
6561,61,10,43,6,-8.197501979978238,4
6562,81,11,80,6,-8.214427134711952,5
6563,40,14,112,8,-8.221202026655064,6
6564,78,26,76,18,-8.222243964722065,8
6565,71,10,99,6,-8.224966300288866,4
6566,7,31,37,19,-8.226042864777217,12
6567,106,21,69,13,-8.230262561693126,8
6568,83,15,11,10,-8.230715708736337,5
6569,78,33,39,21,-8.23120894198311,12
6570,1,18,75,12,-8.241769187322507,6
6571,76,10,93,6,-8.25053412937542,4
6572,47,12,85,9,-8.252970893280143,3
6573,14,12,37,7,-8.266467835075428,5
6574,91,18,41,12,-8.276671952774398,6
6575,79,14,15,8,-8.279617988476957,6
6576,57,22,62,15,-8.282890505105964,7
6577,106,31,90,21,-8.283845461248367,10
6578,15,17,48,10,-8.294674307198187,7
6579,29,24,49,15,-8.30024160945298,9
6580,56,17,86,11,-8.300855291965847,6
6581,63,13,92,7,-8.301235837359338,6
6582,29,25,98,16,-8.302046476403797,9
6583,46,43,37,29,-8.306667442353499,14
6584,109,16,93,10,-8.308998271060947,6
6585,72,25,76,17,-8.309464568911439,8
6586,51,20,79,11,-8.309517555811905,9
6587,84,28,30,19,-8.312213416268422,9
6588,109,24,74,16,-8.318687412056486,8
6589,9,15,25,10,-8.323455878342044,5
6590,57,17,23,10,-8.325705463814286,7
6591,76,55,16,32,-8.329101044974601,23
6592,86,30,44,19,-8.339333779949047,11
6593,89,11,10,7,-8.341464117822113,4
6594,96,25,48,16,-8.343995751105185,9
6595,60,39,100,25,-8.344508729632222,14
6596,31,33,41,21,-8.353957395244581,12
6597,5,22,7,14,-8.357081514884822,8
6598,25,45,7,29,-8.372806618348298,16
6599,19,23,17,15,-8.388951890856246,8
6600,88,46,15,32,-8.389147444595901,14
6601,3,64,13,41,-8.391574104919602,23
6602,61,12,69,9,-8.397253145469623,3
6603,114,19,76,13,-8.409978744602123,6
6604,67,14,109,7,-8.410228891959633,7
6605,94,31,39,19,-8.42217817721438,12
6606,90,19,73,12,-8.42410199186246,7
6607,103,23,49,14,-8.430062008794607,9
6608,114,20,55,13,-8.432483182241098,7
6609,29,13,74,8,-8.434907133314152,5
6610,70,24,96,13,-8.43741799102626,11
6611,41,24,8,16,-8.446748885751395,8
6612,39,28,58,17,-8.44913825818417,11
6613,96,14,95,9,-8.450373982592186,5
6614,39,49,18,31,-8.45216636957102,18
6615,20,37,63,22,-8.464473402081476,15
6616,48,20,50,13,-8.466418162124782,7
6617,60,42,104,29,-8.478948441293786,13
6618,81,21,77,13,-8.48938710075869,8
6619,37,15,29,9,-8.491699980771868,6
6620,40,28,64,18,-8.496071624321132,10
6621,109,10,33,6,-8.506616474826913,4
6622,78,10,91,6,-8.509891184332398,4
6623,8,35,95,21,-8.511725721270736,14
6624,77,11,80,7,-8.51548819382583,4
6625,69,22,81,13,-8.51799786685539,9
6626,61,20,53,14,-8.524850655507475,6
6627,63,11,110,7,-8.534985747455591,4
6628,35,12,94,7,-8.545638882275085,5
6629,107,26,33,15,-8.550231212849106,11
6630,2,11,94,7,-8.550586885180524,4
6631,36,11,78,7,-8.552435160203325,4
6632,68,23,103,14,-8.554646323444773,9
6633,16,14,26,8,-8.561151203860886,6
6634,71,13,91,8,-8.567246551132914,5
6635,84,25,104,15,-8.56947534453975,10
6636,93,10,49,6,-8.572163796775678,4
6637,104,22,9,14,-8.574493523715214,8
6638,55,23,95,15,-8.575006509864881,8
6639,38,14,94,9,-8.588521468701916,5
6640,87,22,4,15,-8.590843038311565,7
6641,48,41,63,26,-8.591649372014341,15
6642,107,34,2,22,-8.596357154255273,12
6643,6,22,13,14,-8.600067561462975,8
6644,14,22,16,14,-8.606971231031414,8
6645,34,31,78,19,-8.617783805898934,12
6646,109,28,57,17,-8.64925729609734,11
6647,69,33,60,19,-8.651136747788069,14
6648,72,18,57,13,-8.656042983673217,5
6649,8,28,73,17,-8.656865963639591,11
6650,58,12,70,8,-8.66252309250944,4
6651,54,11,53,7,-8.670288326383611,4
6652,31,12,19,8,-8.676840084796208,4
6653,112,30,27,19,-8.685425209929864,11
6654,53,13,49,8,-8.69701289035937,5
6655,27,34,54,21,-8.710685091224436,13
6656,66,14,7,8,-8.725121734272053,6
6657,17,22,4,15,-8.727735068009611,7
6658,32,11,65,7,-8.739314169667134,4
6659,45,11,100,7,-8.741854306775865,4
6660,106,14,38,7,-8.745019433529976,7
6661,12,49,100,31,-8.747229844038117,18
6662,85,12,41,7,-8.754152386383815,5
6663,52,16,28,10,-8.757305556361812,6
6664,84,34,8,22,-8.76285424467774,12
6665,84,37,74,21,-8.764103490564016,16
6666,62,19,53,12,-8.774535122161456,7
6667,99,14,77,10,-8.784719144285264,4
6668,46,12,6,7,-8.79137101803374,5
6669,19,18,63,12,-8.792724982250471,6
6670,42,10,106,7,-8.802546839644405,3
6671,47,18,36,12,-8.810892372607714,6
6672,16,25,6,14,-8.811116087365601,11
6673,19,19,84,12,-8.81339664085273,7
6674,77,22,63,15,-8.819997532642512,7
6675,36,19,63,12,-8.822881427312195,7
6676,18,18,47,12,-8.827723884174087,6
6677,33,28,51,20,-8.842467587731502,8
6678,87,15,32,10,-8.844155029434871,5
6679,1,15,37,9,-8.845768047127494,6
6680,3,20,20,13,-8.846112059849585,7
6681,60,28,47,18,-8.854852442447157,10
6682,52,26,86,17,-8.860510586631694,9
6683,12,15,6,8,-8.87368712650089,7
6684,98,12,112,8,-8.873991556640123,4
6685,103,23,89,14,-8.876083953057382,9
6686,107,24,45,15,-8.882581208643296,9
6687,103,37,11,26,-8.883524407312112,11
6688,97,12,69,8,-8.888377862411462,4
6689,53,30,27,20,-8.892087302529346,10
6690,112,25,60,16,-8.892237229267325,9
6691,52,10,76,6,-8.902002264737622,4
6692,77,37,27,24,-8.90231785747824,13
6693,25,19,110,13,-8.91770167255822,6
6694,88,10,26,6,-8.919527282390273,4
6695,29,29,84,18,-8.921575167609983,11
6696,31,12,73,8,-8.93891957013575,4
6697,74,26,51,18,-8.938947542412071,8
6698,70,11,73,6,-8.941351293720283,5
6699,65,29,18,18,-8.945594040325457,11
6700,114,20,47,12,-8.969382880850311,8
6701,36,18,97,11,-8.970668153566258,7
6702,89,16,63,11,-8.974860507493936,5
6703,107,26,111,15,-8.980921347663005,11
6704,38,34,30,24,-8.98771819596022,10
6705,80,15,78,10,-8.990142670025016,5
6706,93,14,30,9,-8.997367289185709,5
6707,65,25,1,15,-9.00217902882169,10
6708,5,64,8,40,-9.002251377410767,24
6709,50,19,85,12,-9.007921978503544,7
6710,36,15,5,9,-9.008614310253616,6
6711,83,24,13,15,-9.019898615590664,9
6712,104,13,72,8,-9.02876607383453,5
6713,87,55,7,36,-9.031940434035896,19
6714,13,24,90,16,-9.032620362184462,8
6715,9,23,20,15,-9.03877017445141,8
6716,42,10,16,6,-9.042303853739885,4
6717,39,16,111,10,-9.04881859886048,6
6718,65,17,85,11,-9.053734140937445,6
6719,12,22,30,14,-9.054184425431732,8
6720,51,31,95,21,-9.0604562345489,10
6721,107,39,80,26,-9.074881524481428,13
6722,40,16,57,10,-9.07504759076948,6
6723,103,13,8,9,-9.07547283643557,4
6724,107,54,57,33,-9.078700261285771,21
6725,75,12,94,8,-9.08090116606965,4
6726,76,42,63,28,-9.095548156513598,14
6727,15,18,58,12,-9.107099163408304,6
6728,31,15,109,10,-9.113887572404181,5
6729,17,11,92,7,-9.114563540800479,4
6730,51,34,72,20,-9.116032162946548,14
6731,2,13,57,8,-9.119959996501732,5
6732,112,23,28,15,-9.120223564016392,8
6733,5,11,1,7,-9.143641454097294,4
6734,15,46,27,28,-9.146833997351342,18
6735,5,43,50,26,-9.15604936984071,17
6736,10,14,76,9,-9.15717818444399,5
6737,63,21,62,13,-9.161474645821354,8
6738,61,12,75,7,-9.169495709034498,5
6739,37,15,34,10,-9.170559355322496,5
6740,29,22,112,14,-9.17461030773198,8
6741,58,19,54,11,-9.183988111852093,8
6742,3,35,72,21,-9.184646039383031,14
6743,63,16,81,10,-9.193429569946275,6
6744,114,21,95,13,-9.195016624238175,8
6745,3,28,40,19,-9.202268323423779,9
6746,9,11,90,7,-9.202760560094713,4
6747,41,10,79,6,-9.204704069079497,4
6748,69,40,49,23,-9.212563576492524,17
6749,93,14,62,8,-9.214086704299504,6
6750,3,10,6,6,-9.218279048257845,4
6751,68,22,34,14,-9.223132933256244,8
6752,20,23,91,14,-9.233435902067155,9
6753,39,26,74,16,-9.23830751990649,10
6754,88,34,30,20,-9.246002926232094,14
6755,69,20,29,12,-9.248313015601624,8
6756,90,13,3,8,-9.249544176835473,5
6757,72,12,55,8,-9.264849417303106,4
6758,93,27,87,17,-9.265524424049662,10
6759,106,12,78,8,-9.274742533638902,4
6760,40,24,62,13,-9.275726600058688,11
6761,91,14,33,8,-9.295795343540846,6
6762,9,30,18,20,-9.325317307118524,10
6763,81,13,54,8,-9.33569894630605,5
6764,46,27,57,17,-9.344538995427152,10
6765,87,20,1,12,-9.344990956449259,8
6766,28,12,26,8,-9.352858082446945,4
6767,62,24,28,15,-9.3614354821999,9
6768,12,19,28,13,-9.36472715251189,6
6769,89,10,23,7,-9.36938210312373,3
6770,4,16,27,10,-9.378715415982098,6
6771,41,36,100,23,-9.381375330902392,13
6772,95,13,29,8,-9.382021477576465,5
6773,54,14,73,9,-9.382932635383147,5
6774,8,35,68,22,-9.383705775915503,13
6775,36,11,109,8,-9.390936468630551,3
6776,69,17,70,12,-9.40215032419605,5
6777,60,54,27,37,-9.403592600006062,17
6778,56,13,16,9,-9.403965360554952,4
6779,69,26,63,17,-9.418073544330804,9
6780,2,15,13,9,-9.422510080465477,6
6781,66,15,13,10,-9.423769127657131,5
6782,27,87,16,56,-9.424723753734751,31
6783,43,28,49,19,-9.426048088184674,9
6784,91,26,30,18,-9.427060372061137,8
6785,63,11,32,7,-9.44232166344675,4
6786,114,12,89,7,-9.444885030105084,5
6787,76,35,23,22,-9.453849648482663,13
6788,27,17,17,10,-9.460737631704882,7
6789,89,25,11,17,-9.473905386940325,8
6790,5,29,75,17,-9.487135559909316,12
6791,99,22,37,15,-9.502759058160704,7
6792,2,13,114,8,-9.509158562417845,5
6793,69,13,33,8,-9.51115802646404,5
6794,36,17,8,11,-9.51236026695053,6
6795,25,32,20,21,-9.520523686179047,11
6796,31,22,1,13,-9.525804060927038,9
6797,97,11,92,6,-9.525917165548371,5
6798,75,11,20,7,-9.527707505687728,4
6799,51,10,42,7,-9.543588102916445,3
6800,106,26,39,16,-9.547502317564263,10
6801,12,34,94,21,-9.548988489200944,13
6802,3,17,17,10,-9.55033737225928,7
6803,31,28,27,16,-9.569633624787402,12
6804,3,18,47,12,-9.572563324649543,6
6805,7,20,73,12,-9.582485903794176,8
6806,31,10,92,6,-9.586105290347549,4
6807,9,28,76,19,-9.591794162872961,9
6808,13,26,26,18,-9.602286103777363,8
6809,84,18,83,11,-9.609473734372155,7
6810,8,14,99,8,-9.611065592860319,6
6811,30,17,80,11,-9.61803117509945,6
6812,29,19,46,10,-9.620601125954796,9
6813,109,17,70,11,-9.623350653501724,6
6814,8,40,75,27,-9.637059553855455,13
6815,114,10,22,5,-9.649313306364826,5
6816,88,11,21,7,-9.65721273441522,4
6817,87,29,102,19,-9.659456627337187,10
6818,71,12,100,8,-9.660687520316314,4
6819,50,21,77,15,-9.66669596040321,6
6820,19,18,18,12,-9.671027434005147,6
6821,65,18,79,11,-9.675692837298339,7
6822,109,58,54,39,-9.676953395113689,19
6823,45,21,60,13,-9.677047968687356,8
6824,112,22,88,14,-9.681832903230308,8
6825,64,12,66,8,-9.686533226244313,4
6826,114,34,8,23,-9.699231858321156,11
6827,60,36,54,24,-9.707070384628162,12
6828,111,18,28,12,-9.712251206209237,6
6829,8,15,52,10,-9.715026692600484,5
6830,31,19,43,9,-9.72085277355369,10
6831,89,16,19,11,-9.73668729271828,5
6832,84,52,63,32,-9.747162233837335,20
6833,112,27,39,17,-9.753849767447482,10
6834,70,14,34,9,-9.755416516876583,5
6835,3,20,38,13,-9.756465034901842,7
6836,13,37,108,24,-9.76086171077813,13
6837,109,50,107,33,-9.773866073654954,17
6838,88,46,53,31,-9.781930601580566,15
6839,83,24,37,15,-9.78372636697842,9
6840,23,26,49,17,-9.783761857204425,9
6841,9,28,64,19,-9.786359712966286,9
6842,29,38,60,24,-9.791802980653232,14
6843,62,16,114,10,-9.799890996069497,6
6844,70,10,111,6,-9.807746966138032,4
6845,18,24,106,16,-9.811498602513076,8
6846,79,18,104,11,-9.811537818194267,7
6847,3,12,80,7,-9.8150650171119,5
6848,17,24,40,16,-9.815776001763272,8
6849,13,23,44,15,-9.816634162051663,8
6850,58,12,72,8,-9.822046090759143,4
6851,57,13,54,10,-9.824315369895022,3
6852,96,26,7,18,-9.825450759982106,8
6853,62,13,18,9,-9.836449313736406,4
6854,98,10,53,6,-9.839111782848333,4
6855,31,32,9,21,-9.853659783790295,11
6856,29,36,100,23,-9.854950363543345,13
6857,71,15,17,9,-9.87407872077162,6
6858,16,20,110,13,-9.893450419413215,7
6859,64,12,85,8,-9.89511233166771,4
6860,33,10,15,7,-9.911800000475989,3
6861,70,18,30,11,-9.913973705469942,7
6862,57,11,1,7,-9.916035104284749,4
6863,46,42,74,28,-9.91934754308771,14
6864,2,10,95,7,-9.920312629990494,3
6865,66,13,104,10,-9.923020394172243,3
6866,86,31,29,21,-9.92799906513859,10
6867,20,44,39,27,-9.935733230547791,17
6868,63,10,6,6,-9.937889152099226,4
6869,90,14,46,9,-9.960134782518509,5
6870,102,12,89,7,-9.960584439425153,5
6871,77,26,43,17,-9.97263393724616,9
6872,61,15,6,10,-9.976861344972216,5
6873,19,10,99,7,-9.983244859068366,3
6874,12,16,114,9,-9.985343546707199,7
6875,65,25,95,16,-9.987438820754926,9
6876,61,11,58,7,-9.991140661268366,4
6877,12,28,104,19,-9.997064443952299,9
6878,71,23,104,14,-10.004145398382484,9
6879,63,19,111,12,-10.01291034850113,7
6880,72,21,28,14,-10.026127135244147,7
6881,107,13,110,9,-10.034721322746929,4
6882,3,10,70,7,-10.036631807498473,3
6883,43,11,80,7,-10.040501076551806,4
6884,93,50,65,31,-10.042079956035632,19
6885,103,13,104,8,-10.042344107934962,5
6886,61,16,30,11,-10.045667078233517,5
6887,38,10,44,7,-10.048373138060265,3
6888,10,16,107,10,-10.056408787562024,6
6889,40,18,73,12,-10.060776256522114,6
6890,76,16,64,10,-10.071620985041546,6
6891,66,19,65,13,-10.074291419797634,6
6892,49,16,40,10,-10.077718304922938,6
6893,36,36,53,25,-10.114732824687984,11
6894,31,37,53,23,-10.136338371296794,14
6895,23,11,96,7,-10.143008283174428,4
6896,20,41,50,27,-10.147144974204984,14
6897,68,16,92,11,-10.147306838487292,5
6898,35,31,76,20,-10.147473531625216,11
6899,107,44,12,31,-10.16896739229528,13
6900,43,24,54,15,-10.170685643554325,9
6901,9,12,6,7,-10.175309866966636,5
6902,106,68,16,46,-10.177844858868195,22
6903,27,14,22,9,-10.193537492582191,5
6904,48,14,90,9,-10.193948361787585,5
6905,33,13,71,9,-10.195530501937558,4
6906,2,15,98,9,-10.19860338932166,6
6907,37,42,97,28,-10.199316810918765,14
6908,104,19,90,12,-10.205908373136614,7
6909,31,17,30,10,-10.214096274935347,7
6910,48,10,97,6,-10.221233545434696,4
6911,60,49,64,34,-10.225579774670623,15
6912,96,49,16,35,-10.230768867165024,14
6913,79,12,75,8,-10.235318929578343,4
6914,106,18,12,13,-10.245560433617426,5
6915,106,16,67,10,-10.25216143423421,6
6916,112,12,91,8,-10.264176950121664,4
6917,53,21,43,15,-10.284664483279865,6
6918,91,20,43,14,-10.319641089398724,6
6919,19,50,27,34,-10.322720990335483,16
6920,28,37,74,24,-10.332746781815512,13
6921,54,48,37,32,-10.345446907641223,16
6922,102,16,40,10,-10.346146758066931,6
6923,7,10,94,7,-10.355621654064777,3
6924,88,39,50,25,-10.36486098410092,14
6925,93,16,106,10,-10.37915501513517,6
6926,41,36,11,25,-10.379563011526507,11
6927,81,10,62,7,-10.381128876663766,3
6928,38,12,49,9,-10.381808513494702,3
6929,48,19,72,11,-10.390053523776759,8
6930,86,20,92,12,-10.390718106028089,8
6931,10,16,63,11,-10.390771257176635,5
6932,49,20,47,14,-10.39237809847041,6
6933,75,40,28,27,-10.392665070295683,13
6934,81,21,19,14,-10.4227612410005,7
6935,94,15,9,9,-10.428736566666437,6
6936,46,15,78,9,-10.43532016213296,6
6937,85,20,30,13,-10.510030437811338,7
6938,26,10,8,6,-10.512024852650756,4
6939,39,23,109,16,-10.513513507021568,7
6940,36,27,27,17,-10.52334959933135,10
6941,97,19,71,13,-10.523533962196904,6
6942,90,12,93,8,-10.530779388732013,4
6943,68,19,50,11,-10.535408083030939,8
6944,47,17,23,12,-10.535721291866684,5
6945,12,19,74,13,-10.540285470313428,6
6946,40,17,28,10,-10.551622113062642,7
6947,102,13,64,9,-10.555701452012437,4
6948,9,15,95,9,-10.569002592922947,6
6949,47,15,78,9,-10.571891033683887,6
6950,75,26,104,17,-10.574353916694225,9
6951,91,31,7,22,-10.609100286101581,9
6952,103,13,28,9,-10.609246701939707,4
6953,18,13,109,8,-10.661050401191993,5
6954,33,17,63,11,-10.66390349401416,6
6955,36,13,43,8,-10.71355202500855,5
6956,60,19,37,11,-10.713928216657274,8
6957,111,11,54,8,-10.714143810197234,3
6958,91,12,11,9,-10.737589094202365,3
6959,60,19,5,13,-10.737943337535816,6
6960,89,12,26,8,-10.74074513255954,4
6961,108,14,106,10,-10.746780907865295,4
6962,91,15,23,9,-10.74878606870166,6
6963,7,11,59,8,-10.771239818059202,3
6964,13,12,101,9,-10.774607059056445,3
6965,91,25,55,18,-10.791612827626555,7
6966,90,11,12,8,-10.792345367888727,3
6967,10,16,16,11,-10.80445582682855,5
6968,75,12,85,9,-10.804683773311504,3
6969,81,17,106,10,-10.816681182916206,7
6970,49,41,100,27,-10.823492275625211,14
6971,77,32,104,21,-10.833725252578546,11
6972,81,15,11,10,-10.851443298256324,5
6973,67,17,86,11,-10.856458271232293,6
6974,106,13,79,9,-10.885501834452416,4
6975,9,22,48,15,-10.894666127588817,7
6976,89,23,27,16,-10.916667031315177,7
6977,64,28,55,20,-10.91721792901183,8
6978,39,17,44,11,-10.931701642504198,6
6979,41,12,6,7,-10.932480964173765,5
6980,28,48,63,33,-10.937243385325445,15
6981,58,29,65,19,-10.961146082647755,10
6982,29,19,72,12,-10.964372581054949,7
6983,91,37,63,26,-10.969349538743971,11
6984,48,19,78,13,-10.970643433777504,6
6985,33,10,108,8,-10.973473020601881,2
6986,97,25,13,16,-10.985857531237668,9
6987,110,20,51,14,-11.00014817045874,6
6988,3,22,53,15,-11.007131213530162,7
6989,46,13,100,9,-11.008373565977177,4
6990,71,13,15,9,-11.00914391321025,4
6991,65,56,100,38,-11.012297063888093,18
6992,92,14,41,9,-11.016394202336146,5
6993,60,31,91,19,-11.033330949428786,12
6994,84,10,47,7,-11.043789003229907,3
6995,32,17,16,11,-11.045561391190382,6
6996,114,12,32,8,-11.045874107216173,4
6997,1,39,55,27,-11.047135752371084,12
6998,65,27,38,17,-11.074356765807053,10
6999,23,18,72,12,-11.095824509208407,6
7000,112,29,64,21,-11.096215333139426,8
7001,84,36,11,24,-11.100193468531897,12
7002,57,23,79,15,-11.100381889906581,8
7003,32,13,74,9,-11.101664191982367,4
7004,102,12,46,8,-11.102504599435605,4
7005,70,15,46,10,-11.123543654837011,5
7006,66,12,78,8,-11.131528298187064,4
7007,45,12,58,8,-11.132316744798052,4
7008,11,34,104,23,-11.141180204048963,11
7009,76,18,74,11,-11.14652874121179,7
7010,84,11,77,8,-11.14680319626867,3
7011,1,13,78,9,-11.156578268103178,4
7012,1,11,89,7,-11.209011069389929,4
7013,3,15,25,10,-11.214634960222725,5
7014,96,20,46,12,-11.223825219116964,8
7015,39,12,45,7,-11.230688824941204,5
7016,68,25,25,17,-11.235607083018877,8
7017,106,25,46,15,-11.236273437212292,10
7018,17,23,53,16,-11.244737606744525,7
7019,91,37,87,26,-11.245446126548853,11
7020,76,21,34,13,-11.25579697597524,8
7021,70,11,83,6,-11.265042422069474,5
7022,68,37,100,24,-11.267713662407388,13
7023,7,52,75,35,-11.274663385996204,17
7024,55,14,2,9,-11.27681615957405,5
7025,27,11,111,8,-11.279710088837584,3
7026,5,10,80,7,-11.295210617596888,3
7027,91,13,69,8,-11.30407928014614,5
7028,55,15,49,10,-11.3111037781176,5
7029,44,15,104,10,-11.332078649569059,5
7030,112,11,108,7,-11.335603356831967,4
7031,66,15,58,11,-11.346720879682533,4
7032,108,11,52,8,-11.346744817608853,3
7033,53,17,78,11,-11.357198680475333,6
7034,38,11,4,8,-11.395009854616482,3
7035,75,10,73,5,-11.395199340418813,5
7036,54,39,75,25,-11.408133317564461,14
7037,60,20,34,14,-11.434147211488856,6
7038,86,38,102,26,-11.442450297093961,12
7039,106,41,114,27,-11.462749893343949,14
7040,89,10,94,8,-11.466175489745245,2
7041,37,12,68,8,-11.49658369134707,4
7042,75,14,98,9,-11.49709370731316,5
7043,65,11,35,8,-11.518581403700487,3
7044,77,21,98,15,-11.52597944233578,6
7045,7,12,110,7,-11.526061320417648,5
7046,84,12,18,8,-11.52667869126048,4
7047,46,14,53,9,-11.556347535591735,5
7048,87,13,21,9,-11.56318091799384,4
7049,71,10,111,7,-11.563837134119526,3
7050,104,16,36,10,-11.564722196156032,6
7051,11,11,23,8,-11.568338446113305,3
7052,34,17,102,12,-11.589345586040313,5
7053,70,23,11,16,-11.609570033059047,7
7054,29,16,75,10,-11.609985031917772,6
7055,103,18,55,13,-11.61383361779385,5
7056,38,17,75,13,-11.628826987325251,4
7057,77,49,16,33,-11.631795909949023,16
7058,110,10,11,8,-11.637838089699006,2
7059,40,12,100,8,-11.638460148115913,4
7060,23,23,55,14,-11.64391055385205,9
7061,19,26,7,19,-11.65176644692338,7
7062,112,16,38,12,-11.658656299185449,4
7063,81,10,8,7,-11.678569579324545,3
7064,28,23,34,16,-11.682170467841415,7
7065,46,14,98,9,-11.686706496340811,5
7066,53,12,72,8,-11.6910487293664,4
7067,96,13,91,9,-11.69285419312405,4
7068,109,14,81,10,-11.703106695945644,4
7069,43,25,55,19,-11.714024478286158,6
7070,69,12,34,10,-11.742698738008174,2
7071,102,17,63,11,-11.747209471298389,6
7072,33,10,29,7,-11.74871410796084,3
7073,60,24,74,15,-11.762098333048542,9
7074,9,35,15,21,-11.764798522569034,14
7075,19,18,55,12,-11.76786180344628,6
7076,94,19,62,13,-11.771555517167426,6
7077,81,21,49,13,-11.780141471258917,8
7078,62,10,112,7,-11.78047192200998,3
7079,81,34,51,22,-11.790201731891964,12
7080,54,10,44,7,-11.791894285038762,3
7081,40,21,8,15,-11.79192140237277,6
7082,57,22,94,15,-11.796472246977714,7
7083,89,20,76,14,-11.806616453007383,6
7084,109,11,92,8,-11.825872450184745,3
7085,114,38,87,24,-11.829889255675036,14
7086,38,16,53,11,-11.864509466472805,5
7087,12,11,79,7,-11.866943529008417,4
7088,53,14,8,10,-11.896656881070545,4
7089,31,18,98,11,-11.908816140421925,7
7090,77,17,71,12,-11.915487518479782,5
7091,68,16,108,11,-11.92861631232352,5
7092,29,23,64,17,-11.93158428169411,6
7093,65,46,114,30,-11.938229846486394,16
7094,57,27,70,17,-11.940546365796532,10
7095,81,13,28,9,-11.947384191502275,4
7096,18,27,95,18,-11.951490678023534,9
7097,57,22,76,16,-11.963037229635306,6
7098,77,15,37,10,-11.967604181160285,5
7099,55,18,102,12,-11.98386619497443,6
7100,5,32,102,21,-12.011851390558958,11
7101,109,44,27,29,-12.013596617203579,15
7102,104,12,1,8,-12.02010829271743,4
7103,49,35,98,24,-12.027262783994834,11
7104,28,14,43,9,-12.028046594555397,5
7105,88,20,102,15,-12.040669825997002,5
7106,46,20,30,14,-12.044164698044927,6
7107,63,18,1,11,-12.054495717242014,7
7108,38,17,100,13,-12.063654867780361,4
7109,85,13,87,9,-12.077215618367395,4
7110,109,40,15,29,-12.097785808212034,11
7111,83,18,107,13,-12.107720877525319,5
7112,97,14,90,9,-12.113619530203449,5
7113,109,36,30,26,-12.122862628344727,10
7114,4,10,15,6,-12.124220843420797,4
7115,104,13,93,9,-12.138932518021326,4
7116,96,40,11,27,-12.14102850879166,13
7117,50,20,53,13,-12.152614797488546,7
7118,70,22,2,14,-12.153236389251049,8
7119,99,21,107,14,-12.174640608684577,7
7120,62,23,78,15,-12.176929848683924,8
7121,109,21,75,15,-12.181700739963029,6
7122,35,11,75,8,-12.188091693345983,3
7123,11,15,2,10,-12.196157085843714,5
7124,54,15,34,11,-12.19994600804293,4
7125,89,13,78,9,-12.201646848352171,4
7126,97,10,15,7,-12.205780494305644,3
7127,20,19,33,13,-12.222728464147568,6
7128,43,19,75,14,-12.224767647713703,5
7129,20,14,64,11,-12.230112840596973,3
7130,57,25,100,17,-12.24904881178982,8
7131,39,10,32,7,-12.259008757767623,3
7132,88,19,73,13,-12.262693289910837,6
7133,96,30,98,21,-12.27549839186978,9
7134,81,15,40,11,-12.276802562895192,4
7135,18,15,69,10,-12.281407888329312,5
7136,88,18,98,13,-12.300728896947142,5
7137,94,34,13,23,-12.315280597409899,11
7138,66,12,39,8,-12.326990757641061,4
7139,94,50,16,36,-12.339437916019314,14
7140,88,91,13,64,-12.345868204497037,27
7141,97,12,67,9,-12.353467827440639,3
7142,92,12,49,8,-12.374864484595681,4
7143,43,32,30,24,-12.380438584424923,8
7144,38,16,34,12,-12.397613710381254,4
7145,89,12,18,8,-12.399376228356623,4
7146,103,39,100,27,-12.414706773823742,12
7147,109,25,12,18,-12.415216667804735,7
7148,50,17,36,10,-12.423703215189777,7
7149,3,20,108,14,-12.432323006954842,6
7150,37,14,18,10,-12.438833593443574,4
7151,108,25,53,16,-12.439042536725594,9
7152,87,30,79,22,-12.466071130940083,8
7153,69,11,23,8,-12.468155133637696,3
7154,41,24,111,16,-12.478825250714587,8
7155,13,12,42,9,-12.522183516198908,3
7156,3,32,63,24,-12.548769683390436,8
7157,40,11,29,8,-12.554885907877388,3
7158,71,18,41,13,-12.557773267008857,5
7159,51,21,2,13,-12.595923969105383,8
7160,81,36,87,23,-12.612539931268493,13
7161,85,20,39,13,-12.618845399489867,7
7162,94,20,85,14,-12.645956344332362,6
7163,57,23,7,14,-12.666461617234948,9
7164,91,16,76,12,-12.675010057050905,4
7165,5,15,48,11,-12.675358072710559,4
7166,31,13,104,8,-12.681964820727016,5
7167,97,16,38,11,-12.68239796661763,5
7168,63,40,80,28,-12.682443988429268,12
7169,31,76,13,51,-12.705633823012965,25
7170,104,21,64,15,-12.71585067479966,6
7171,45,13,27,9,-12.720614115305079,4
7172,106,14,33,10,-12.736963404825655,4
7173,87,33,98,24,-12.737232267618925,9
7174,37,44,11,30,-12.738426249160876,14
7175,90,11,27,8,-12.746161225633635,3
7176,36,10,95,7,-12.746346244298937,3
7177,1,15,100,10,-12.750379039232417,5
7178,76,21,7,13,-12.770945993300979,8
7179,25,15,49,10,-12.785517383168525,5
7180,76,11,1,7,-12.827717897490281,4
7181,109,24,53,17,-12.845848364223912,7
7182,41,10,42,7,-12.856406375174817,3
7183,43,12,33,8,-12.882845460192621,4
7184,65,21,2,16,-12.890027578518191,5
7185,11,31,49,23,-12.907279890855179,8
7186,94,10,64,6,-12.918584959999516,4
7187,37,20,64,14,-12.946494518825181,6
7188,106,19,98,13,-12.95487415033694,6
7189,84,10,92,6,-12.962976398847763,4
7190,38,21,87,15,-12.977098547387394,6
7191,57,25,65,18,-12.982382134863352,7
7192,35,14,63,9,-12.998216518752985,5
7193,55,18,15,14,-13.03115867267244,4
7194,47,14,55,9,-13.036465008068175,5
7195,62,23,74,16,-13.07201740553172,7
7196,38,12,45,9,-13.079918436245945,3
7197,92,16,64,9,-13.08148644517277,7
7198,81,16,7,10,-13.106635849592113,6
7199,91,10,94,8,-13.125494056890847,2
7200,103,13,48,10,-13.133825600656486,3
7201,37,28,95,21,-13.149042342745602,7
7202,79,14,19,9,-13.189433599982168,5
7203,29,20,109,12,-13.210765864197791,8
7204,54,18,36,12,-13.21774479827317,6
7205,88,39,95,27,-13.236869470595257,12
7206,49,20,48,15,-13.272537147968347,5
7207,99,12,7,8,-13.27451726078842,4
7208,46,43,104,29,-13.294982678813746,14
7209,106,19,64,13,-13.295192075566398,6
7210,1,14,8,10,-13.305141225086524,4
7211,88,20,80,13,-13.305539707805673,7
7212,35,12,8,9,-13.311489751182306,3
7213,37,17,15,13,-13.319007709477827,4
7214,18,16,11,11,-13.321280125838722,5
7215,9,13,108,8,-13.341841222661904,5
7216,45,18,35,11,-13.348739323329763,7
7217,32,11,55,7,-13.363639630093914,4
7218,48,14,17,9,-13.364907872446567,5
7219,12,10,108,6,-13.367955655554766,4
7220,35,12,104,8,-13.369677424437173,4
7221,3,12,74,9,-13.385856762614393,3
7222,51,22,80,15,-13.405837899191416,7
7223,84,15,71,11,-13.41321574412034,4
7224,103,14,58,10,-13.421652899380138,4
7225,53,15,75,10,-13.423496737137015,5
7226,68,16,61,11,-13.424919545398382,5
7227,32,12,25,7,-13.427877456338669,5
7228,35,15,36,11,-13.440272285829968,4
7229,98,18,109,13,-13.444061011572101,5
7230,63,35,30,24,-13.474095643481395,11
7231,108,12,84,9,-13.488009207908556,3
7232,112,13,55,10,-13.49840576791747,3
7233,29,33,13,22,-13.516802717927652,11
7234,6,10,80,7,-13.522871173076236,3
7235,84,19,41,13,-13.556150264603872,6
7236,3,32,84,21,-13.566312963849297,11
7237,11,12,99,8,-13.594978977058028,4
7238,47,12,104,10,-13.613279534811952,2
7239,70,13,48,9,-13.61596473877697,4
7240,12,29,41,21,-13.623588976279663,8
7241,12,15,75,10,-13.63556285801919,5
7242,11,16,108,12,-13.647782335147589,4
7243,35,11,60,7,-13.64827931058638,4
7244,25,10,92,7,-13.698642336458672,3
7245,5,28,57,20,-13.702708831126639,8
7246,95,10,34,7,-13.704508911135058,3
7247,51,21,45,15,-13.706946532575504,6
7248,109,10,112,7,-13.71380284904661,3
7249,31,25,63,18,-13.714594813504084,7
7250,43,13,38,8,-13.719684581128757,5
7251,11,25,95,18,-13.725658005456244,7
7252,27,10,97,6,-13.735152835550474,4
7253,29,15,18,11,-13.759102795902571,4
7254,87,12,61,8,-13.760538340997263,4
7255,57,13,47,9,-13.774921234941399,4
7256,112,11,97,9,-13.794615799527316,2
7257,41,15,34,10,-13.902632667621377,5
7258,12,11,45,8,-13.905186638720524,3
7259,112,10,25,7,-13.919292260310073,3
7260,112,11,37,8,-13.937736127059292,3
7261,69,19,75,14,-13.942304484906572,5
7262,71,24,40,17,-13.948125771645662,7
7263,29,12,58,9,-13.952580214272475,3
7264,75,12,111,8,-13.97228180941997,4
7265,9,31,41,22,-13.990507643067815,9
7266,52,14,15,10,-14.026248257676636,4
7267,77,29,40,21,-14.048771071022594,8
7268,48,24,74,15,-14.067708006346336,9
7269,86,26,26,20,-14.092560899301931,6
7270,13,22,80,14,-14.136399928885792,8
7271,9,32,53,23,-14.16413045075367,9
7272,76,23,54,16,-14.164964310491744,7
7273,19,10,33,6,-14.198164828754605,4
7274,75,10,72,7,-14.207053385683185,3
7275,46,18,50,12,-14.208875687593247,6
7276,7,17,61,11,-14.217702740281519,6
7277,57,25,34,18,-14.246419359699368,7
7278,109,30,114,23,-14.263150833488547,7
7279,17,11,83,7,-14.269615650014424,4
7280,83,22,16,16,-14.27379500391039,6
7281,18,15,23,10,-14.275894417804937,5
7282,109,20,19,14,-14.305000975474687,6
7283,112,10,48,8,-14.307464286387088,2
7284,57,12,31,8,-14.310689026630854,4
7285,43,15,45,10,-14.31794966361631,5
7286,81,21,100,14,-14.332150578710534,7
7287,83,10,40,8,-14.347262135245899,2
7288,112,19,47,13,-14.352034788316766,6
7289,91,12,53,9,-14.364240541230366,3
7290,27,38,104,27,-14.367134728519874,11
7291,3,38,100,28,-14.385259867103802,10
7292,90,16,20,11,-14.40477443227544,5
7293,70,26,108,19,-14.427393649276276,7
7294,14,11,80,7,-14.43534539519452,4
7295,35,13,97,10,-14.444551731599498,3
7296,5,12,44,9,-14.447481002517359,3
7297,78,22,17,15,-14.455986406772636,7
7298,2,10,73,7,-14.457830254043131,3
7299,25,12,34,9,-14.468789684868277,3
7300,6,12,19,8,-14.46906875309814,4
7301,108,10,34,8,-14.47806718750258,2
7302,69,25,27,17,-14.53516647824794,8
7303,50,19,80,15,-14.554439051919097,4
7304,20,18,34,14,-14.557800978959815,4
7305,18,10,90,7,-14.572865755876734,3
7306,99,12,50,8,-14.581629542155008,4
7307,103,14,50,10,-14.598236066613515,4
7308,34,16,18,12,-14.600476247363321,4
7309,77,25,8,18,-14.612256603393076,7
7310,103,11,75,9,-14.618807679917431,2
7311,45,17,23,12,-14.633454544359155,5
7312,12,15,55,11,-14.659208117082446,4
7313,83,19,114,14,-14.712530964906863,5
7314,77,28,7,20,-14.72949510503469,8
7315,31,10,100,7,-14.730848989291468,3
7316,102,11,90,6,-14.739148726840867,5
7317,106,14,32,11,-14.741977351969272,3
7318,19,18,9,13,-14.772730517620854,5
7319,25,26,11,20,-14.778705544740388,6
7320,109,21,17,15,-14.779727195130333,6
7321,89,11,7,8,-14.785043291363074,3
7322,35,11,102,7,-14.787485364380142,4
7323,93,12,38,7,-14.887591780281296,5
7324,88,18,111,14,-14.89137809160146,4
7325,38,24,104,17,-14.977006233689528,7
7326,44,10,49,7,-14.992301775479174,3
7327,49,14,80,9,-14.993186389789676,5
7328,22,12,13,9,-14.994671319317483,3
7329,75,10,45,8,-15.003649946946844,2
7330,99,18,25,13,-15.014737107768294,5
7331,20,16,60,12,-15.074406318316193,4
7332,58,29,86,22,-15.095351107022623,7
7333,102,13,43,9,-15.127428175042569,4
7334,29,10,71,8,-15.143188317628589,2
7335,54,31,48,22,-15.152035020388912,9
7336,108,15,114,11,-15.270376800556948,4
7337,57,21,29,16,-15.359990351353819,5
7338,2,15,100,10,-15.363858490781979,5
7339,18,11,5,8,-15.389394006883379,3
7340,72,13,94,9,-15.447807821252345,4
7341,107,25,73,17,-15.46067272069853,8
7342,39,12,2,9,-15.473797666414953,3
7343,84,23,112,17,-15.486639525748986,6
7344,12,15,9,11,-15.494125308722385,4
7345,31,15,69,10,-15.502962092044207,5
7346,5,21,23,16,-15.554175057753401,5
7347,45,14,4,10,-15.600891470448106,4
7348,85,11,106,8,-15.605731963514023,3
7349,103,16,74,12,-15.643038585876097,4
7350,10,11,54,8,-15.645825981672173,3
7351,97,12,14,10,-15.664913845649805,2
7352,112,14,15,10,-15.700949053545523,4
7353,80,13,75,10,-15.718052052365538,3
7354,35,12,80,9,-15.72406211872363,3
7355,96,16,93,12,-15.733194627661215,4
7356,94,13,17,9,-15.746212612138288,4
7357,28,13,110,9,-15.755425369009838,4
7358,62,18,12,13,-15.771400207309306,5
7359,17,22,95,17,-15.802621580377183,5
7360,46,15,93,12,-15.866750824235567,3
7361,76,14,80,10,-15.87988367140994,4
7362,28,29,90,22,-15.880089586771646,7
7363,70,13,80,11,-15.901333417895945,2
7364,48,12,62,8,-15.963389974606171,4
7365,90,11,57,8,-15.975273202140913,3
7366,108,13,8,10,-16.00695825478633,3
7367,5,18,41,12,-16.050377082501452,6
7368,35,19,87,13,-16.11679485458087,6
7369,112,15,71,11,-16.116875921028463,4
7370,80,12,34,10,-16.269229317512288,2
7371,33,16,65,12,-16.286121361101067,4
7372,14,12,25,10,-16.337614979675553,2
7373,2,19,104,13,-16.352388003055772,6
7374,83,13,27,11,-16.368092522641103,2
7375,43,11,110,8,-16.376498956572302,3
7376,63,14,14,10,-16.386711509096077,4
7377,39,19,99,15,-16.42872930905631,4
7378,37,11,19,9,-16.4401797639671,2
7379,64,12,74,8,-16.440953543226588,4
7380,55,15,14,12,-16.464885141480416,3
7381,31,46,16,34,-16.494251500601976,12
7382,61,10,34,9,-16.513382683902012,1
7383,79,12,17,9,-16.52858758988839,3
7384,68,22,95,18,-16.55020486315604,4
7385,36,10,101,8,-16.627946704419486,2
7386,69,23,53,17,-16.676579450904736,6
7387,112,28,78,21,-16.67914983172849,7
7388,71,15,95,10,-16.726754189945986,5
7389,83,13,23,10,-16.74470008954982,3
7390,26,10,60,7,-16.74543091529222,3
7391,76,15,77,12,-16.756455650082987,3
7392,95,11,3,8,-16.769038777456778,3
7393,10,12,37,8,-16.87706142806293,4
7394,12,11,26,8,-16.877482698800375,3
7395,10,12,13,9,-16.892767460419815,3
7396,41,10,22,8,-16.895138763704843,2
7397,46,12,43,9,-16.90387334173946,3
7398,112,19,20,15,-16.964936240764278,4
7399,31,10,38,6,-16.97274158238423,4
7400,51,25,90,19,-16.98113610300884,6
7401,102,11,48,9,-16.984312347736424,2
7402,37,13,73,9,-17.03246334806977,4
7403,1,14,18,11,-17.058153705270215,3
7404,41,26,30,20,-17.065409214144072,6
7405,9,29,27,21,-17.072056537621446,8
7406,46,15,18,12,-17.114833090306377,3
7407,2,11,60,8,-17.116843000088547,3
7408,29,28,88,21,-17.15439200584212,7
7409,5,22,27,16,-17.186967099907655,6
7410,90,11,100,9,-17.22389322210601,2
7411,3,10,91,8,-17.297149981337704,2
7412,106,10,35,7,-17.31905115685177,3
7413,109,11,108,8,-17.40163308376229,3
7414,83,11,110,9,-17.575104905290953,2
7415,94,13,104,10,-17.605678687274782,3
7416,60,18,102,13,-17.60770484195146,5
7417,67,10,20,8,-17.672455088050597,2
7418,3,11,5,7,-17.694163901939536,4
7419,43,16,81,12,-17.708072706454832,4
7420,68,12,90,9,-17.719685937760907,3
7421,55,12,44,9,-17.771847163193577,3
7422,15,10,85,8,-17.788004047228643,2
7423,109,13,35,10,-17.789223446519653,3
7424,5,18,30,15,-17.810533055025342,3
7425,35,13,48,10,-17.821530991658577,3
7426,88,17,32,13,-17.824594134673823,4
7427,114,11,111,8,-17.846918134233796,3
7428,41,10,35,7,-17.84884882348167,3
7429,42,10,39,8,-18.051951181856023,2
7430,54,10,67,8,-18.121548101252504,2
7431,94,25,81,18,-18.232288763777706,7
7432,81,13,72,9,-18.287707067400422,4
7433,31,15,106,11,-18.52908676481623,4
7434,30,16,95,12,-18.59476138296642,4
7435,94,14,48,11,-18.679447719754858,3
7436,57,16,112,12,-18.74164060463068,4
7437,28,17,99,13,-18.75458480836917,4
7438,102,12,27,10,-18.772173343475483,2
7439,33,20,55,16,-18.82593244000092,4
7440,97,12,34,9,-18.83120290818016,3
7441,4,13,98,11,-18.93649850914462,2
7442,91,10,95,8,-19.016995093352214,2
7443,43,18,76,15,-19.02696373975258,3
7444,106,10,92,8,-19.04169077246869,2
7445,62,13,34,10,-19.217276142512915,3
7446,18,14,99,11,-19.290873438644518,3
7447,36,19,30,17,-19.305297671687285,2
7448,34,14,64,11,-19.39040182384417,3
7449,29,12,114,9,-19.392096732655677,3
7450,72,10,102,8,-19.49495525831096,2
7451,29,11,80,9,-19.670803114551138,2
7452,5,11,64,9,-19.69819687485363,2
7453,31,11,15,8,-19.73878794252568,3
7454,32,12,95,10,-19.760326388824463,2
7455,106,12,89,8,-19.849086778440608,4
7456,6,12,30,10,-19.865749004424455,2
7457,97,13,73,9,-19.966763707753138,4
7458,54,17,4,15,-19.99443539185139,2
7459,3,22,48,17,-20.04071280653289,5
7460,84,12,7,10,-20.16090095994254,2
7461,68,38,112,30,-20.16144061217486,8
7462,10,11,30,9,-20.38962047667116,2
7463,77,11,34,10,-20.530353874618392,1
7464,19,10,53,8,-20.842785083839228,2
7465,10,14,112,11,-21.021770709139744,3
7466,10,16,51,13,-21.051824036569297,3
7467,112,16,80,12,-21.108795407964617,4
7468,31,11,76,10,-21.157211826935978,1
7469,51,11,101,9,-21.226620175614496,2
7470,3,18,75,15,-21.417290354619,3
7471,4,13,25,11,-21.420042602463127,2
7472,4,15,41,10,-21.48059017391386,5
7473,33,13,100,11,-21.622846925246048,2
7474,31,12,62,9,-21.79094106777599,3
7475,97,12,91,10,-22.175648770183784,2
7476,75,10,67,8,-22.34486666160514,2
7477,1,10,3,8,-22.670516239418713,2
7478,91,18,104,17,-22.937436859705542,1
7479,8,11,4,10,-23.17790508365148,1
7480,77,19,75,16,-23.52836570307736,3
7481,53,10,74,8,-24.36471273024663,2
7482,57,16,26,13,-24.88112492293926,3
7483,42,12,104,11,-24.90492593233149,1
7484,23,14,90,12,-25.1914979759845,2
7485,38,15,55,13,-25.19286181976179,2
7486,106,10,49,9,-25.68163240192886,1
7487,81,10,98,9,-27.56322031639677,1
7488,38,10,69,9,-27.69592076147955,1
7489,61,10,98,10,-28.32332956610249,0
7490,102,18,112,16,-28.496084585485107,2
7491,90,10,109,10,-29.2714816942141,0
7492,37,11,44,11,-29.88349889925713,0
7493,81,10,17,10,-31.104140358623045,0
