,againstHero,games,hero,losses,shift,wins
0,44,11,37,0,29.883498899257123,11
1,112,11,102,1,29.817132660557686,10
2,72,10,29,1,28.989134542189106,9
3,90,13,23,1,28.3624814299098,12
4,75,17,77,2,26.826580833678786,15
5,62,10,94,1,26.27052480823864,9
6,26,12,57,2,24.80508950345583,10
7,78,10,48,1,24.571299754132223,9
8,75,16,3,2,24.194103806582213,14
9,73,12,97,3,24.10757303293757,9
10,34,11,97,2,24.058676404388496,9
11,112,11,57,2,24.035129593266095,9
12,12,11,109,1,23.647352995961203,10
13,4,11,8,1,23.177905083651492,10
14,80,14,112,3,22.742433885358178,11
15,100,12,77,2,22.636025264987566,10
16,29,12,57,2,22.398372618819636,10
17,91,12,97,2,22.175648770183788,10
18,76,12,19,2,21.84651673545452,10
19,62,12,31,3,21.79094106777599,9
20,41,15,4,5,21.480590173913868,10
21,25,13,4,2,21.42004260246313,11
22,90,20,51,3,21.39328709298296,17
23,2,16,51,4,21.322170492802822,12
24,104,16,91,1,21.319718278752113,15
25,112,13,10,3,21.23417972341476,10
26,110,10,43,2,21.055981543018305,8
27,94,13,57,3,20.917014051877036,10
28,55,11,38,2,20.87506721402826,9
29,90,11,68,2,20.787956198015944,9
30,17,11,79,2,20.721013165555437,9
31,55,12,19,3,20.602645773872627,9
32,30,10,93,2,20.554928098530844,8
33,48,11,35,2,20.438098241934792,9
34,27,14,69,3,20.342887062572174,11
35,51,15,10,3,20.332726180509006,12
36,7,11,84,2,20.072751797902637,9
37,95,12,32,2,19.760326388824463,10
38,15,11,31,3,19.73878794252568,8
39,100,19,68,5,19.724922124038784,14
40,64,11,5,2,19.698196874853632,9
41,101,10,51,2,19.538804927619935,8
42,27,25,9,6,19.431548104449664,19
43,86,19,58,4,19.384187711945845,15
44,30,19,36,2,19.30529767168729,17
45,114,10,108,3,19.30451384791422,7
46,100,11,81,3,19.298912104645595,8
47,99,14,18,3,19.290873438644514,11
48,4,16,54,2,19.2440876038421,14
49,100,10,2,3,19.14350422886928,7
50,45,12,43,3,19.04326521517843,9
51,92,10,106,2,19.041690772468705,8
52,30,10,6,2,19.02037640213381,8
53,89,11,106,4,18.95338953455919,7
54,98,13,4,2,18.936498509144613,11
55,2,10,11,2,18.923084797888755,8
56,55,11,47,3,18.857554518412744,8
57,51,12,19,2,18.82985585398082,10
58,99,17,28,4,18.754584808369174,13
59,16,19,77,4,18.736127046783515,15
60,50,15,68,4,18.68712791744929,11
61,34,13,57,3,18.630835458538126,10
62,47,10,49,2,18.58287080699567,8
63,106,15,31,4,18.52908676481624,11
64,65,14,33,3,18.51276218041885,11
65,48,15,9,3,18.472872872736897,12
66,49,14,81,4,18.46786281015852,10
67,5,10,18,2,18.464269170029823,8
68,109,10,103,3,18.37872283171988,7
69,75,10,79,2,18.18520074819613,8
70,79,11,57,3,18.14640267745942,8
71,90,28,28,6,18.060877876686437,22
72,78,22,112,5,18.00765085252849,17
73,55,18,33,4,17.969879843551904,14
74,55,16,43,2,17.887669395914717,14
75,13,11,22,2,17.88490511828995,9
76,35,10,41,3,17.84884882348167,7
77,111,11,114,3,17.846918134233796,8
78,32,17,88,4,17.82459413467382,13
79,30,18,5,3,17.81053305502534,15
80,44,12,55,3,17.77184716319356,9
81,112,32,68,7,17.735336321116534,25
82,5,11,3,4,17.694163901939547,7
83,15,11,69,2,17.617984395425342,9
84,110,11,83,2,17.575104905290946,9
85,23,14,18,4,17.468338798211544,10
86,81,11,43,3,17.430783583295423,8
87,41,16,12,4,17.359792151573956,12
88,45,10,39,3,17.32115834390289,7
89,35,10,106,3,17.319051156851785,7
90,19,18,107,3,17.294486817084362,15
91,60,13,20,3,17.267904745312975,10
92,48,10,3,3,17.214556941173633,7
93,27,22,5,6,17.18696709990766,16
94,41,28,9,7,17.159883472781484,21
95,60,11,2,3,17.11684300008854,8
96,80,17,13,5,17.063751983939074,12
97,18,14,1,3,17.058153705270225,11
98,62,10,15,2,17.05506964781122,8
99,48,11,70,3,17.04295857723929,8
100,43,11,46,3,16.991693442801246,8
101,38,10,31,4,16.97274158238424,6
102,20,19,112,4,16.964936240764274,15
103,13,12,10,3,16.892767460419815,9
104,38,14,97,3,16.838290194315167,11
105,95,14,30,4,16.836817117204568,10
106,1,10,76,3,16.815372977495876,7
107,23,13,83,3,16.744700089549806,10
108,95,15,71,5,16.72675418994599,10
109,30,12,41,4,16.67014747818193,8
110,101,10,36,2,16.6279467044195,8
111,95,22,68,4,16.550204863156036,18
112,100,14,57,4,16.51846150699967,10
113,80,17,88,5,16.47753804603461,12
114,14,15,55,3,16.464885141480416,12
115,15,14,109,3,16.44720740462248,11
116,29,21,19,5,16.441613211726516,16
117,11,25,25,5,16.429746187224733,20
118,61,16,7,5,16.42696802044795,11
119,30,12,79,3,16.40518046559389,9
120,103,16,68,4,16.281667488957137,12
121,53,21,69,6,16.247322250303586,15
122,76,10,79,2,16.246721403642802,8
123,30,15,3,3,16.224004525931708,12
124,43,10,102,3,16.154622115934178,7
125,71,15,112,4,16.116875921028473,11
126,8,20,77,5,16.11157045463716,15
127,41,18,5,6,16.05037708250146,12
128,14,13,63,4,15.961958621197992,9
129,72,11,87,3,15.951187331907203,8
130,80,13,70,2,15.901333417895936,11
131,53,30,9,8,15.894615033798411,22
132,43,12,28,4,15.894105628705272,8
133,30,26,13,8,15.883892019395324,18
134,85,12,94,3,15.872945827108664,9
135,76,11,91,2,15.872477419459232,9
136,99,18,39,4,15.84878961626863,14
137,16,45,31,12,15.837412153743443,33
138,76,11,78,2,15.811000042078588,9
139,95,22,17,5,15.80262158037718,17
140,75,12,12,4,15.785867542761377,8
141,15,10,37,2,15.78269510258246,8
142,75,10,35,2,15.755761764469415,8
143,7,20,57,7,15.746440629237663,13
144,30,14,43,3,15.738372858595184,11
145,93,16,96,4,15.733194627661211,12
146,37,14,77,4,15.73169378416834,10
147,80,12,35,3,15.72406211872363,9
148,75,13,80,3,15.718052052365534,10
149,8,13,1,3,15.702434313684373,10
150,15,23,51,7,15.696340054221967,16
151,87,13,35,4,15.683184050777024,9
152,14,12,97,2,15.664913845649806,10
153,65,23,58,7,15.653154983328356,16
154,90,13,97,4,15.621888085765939,9
155,106,11,85,3,15.60573196351404,8
156,4,14,45,4,15.600891470448106,10
157,23,20,5,5,15.563915929412016,15
158,104,12,31,4,15.561592201078605,8
159,25,11,14,2,15.536643242754739,9
160,37,11,10,4,15.516949569025604,7
161,104,18,2,6,15.503443707499333,12
162,69,15,31,5,15.502962092044205,10
163,112,22,84,6,15.486639525748984,16
164,74,12,103,3,15.463990000688314,9
165,73,25,107,8,15.460672720698525,17
166,49,14,25,4,15.43786379260084,10
167,98,12,46,4,15.381140721878971,8
168,84,27,3,9,15.37291614514667,18
169,18,13,37,3,15.368965567811566,10
170,61,15,68,4,15.24709195978541,11
171,41,17,71,4,15.16238863659133,13
172,34,11,70,3,15.101320383881482,8
173,111,10,69,3,15.0816233253005,7
174,45,19,51,5,15.06403272485712,14
175,81,17,94,6,15.053941840602283,11
176,100,34,65,8,15.048643379831539,26
177,25,18,99,5,15.014737107768298,13
178,45,10,75,2,15.003649946946844,8
179,98,11,77,3,14.971497492381289,8
180,55,10,112,2,14.907032679929213,8
181,2,11,39,3,14.867970478981071,8
182,110,12,28,4,14.860268273313302,8
183,87,13,38,4,14.859584047072822,9
184,29,15,68,4,14.842517688016263,11
185,34,11,80,2,14.83036003753827,9
186,15,13,76,4,14.81353391108204,9
187,75,36,54,11,14.806584486593527,25
188,57,10,2,3,14.75670329182861,7
189,16,19,83,5,14.75207545610471,14
190,32,14,106,3,14.741977351969275,11
191,27,21,109,7,14.741810222555548,14
192,100,10,31,3,14.730848989291463,7
193,114,19,83,5,14.712530964906872,14
194,9,10,94,4,14.704426445452436,6
195,43,13,77,4,14.70313160321049,9
196,69,13,18,4,14.69589661715718,9
197,104,14,79,5,14.675854986425783,9
198,3,10,35,3,14.67345115895829,7
199,94,14,51,4,14.642632531518043,10
200,15,25,9,9,14.58750591260023,16
201,88,22,29,6,14.584788845308772,16
202,50,12,99,4,14.581629542155014,8
203,27,19,19,4,14.534765196502546,15
204,108,11,9,4,14.533752266696009,7
205,73,12,37,4,14.533349572792922,8
206,13,12,2,4,14.516038794033767,8
207,34,12,25,3,14.468789684868277,9
208,73,10,2,3,14.457830254043136,7
209,72,10,65,3,14.450652701600799,7
210,63,13,35,4,14.450412261730216,9
211,44,12,5,3,14.447481002517355,9
212,97,13,35,3,14.444551731599502,10
213,80,11,14,4,14.435345395194508,7
214,108,26,70,7,14.42739364927628,19
215,76,18,49,5,14.388922058985905,13
216,40,10,83,2,14.347262135245902,8
217,7,27,77,8,14.33556677589385,19
218,80,37,63,10,14.322048676220186,27
219,108,10,112,3,14.316449946299116,7
220,31,12,57,4,14.310689026630849,8
221,47,15,112,5,14.309777431810545,10
222,80,18,50,4,14.309192739594003,14
223,46,11,102,3,14.30749471315205,8
224,34,12,37,3,14.30057126443514,9
225,20,15,3,4,14.188922367828338,11
226,41,11,80,3,14.18671629223256,8
227,30,19,63,6,14.120915882690264,13
228,49,13,112,4,14.107588631583395,9
229,27,16,78,3,14.073489954228481,13
230,62,12,57,3,14.067895538486148,9
231,40,29,77,8,14.048771071022596,21
232,69,11,91,4,13.993001551531528,7
233,111,12,75,4,13.972281809419963,8
234,69,11,8,3,13.967704360915697,8
235,40,24,71,7,13.948125771645659,17
236,91,11,109,3,13.946188604720339,8
237,75,19,69,5,13.942304484906579,14
238,37,11,112,3,13.937736127059294,8
239,34,14,68,4,13.903096130211466,10
240,54,17,76,5,13.892444764564262,12
241,53,19,50,6,13.883151416746285,13
242,87,29,114,10,13.836079480400487,19
243,98,17,31,6,13.805084918983171,11
244,13,74,31,23,13.800549608099516,51
245,97,11,112,2,13.794615799527321,9
246,77,17,50,4,13.753479149012175,13
247,97,10,27,4,13.735152835550483,6
248,63,14,33,4,13.733555706081617,10
249,63,25,31,7,13.714594813504092,18
250,63,22,3,5,13.713969327820672,17
251,104,14,44,4,13.703910249073422,10
252,92,16,86,5,13.67676060817369,11
253,49,11,18,3,13.655065375637422,8
254,93,12,46,3,13.65474091099076,9
255,38,10,3,3,13.612373842695769,7
256,15,10,74,3,13.569326307429137,7
257,64,18,104,5,13.54129056151704,13
258,7,11,66,4,13.514093541012448,7
259,26,24,86,6,13.454427406615018,18
260,36,15,35,4,13.440272285829963,11
261,23,15,45,4,13.436468047997268,11
262,25,12,32,5,13.427877456338663,7
263,75,15,53,5,13.423496737137006,10
264,91,11,112,3,13.423237527272482,8
265,104,12,35,4,13.369677424437178,8
266,55,11,32,4,13.36363963009391,7
267,18,12,46,3,13.322032493347338,9
268,47,16,18,4,13.317575135316673,12
269,78,11,47,4,13.31383796511697,7
270,50,17,46,6,13.310329365776974,11
271,72,11,23,3,13.303468387767726,8
272,64,19,106,6,13.295192075566398,13
273,7,12,99,4,13.274517260788409,8
274,102,31,5,10,13.269431869962297,21
275,95,23,11,6,13.26328800508424,17
276,11,39,96,12,13.25258237771624,27
277,95,36,88,11,13.24512473637818,25
278,8,16,41,4,13.244566662838952,12
279,36,18,54,6,13.217744798273172,12
280,34,17,87,5,13.184329008068609,12
281,51,25,81,9,13.181806016972246,16
282,11,22,70,6,13.174919150937761,16
283,95,28,37,7,13.149042342745604,21
284,27,11,83,2,13.13409712509482,9
285,83,10,70,4,13.118339150755117,6
286,98,12,88,3,13.09482237083463,9
287,114,13,12,5,13.087005723325442,8
288,84,11,108,3,13.07106461175519,8
289,28,21,112,6,13.067763256870427,15
290,43,15,91,4,13.046946068237395,11
291,75,14,29,5,13.04592128555306,9
292,80,11,30,3,13.03236389442298,8
293,30,18,77,5,12.982342846447986,13
294,91,29,60,10,12.952631394075715,19
295,34,14,51,4,12.934608487352977,10
296,41,13,84,4,12.931428566792913,9
297,79,20,87,5,12.924731468288163,15
298,20,20,9,6,12.923964780165193,14
299,18,10,19,3,12.906348402552078,7
300,98,12,75,4,12.900340980932176,8
301,60,14,48,4,12.898116343169704,10
302,74,20,62,6,12.893098863947467,14
303,34,10,49,3,12.890039581771168,7
304,2,21,65,5,12.890027578518202,16
305,11,13,38,4,12.885059978927561,9
306,63,11,19,3,12.824791428015688,8
307,54,12,81,4,12.757047966098476,8
308,95,10,36,3,12.746346244298937,7
309,114,27,109,7,12.737377288037612,20
310,33,14,106,4,12.736963404825662,10
311,46,24,106,9,12.725492516069492,15
312,111,16,88,4,12.710530076381987,12
313,15,12,63,4,12.69793676969526,8
314,48,15,5,4,12.675358072710548,11
315,58,15,39,4,12.586107695941518,11
316,30,16,11,5,12.57840097668375,11
317,57,27,5,8,12.572003913811171,19
318,98,27,87,8,12.540784384215351,19
319,41,15,3,3,12.536867675080288,12
320,54,14,58,5,12.535089602873327,9
321,75,27,5,10,12.535083552437033,17
322,55,12,103,3,12.517980336309982,9
323,80,10,49,4,12.50914199523895,6
324,64,15,92,7,12.492372460791035,8
325,36,17,50,7,12.423703215189779,10
326,104,39,46,13,12.353574327141933,26
327,67,12,97,3,12.35346782744064,9
328,34,13,104,4,12.352990002767113,9
329,100,14,11,5,12.338290360370584,9
330,78,10,20,3,12.337947782230119,7
331,78,11,114,4,12.319932318545474,7
332,47,24,60,7,12.306617941323184,17
333,98,29,96,9,12.301665445316493,20
334,58,12,112,4,12.274503829909492,8
335,17,17,78,6,12.267827102574515,11
336,39,16,85,6,12.259649528892556,10
337,32,10,39,3,12.25900875776762,7
338,71,11,84,3,12.255989147154674,8
339,27,19,77,6,12.255114612403998,13
340,48,27,54,9,12.230401373927076,18
341,74,22,60,8,12.230302476711508,14
342,75,19,43,5,12.224767647713705,14
343,43,14,9,5,12.224469441855378,9
344,78,11,106,3,12.210243252742755,8
345,7,18,76,7,12.19661731578168,11
346,109,18,39,5,12.189314131019263,13
347,65,19,57,6,12.17988690463077,13
348,107,21,99,7,12.174640608684571,14
349,78,10,103,2,12.172315771013803,8
350,2,22,70,8,12.153236389251056,14
351,19,11,31,3,12.140248760143196,8
352,92,12,63,5,12.136993324985582,7
353,1,12,12,4,12.121434397869615,8
354,60,23,112,7,12.10922209330929,16
355,8,11,35,3,12.093356369533685,8
356,39,10,72,3,12.089715209342568,7
357,34,14,20,4,12.080633416209027,10
358,49,20,69,7,12.079897975557312,13
359,30,18,91,5,12.061464887561753,13
360,16,35,94,10,12.057575200604028,25
361,76,14,57,4,12.056778783520572,10
362,1,18,63,7,12.054495717242014,11
363,1,12,104,4,12.020108292717422,8
364,15,21,87,7,12.012506408703718,14
365,102,18,55,6,11.983866194974436,12
366,109,11,98,3,11.980585816049416,8
367,37,16,60,6,11.9668638856867,10
368,50,11,72,3,11.966306538639385,8
369,104,14,81,6,11.956844186421009,8
370,78,30,51,12,11.956348023402207,18
371,53,10,54,3,11.951994898142782,7
372,95,27,18,9,11.951490678023532,18
373,114,46,65,16,11.938229846486395,30
374,109,11,29,5,11.905733206262543,6
375,62,18,63,6,11.898616241132697,12
376,90,18,104,6,11.89837391797068,12
377,104,28,77,9,11.87424672617717,19
378,20,12,29,4,11.85416559868577,8
379,107,17,103,5,11.846012972334957,12
380,74,34,28,11,11.834419909257846,23
381,78,10,37,3,11.831707242150298,7
382,63,47,28,14,11.8288664237163,33
383,74,10,64,4,11.828764368523546,6
384,28,16,111,5,11.82030122340792,11
385,78,10,46,4,11.816501815994842,6
386,83,10,17,4,11.812775268760372,6
387,53,10,91,3,11.811611902058761,7
388,8,11,108,3,11.805411430354427,8
389,8,21,40,6,11.791921402372775,15
390,44,10,54,3,11.791894285038754,7
391,91,12,65,4,11.784658313781675,8
392,17,18,109,6,11.781743441013703,12
393,112,10,62,3,11.78047192200998,7
394,102,14,60,5,11.776298762035289,9
395,55,37,1,11,11.76903355576794,26
396,43,18,53,5,11.762416104262291,13
397,16,11,67,3,11.761532223804268,8
398,11,34,84,11,11.737395009694307,23
399,104,24,27,7,11.734157252311212,17
400,11,11,94,3,11.72559745135693,8
401,100,15,102,4,11.724376607273166,11
402,91,13,96,4,11.692854193124042,9
403,11,25,68,9,11.682534954278283,16
404,34,23,28,7,11.682170467841415,16
405,98,11,48,3,11.678045251552971,8
406,30,15,94,5,11.673617423848103,10
407,100,12,40,4,11.638460148115906,8
408,72,16,68,5,11.581640635616752,11
409,90,15,39,5,11.57797650142359,10
410,33,15,50,5,11.568332857311571,10
411,108,10,11,3,11.565275419390533,7
412,36,16,104,6,11.564722196156039,10
413,111,10,71,3,11.563837134119533,7
414,74,15,76,6,11.544600382799558,9
415,17,19,60,6,11.54301249333872,13
416,7,15,81,6,11.525413070422038,9
417,53,19,3,6,11.503790428420068,13
418,57,19,63,7,11.49963226954776,12
419,47,14,81,4,11.445134927289029,10
420,114,39,106,13,11.417874917507987,26
421,29,10,95,3,11.401888238693152,7
422,4,11,38,3,11.395009854616484,8
423,27,23,57,9,11.383835754448821,14
424,107,14,10,5,11.38119632500004,9
425,104,21,71,8,11.370166649530528,13
426,64,12,20,3,11.33130846260478,9
427,13,75,88,24,11.322656510714445,51
428,50,38,20,12,11.31681648660145,26
429,28,19,72,6,11.306329036701383,13
430,7,25,96,7,11.300422106484014,18
431,80,10,5,3,11.295210617596885,7
432,111,11,27,3,11.279710088837586,8
433,2,14,55,5,11.276816159574059,9
434,75,52,7,17,11.274663385996204,35
435,49,22,104,7,11.26398206988742,15
436,28,10,103,3,11.258889995972657,7
437,90,12,48,4,11.252381363492233,8
438,87,29,70,11,11.250414739740135,18
439,107,16,83,5,11.249585120390279,11
440,40,13,81,4,11.249205674756393,9
441,95,28,51,8,11.244919045567018,20
442,75,17,109,5,11.242273446455997,12
443,38,12,112,3,11.230403622900138,9
444,46,20,96,8,11.223825219116966,12
445,73,13,51,4,11.219804453521853,9
446,98,18,106,6,11.217270403208776,12
447,25,15,3,5,11.214634960222732,10
448,100,12,46,4,11.210309669403356,8
449,89,11,1,4,11.209011069389932,7
450,17,13,27,5,11.181834221753338,8
451,43,16,4,6,11.162760468553993,10
452,55,13,85,4,11.149931721802192,9
453,75,16,38,4,11.14383618558865,12
454,46,15,70,5,11.123543654837002,10
455,27,20,84,7,11.118973426521963,13
456,74,13,32,4,11.101664191982366,9
457,78,13,80,4,11.097915766170063,9
458,99,11,11,4,11.04788337752713,7
459,32,12,114,4,11.045874107216177,8
460,16,17,32,6,11.04556139119038,11
461,53,41,88,13,11.023031682203495,28
462,41,14,92,5,11.016394202336144,9
463,98,10,68,3,11.014423279510455,7
464,15,13,71,4,11.00914391321026,9
465,40,26,3,8,11.00717769248795,18
466,56,13,107,5,11.000292497508868,8
467,51,20,110,6,11.000148170458745,14
468,70,24,57,10,10.99751468090858,14
469,50,37,88,13,10.986958086725295,24
470,13,25,97,9,10.985857531237675,16
471,108,16,39,6,10.97781923779307,10
472,41,10,100,3,10.96219617530149,7
473,11,14,9,5,10.959299620365583,9
474,73,17,5,6,10.907383059794872,11
475,102,10,35,4,10.903207987031468,6
476,63,20,69,6,10.901230458210245,14
477,104,10,94,3,10.89001789096002,7
478,111,21,41,8,10.875724405637953,13
479,71,16,77,5,10.872072685026803,11
480,37,46,54,15,10.870093974692763,31
481,30,11,2,4,10.820419515250846,7
482,15,33,88,9,10.816839587023418,24
483,106,17,81,7,10.816681182916202,10
484,55,25,91,7,10.791612827626562,18
485,87,21,81,9,10.779060224204759,12
486,59,11,7,3,10.771239818059199,8
487,63,11,72,3,10.764095493593645,8
488,53,23,108,9,10.749834986479383,14
489,13,45,18,16,10.738363532449275,29
490,53,22,17,7,10.72338378113649,15
491,54,11,111,3,10.714143810197228,8
492,43,13,36,5,10.713552025008548,8
493,30,23,84,7,10.710699208047561,16
494,51,25,74,7,10.704030149650722,18
495,48,32,107,11,10.694845948293114,21
496,38,12,57,5,10.682623087511102,7
497,5,25,98,9,10.66291868554062,16
498,30,20,64,7,10.642272986004784,13
499,98,18,71,6,10.627953776602759,12
500,16,12,101,4,10.622717697482882,8
501,48,14,108,4,10.620930026885901,10
502,7,31,91,9,10.609100286101588,22
503,26,10,28,3,10.592168464369761,7
504,95,15,9,6,10.569002592922953,9
505,71,19,54,7,10.563773271372229,12
506,28,17,40,7,10.551622113062637,10
507,86,16,56,5,10.543126647721753,11
508,76,13,108,4,10.539317855686345,9
509,63,12,66,4,10.5370312257094,8
510,41,16,17,5,10.533333329606137,11
511,71,19,97,6,10.5235339621969,13
512,27,27,36,10,10.523349599331352,17
513,89,14,37,6,10.519274673853001,8
514,77,25,51,10,10.516258457456905,15
515,76,15,94,4,10.510484442957432,11
516,64,27,9,8,10.495957554452968,19
517,75,14,102,4,10.47886729381523,10
518,81,11,27,4,10.477393451911677,7
519,75,35,8,11,10.477015226263449,24
520,41,16,49,6,10.465212157406025,10
521,6,10,31,4,10.459894630543896,6
522,58,23,69,9,10.458248548468928,14
523,18,25,8,7,10.45781750147342,18
524,30,37,39,13,10.453657029709746,24
525,64,25,112,7,10.447348803692252,18
526,44,16,39,6,10.434810009571377,10
527,95,19,114,7,10.422604339796184,12
528,110,11,7,5,10.422576579231729,6
529,110,15,39,4,10.417609870944737,11
530,13,20,29,8,10.404528641481372,12
531,75,13,57,4,10.387723743034115,9
532,78,25,16,9,10.383984889707143,16
533,106,16,93,6,10.37915501513517,10
534,9,12,12,4,10.366855545040103,8
535,27,39,65,13,10.357126287520348,26
536,94,10,7,3,10.355621654064773,7
537,53,16,77,6,10.347606271977277,10
538,40,16,102,6,10.346146758066935,10
539,16,26,1,7,10.345699287153877,19
540,37,13,1,5,10.342164269053148,8
541,27,33,60,10,10.331130107188939,23
542,7,24,19,7,10.325778739734247,17
543,54,19,43,7,10.322637569623126,12
544,107,29,31,13,10.30345756995746,16
545,30,11,102,4,10.296833808784982,7
546,45,23,107,8,10.289536165233189,15
547,85,15,50,5,10.26203922127155,10
548,18,40,39,13,10.257356241937428,27
549,67,16,106,6,10.252161434234207,10
550,16,44,18,14,10.239548895772598,30
551,28,27,68,8,10.229548768409218,19
552,63,35,91,11,10.225389928816243,24
553,30,17,31,7,10.214096274935343,10
554,25,24,68,8,10.211790433098953,16
555,10,14,28,4,10.207926130943799,10
556,11,36,37,12,10.20717474941383,24
557,91,24,39,8,10.206322081312438,16
558,94,17,12,7,10.206094758988755,10
559,114,16,57,5,10.202940786046575,11
560,15,22,18,7,10.200875953247772,15
561,48,24,96,8,10.200121519345739,16
562,98,15,2,6,10.198603389321667,9
563,71,13,33,4,10.195530501937561,9
564,97,41,37,14,10.190687502541845,27
565,6,12,9,5,10.175309866966636,7
566,43,29,86,9,10.173097117221216,20
567,2,13,38,5,10.156438284208228,8
568,92,16,68,5,10.14730683848729,11
569,27,21,12,8,10.146930026303878,13
570,96,11,23,4,10.143008283174426,7
571,53,37,31,14,10.136338371296793,23
572,92,10,109,3,10.132066653367776,7
573,50,20,102,8,10.118106239071224,12
574,53,36,36,11,10.114732824687987,25
575,89,11,74,4,10.093150392265771,7
576,23,17,17,6,10.090670558592322,11
577,79,12,106,4,10.079963228120917,8
578,40,16,49,6,10.077718304922938,10
579,13,12,79,4,10.072956753420838,8
580,13,23,83,8,10.067954696106945,15
581,80,19,51,7,10.049293803677342,12
582,44,10,38,3,10.048373138060269,7
583,110,13,107,4,10.03472132274693,9
584,11,14,18,5,10.031989827572826,9
585,98,19,29,6,10.031731367912892,13
586,95,25,65,9,9.987438820754939,16
587,73,18,88,6,9.974203425238965,12
588,69,22,68,8,9.966225512690015,14
589,63,45,88,14,9.955054334971098,31
590,72,15,51,6,9.937514477649751,9
591,100,13,3,5,9.932098946026006,8
592,95,10,2,3,9.920312629990502,7
593,63,50,84,19,9.919938234846502,31
594,8,23,15,9,9.913275414610844,14
595,107,21,102,8,9.900916609628295,13
596,11,14,83,4,9.89615191909491,10
597,100,11,38,3,9.89382268344099,8
598,110,20,16,7,9.893450419413208,13
599,2,17,54,5,9.883928701627934,12
600,100,26,54,9,9.876264305600081,17
601,86,16,67,6,9.87443210558644,10
602,17,15,71,6,9.874078720771614,9
603,53,10,98,4,9.839111782848335,6
604,16,12,10,4,9.837247209773244,8
605,9,17,47,6,9.833363334347146,11
606,54,13,57,3,9.824315369895016,10
607,104,25,75,9,9.822163907084754,16
608,16,13,92,3,9.821906376974377,10
609,40,24,17,8,9.815776001763279,16
610,29,13,93,5,9.815241351279962,8
611,64,17,37,6,9.810222324765896,11
612,62,10,93,4,9.798162399200404,6
613,63,11,61,3,9.795863144147216,8
614,65,40,93,16,9.79585778056327,24
615,37,24,83,9,9.783726366978417,15
616,13,46,43,19,9.779544155099423,27
617,30,12,52,4,9.763146241314214,8
618,8,14,3,7,9.760247946851925,7
619,63,35,48,12,9.759297495682487,23
620,100,11,70,4,9.741790049682665,7
621,86,21,52,7,9.734029946764755,14
622,89,13,16,5,9.733195931265595,8
623,43,19,31,10,9.720852773553682,9
624,75,18,11,7,9.71088785220573,11
625,102,33,86,11,9.70383463978044,22
626,100,12,71,4,9.66068752031631,8
627,111,16,63,6,9.656549842780759,10
628,22,10,114,5,9.649313306364819,5
629,109,36,8,14,9.641625939928552,22
630,50,19,30,7,9.638315382937567,12
631,93,10,104,4,9.637966581885273,6
632,41,23,53,8,9.631953807885303,15
633,70,17,109,6,9.623350653501726,11
634,76,16,9,5,9.621504571842449,11
635,40,12,19,4,9.612489725967157,8
636,99,14,8,6,9.61106559286031,8
637,83,18,84,7,9.609473734372159,11
638,8,13,53,4,9.596286006275326,9
639,80,14,39,5,9.589468521855673,9
640,11,25,109,8,9.585833860536326,17
641,73,20,7,8,9.582485903794176,12
642,27,28,31,12,9.569633624787398,16
643,64,44,60,14,9.569439655645416,30
644,60,29,69,12,9.553479216421117,17
645,106,13,108,4,9.535201707134298,9
646,78,12,1,4,9.531466280674074,8
647,1,22,31,9,9.525804060927038,13
648,20,32,25,11,9.520523686179052,21
649,18,27,9,9,9.520249042639604,18
650,8,17,36,6,9.51236026695053,11
651,90,14,80,4,9.509239360264802,10
652,114,13,2,5,9.509158562417847,8
653,76,24,35,9,9.506743182760358,15
654,37,22,99,7,9.502759058160713,15
655,37,29,7,11,9.500511382222342,18
656,70,10,58,3,9.487562225897108,7
657,16,47,96,14,9.46295382882651,33
658,102,12,17,4,9.460667678985603,8
659,17,10,94,4,9.449116979238093,6
660,100,20,63,8,9.445750716022593,12
661,32,11,63,4,9.44232166344675,7
662,16,31,3,10,9.436058343738477,21
663,100,32,87,14,9.424503759628436,18
664,100,14,84,4,9.414033228858957,10
665,63,25,109,10,9.392892060380623,15
666,48,13,51,6,9.391737592298234,7
667,109,11,36,3,9.390936468630548,8
668,80,33,107,11,9.376730084103613,22
669,41,16,77,5,9.374945974938667,11
670,104,21,84,8,9.37162724208143,13
671,87,14,33,5,9.358610632806945,9
672,23,12,50,3,9.354699302165745,9
673,28,29,2,10,9.34282167881126,19
674,53,20,12,8,9.33945038591408,12
675,111,15,51,5,9.328246716797016,10
676,76,11,48,3,9.32275185522147,8
677,50,17,70,7,9.316243790355681,10
678,37,17,27,6,9.314988662643295,11
679,15,13,11,5,9.314265162028605,8
680,45,10,38,3,9.31109379184883,7
681,100,17,18,7,9.297622647277194,10
682,63,19,77,6,9.291814452323939,13
683,60,25,29,10,9.283204942004181,15
684,29,15,27,4,9.2811135121499,11
685,75,13,93,5,9.279825087560205,8
686,76,31,68,8,9.272498266828656,23
687,20,16,90,6,9.25670480461804,10
688,78,15,53,6,9.245467105519944,9
689,11,13,10,5,9.240894504208253,8
690,104,18,38,7,9.236395276928322,11
691,70,16,69,5,9.227346228401574,11
692,64,11,81,4,9.217681779438383,7
693,16,19,14,7,9.215741001366093,12
694,13,19,6,7,9.21551599242718,12
695,27,15,4,6,9.214915067697104,9
696,93,11,90,4,9.204947446014161,7
697,2,12,40,4,9.204153353273352,8
698,73,17,40,6,9.199997222971483,11
699,23,14,91,6,9.188824217195519,8
700,15,13,91,6,9.175439096539632,7
701,92,15,40,5,9.168940871834318,10
702,86,30,48,11,9.16469180554466,19
703,16,63,106,21,9.160803291418002,42
704,50,43,5,17,9.156049369840707,26
705,39,25,106,10,9.155969378752744,15
706,30,45,65,16,9.147382543925602,29
707,64,13,11,3,9.14671239096917,10
708,16,40,9,13,9.142096271109022,27
709,60,25,81,9,9.119854252529585,16
710,91,22,20,9,9.11515023214943,13
711,92,11,17,4,9.114563540800457,7
712,109,15,31,5,9.11388757240418,10
713,100,16,78,6,9.111982399643404,10
714,75,22,49,8,9.10384818725207,14
715,75,59,68,20,9.101320704031792,39
716,58,20,68,7,9.097701878706363,13
717,95,34,8,13,9.079209474058969,21
718,44,29,86,10,9.073857704921485,19
719,28,34,75,12,9.068390514566694,22
720,30,11,61,4,9.067314274609851,7
721,78,13,43,5,9.06197930193436,8
722,69,18,57,6,9.053157000869454,12
723,35,16,45,7,9.040031591861501,9
724,34,23,8,8,9.029109968573678,15
725,68,49,87,18,9.026916198896792,31
726,75,18,100,8,9.024866169547831,10
727,30,16,70,7,9.016092338129877,9
728,5,15,36,6,9.008614310253613,9
729,28,15,52,6,8.975367013246691,9
730,97,18,36,7,8.970668153566264,11
731,47,20,114,8,8.969382880850322,12
732,43,16,84,6,8.968948746982855,10
733,28,11,32,4,8.963821007682872,7
734,73,12,31,4,8.938919570135752,8
735,13,22,84,7,8.92622496976615,15
736,11,10,91,3,8.923724837318142,7
737,26,10,88,4,8.919527282390282,6
738,60,25,12,12,8.918654482484731,13
739,110,19,25,6,8.917701672558222,13
740,89,15,107,5,8.908975430626485,10
741,7,20,109,7,8.9080321410632,13
742,15,14,55,4,8.90352085117802,10
743,13,35,3,11,8.889146842450907,24
744,69,12,97,4,8.888377862411462,8
745,44,20,13,7,8.886721786197054,13
746,49,11,53,4,8.876928289416245,7
747,23,16,12,6,8.872217683410865,10
748,3,11,98,5,8.853639708389592,6
749,107,13,61,5,8.850698470757944,8
750,41,42,86,14,8.84762708894901,28
751,32,15,87,5,8.84415502943487,10
752,87,36,9,15,8.83528388860613,21
753,39,38,88,14,8.832170453588976,24
754,63,19,36,7,8.822881427312195,12
755,36,18,47,6,8.810892372607714,12
756,106,10,42,3,8.802546839644418,7
757,39,36,20,15,8.800920294125156,21
758,109,12,77,5,8.789144881364965,7
759,77,14,99,4,8.784719144285264,10
760,106,23,18,8,8.778191080978742,15
761,41,12,96,3,8.760253621607967,9
762,108,27,13,9,8.751351034715968,18
763,100,22,88,8,8.748881194655748,14
764,38,14,106,7,8.74501943352997,7
765,4,22,17,7,8.727735068009611,15
766,8,26,57,9,8.727187925997562,17
767,58,10,45,4,8.721721801464442,6
768,45,15,86,6,8.710518828201982,9
769,63,15,102,6,8.710165699989911,9
770,63,35,20,14,8.705248065274409,21
771,51,53,63,22,8.69391289803655,31
772,9,31,31,11,8.678153869820548,20
773,13,28,94,10,8.67447319597004,18
774,85,10,98,3,8.673802483900154,7
775,63,32,76,11,8.66091726275254,21
776,30,46,107,17,8.65333978621303,29
777,41,19,97,7,8.638943706099205,12
778,1,24,65,10,8.63311694974403,14
779,68,29,18,11,8.623169944927229,18
780,9,14,19,5,8.611355514485423,9
781,51,21,33,6,8.606152418737853,15
782,27,39,88,16,8.602187681442969,23
783,90,22,50,8,8.598522697494,14
784,81,20,16,7,8.585952206420341,13
785,95,23,55,8,8.575006509864881,15
786,78,11,36,4,8.552435160203329,7
787,94,11,2,4,8.55058688518052,7
788,114,13,62,5,8.54955618000272,8
789,23,39,60,14,8.54484295529887,25
790,65,30,29,12,8.53673533871122,18
791,12,13,106,4,8.530975907772834,9
792,16,43,46,15,8.523887339164597,28
793,62,23,88,9,8.512625127129992,14
794,20,20,68,8,8.505965296169743,12
795,72,14,17,5,8.505149187303852,9
796,91,10,45,4,8.504304930616431,6
797,64,28,40,10,8.496071624321134,18
798,55,18,23,8,8.49046563373251,10
799,75,16,1,5,8.487454866261048,11
800,74,14,77,5,8.485489523270209,9
801,20,22,41,9,8.461320470159405,13
802,114,24,3,8,8.461132150785255,16
803,15,13,53,5,8.45144556317874,8
804,95,14,96,5,8.45037398259218,9
805,8,32,114,11,8.446067232393613,21
806,96,24,70,11,8.437417991026262,13
807,55,20,114,7,8.432483182241098,13
808,73,19,90,7,8.424101991862472,12
809,38,13,54,5,8.421224564929705,8
810,109,14,67,7,8.410228891959628,7
811,11,25,57,11,8.400613395593451,14
812,80,11,79,5,8.39440233865723,6
813,67,10,104,4,8.393331116483226,6
814,7,45,25,16,8.37280661834829,29
815,64,11,29,3,8.360354117139725,8
816,7,22,5,8,8.357081514884824,14
817,38,23,65,10,8.354229779220864,13
818,41,32,31,12,8.353957395244583,20
819,8,29,84,10,8.33757645831541,19
820,25,15,9,5,8.323455878342044,10
821,103,16,17,5,8.316268501161485,11
822,102,17,88,5,8.307899790454732,12
823,90,31,106,10,8.283845461248372,21
824,16,66,63,25,8.283483649795642,41
825,41,18,91,6,8.276671952774393,12
826,57,38,107,15,8.273456454582034,23
827,75,12,76,5,8.269580351796622,7
828,50,34,55,14,8.268886532039616,20
829,37,12,14,5,8.266467835075433,7
830,23,13,77,5,8.25169990682115,8
831,112,10,79,4,8.23380656767564,6
832,69,21,106,8,8.230262561693124,13
833,99,10,71,4,8.22496630028886,6
834,85,16,72,5,8.221502081191193,11
835,112,14,40,6,8.221202026655053,8
836,87,24,93,9,8.20135369004028,15
837,74,25,39,10,8.195535087876927,15
838,63,11,89,3,8.19292788894577,8
839,58,19,13,6,8.174457300065603,13
840,50,28,71,11,8.165371088482388,17
841,76,19,39,6,8.162098747442764,13
842,54,31,60,11,8.16146550040988,20
843,18,16,112,5,8.155957753880719,11
844,1,19,87,8,8.152622059420272,11
845,49,14,23,5,8.148332918900476,9
846,4,10,112,4,8.145974306589784,6
847,26,10,107,4,8.136960920766814,6
848,81,11,111,3,8.120062859865854,8
849,74,15,48,7,8.108554922899495,8
850,27,14,103,6,8.105344167970014,8
851,30,16,46,6,8.09849810603762,10
852,37,42,46,14,8.09589581959515,28
853,60,30,50,13,8.087484578525554,17
854,7,15,10,6,8.086365440359023,9
855,109,15,46,6,8.081904977493476,9
856,8,61,5,24,8.080732178020162,37
857,110,16,97,6,8.077466293642946,10
858,53,13,46,5,8.064750592390656,8
859,51,15,91,5,8.060157448942936,10
860,20,36,84,11,8.04861670328596,25
861,58,26,107,9,8.037629940895535,17
862,90,22,13,8,8.036549897684578,14
863,52,13,8,5,8.032663143129467,8
864,75,41,50,14,8.02466935745211,27
865,63,12,52,5,8.015196003418383,7
866,35,11,9,5,8.012816785902409,6
867,48,12,25,5,8.01244102921806,7
868,76,16,114,5,8.01045549406789,11
869,91,31,98,12,8.010154956050265,19
870,102,19,96,7,7.9956311609664965,12
871,44,22,6,7,7.994067314889742,15
872,13,16,70,6,7.990308468406848,10
873,5,28,84,11,7.986435375626319,17
874,43,20,19,7,7.982302887065219,13
875,12,12,4,4,7.976222296376225,8
876,48,11,89,3,7.971806233433707,8
877,65,25,5,10,7.967561696591304,15
878,23,21,39,8,7.9630880242589255,13
879,39,60,68,24,7.949045174912651,36
880,53,19,61,6,7.9431150632920575,13
881,73,17,87,5,7.942207150258419,12
882,87,28,91,10,7.938627726741352,18
883,18,10,34,3,7.934073113605032,7
884,33,16,20,6,7.928062438364485,10
885,60,14,66,4,7.920621770687662,10
886,34,20,84,8,7.917696778697559,12
887,54,22,18,9,7.917650548154775,13
888,88,10,82,4,7.912578083642496,6
889,71,13,38,4,7.906029048659733,9
890,78,11,31,5,7.904414780494012,6
891,53,14,90,5,7.90103229929259,9
892,62,23,68,9,7.893829370684333,14
893,16,28,76,13,7.8897419877655794,15
894,86,45,76,18,7.887634788633699,27
895,114,25,90,10,7.8701656835045455,15
896,89,11,13,5,7.868919524993351,6
897,44,12,35,5,7.859665557157517,7
898,106,26,91,9,7.859341034872018,17
899,29,14,55,5,7.851130455007913,9
900,53,19,109,7,7.841205358929896,12
901,107,20,77,8,7.820720701788074,12
902,25,46,46,19,7.8204011950255445,27
903,49,12,37,5,7.82035535241221,7
904,114,12,110,4,7.80031681097971,8
905,50,15,48,5,7.798532000224024,10
906,15,36,39,12,7.792193998628629,24
907,55,22,64,7,7.789831302640343,15
908,47,10,111,4,7.786638633209644,6
909,100,16,103,7,7.783417140449253,9
910,64,13,19,4,7.776851315652561,9
911,92,14,114,4,7.774797164908212,10
912,41,15,81,5,7.770221546669875,10
913,50,22,18,9,7.758401768064157,13
914,53,11,73,4,7.756297558195456,7
915,37,49,25,20,7.755599308877524,29
916,16,32,64,11,7.754231430905149,21
917,73,13,54,5,7.746921178252216,8
918,28,14,12,5,7.741725097225164,9
919,44,11,84,5,7.741464370739849,6
920,30,50,16,19,7.734357161184537,31
921,15,15,1,5,7.73306575970013,10
922,34,14,39,6,7.721485802648023,8
923,46,13,64,5,7.701785189637151,8
924,111,25,7,10,7.69032342577198,15
925,5,32,11,12,7.687442157533876,20
926,37,29,38,11,7.668156637885108,18
927,37,24,96,10,7.665844925696509,14
928,107,27,35,9,7.659745377736294,18
929,16,81,39,32,7.651983090761785,49
930,86,22,72,8,7.651597318688157,14
931,33,13,31,6,7.647223417443057,7
932,70,11,60,4,7.6464357490262,7
933,97,29,5,10,7.639418302115124,19
934,96,22,80,8,7.6325568595370585,14
935,41,30,104,13,7.632551301738366,17
936,39,31,43,13,7.6174681270571165,18
937,18,20,36,8,7.5949028785012285,12
938,39,17,78,7,7.594030405779085,10
939,58,18,88,7,7.5880987725104365,11
940,72,10,36,4,7.585561627806539,6
941,28,31,114,13,7.584853881328923,18
942,34,17,48,7,7.58176353597154,10
943,46,12,77,5,7.574271980014295,7
944,34,14,5,4,7.5706698448560905,10
945,40,66,68,24,7.5703219943157025,42
946,107,30,109,11,7.567930415965966,19
947,97,24,51,8,7.56785294854944,16
948,60,19,45,8,7.562934672858015,11
949,87,38,40,16,7.562449238427529,22
950,19,10,79,4,7.551536262697121,6
951,30,10,85,4,7.5440843213091044,6
952,85,10,46,3,7.538229298143679,7
953,104,24,11,9,7.537453191814535,15
954,6,11,55,3,7.526848268362216,8
955,55,18,77,7,7.520653437888106,11
956,88,24,3,9,7.5117017749719,15
957,15,13,50,5,7.509982415529958,8
958,6,13,61,5,7.506143312140655,8
959,27,14,98,6,7.497316272159128,8
960,27,21,53,7,7.494848578130689,14
961,20,42,16,14,7.490661859277886,28
962,89,12,68,5,7.483167732526591,7
963,70,14,36,6,7.476080415111229,8
964,108,15,63,6,7.475559971035058,9
965,64,37,31,14,7.4738922265185375,23
966,28,10,81,4,7.472696801730322,6
967,60,10,57,4,7.467563385882379,6
968,13,34,69,13,7.463742443314802,21
969,45,12,53,5,7.463487107897495,7
970,37,21,110,9,7.457046552670356,12
971,46,30,75,12,7.449361290092638,18
972,11,12,71,5,7.444969376445684,7
973,30,25,88,11,7.4406011551513975,14
974,64,17,43,7,7.43896725456377,10
975,34,11,43,4,7.424240308041092,7
976,8,19,91,7,7.416456742894205,12
977,36,34,41,16,7.412500474371832,18
978,27,10,79,4,7.410947014194593,6
979,108,22,88,8,7.409334471097551,14
980,100,19,60,7,7.407232332782622,12
981,41,17,89,6,7.402414100587752,11
982,100,11,29,5,7.392867482515364,6
983,1,10,5,4,7.391988711274886,6
984,75,50,16,20,7.38842567902132,30
985,86,36,17,16,7.373387885533473,20
986,73,10,71,4,7.37323406519455,6
987,13,35,54,13,7.373225396669799,22
988,34,15,74,5,7.367415754617591,10
989,31,14,80,4,7.367135464628976,10
990,25,16,33,5,7.36592627296452,11
991,77,10,114,4,7.3654772203978025,6
992,104,36,60,11,7.3607160522172075,25
993,73,25,8,10,7.35879002547718,15
994,17,19,9,8,7.3581791578689,11
995,87,17,112,7,7.3462185343517366,10
996,48,24,79,9,7.345817828277461,15
997,23,18,114,6,7.344942637597016,12
998,40,41,104,15,7.342291894534163,26
999,11,10,103,3,7.33896872976819,7
1000,16,11,12,4,7.337174492281632,7
1001,75,16,2,7,7.332326563651873,9
1002,2,32,107,12,7.32884412298255,20
1003,43,13,68,5,7.327777492653936,8
1004,70,42,5,17,7.323141246130927,25
1005,47,14,15,6,7.306305822535999,8
1006,63,14,85,6,7.301748789802251,8
1007,54,33,40,13,7.298767912387551,20
1008,47,11,61,4,7.295405799949466,7
1009,7,51,87,19,7.288175031485435,32
1010,43,31,40,13,7.2876910701836355,18
1011,97,16,29,6,7.284915525257299,10
1012,13,20,98,7,7.284404613166717,13
1013,114,42,13,19,7.284350704257176,23
1014,16,110,88,41,7.282392910348155,69
1015,51,60,65,22,7.277820035038127,38
1016,72,10,19,4,7.277105347319699,6
1017,55,20,68,7,7.273979151335479,13
1018,106,13,57,6,7.272492874678534,7
1019,62,10,96,3,7.268496266352443,7
1020,110,16,70,6,7.267896542251015,10
1021,20,17,98,6,7.267496359610282,11
1022,75,19,81,7,7.259552889264539,12
1023,86,30,79,11,7.258463117259926,19
1024,84,33,39,14,7.257920848438738,19
1025,39,21,29,9,7.255610634446349,12
1026,98,19,84,6,7.255378652482318,13
1027,98,12,93,5,7.2513528092711335,7
1028,46,13,90,5,7.250761878801304,8
1029,31,14,5,5,7.246607645789562,9
1030,30,21,69,9,7.246017311790674,12
1031,20,10,75,4,7.241047227766171,6
1032,114,27,40,9,7.240772461331043,18
1033,54,16,62,6,7.236680580960737,10
1034,16,34,69,13,7.2318672651791776,21
1035,13,60,106,23,7.22482230869508,37
1036,35,20,40,7,7.2238461178978355,13
1037,112,22,76,10,7.216620353424457,12
1038,27,13,35,5,7.215256796262466,8
1039,29,15,23,6,7.198689194300129,9
1040,53,13,38,5,7.198101634639961,8
1041,17,11,48,5,7.198036653114912,6
1042,109,13,22,5,7.1904728762162415,8
1043,103,13,84,6,7.189748094528316,7
1044,18,11,62,4,7.178564522913039,7
1045,36,16,112,6,7.175574629533441,10
1046,98,41,86,17,7.171894084868247,24
1047,100,20,43,9,7.154162949229226,11
1048,38,18,84,8,7.154125748328736,10
1049,34,12,60,4,7.148158666349012,8
1050,29,14,37,6,7.147246302868531,8
1051,88,10,103,4,7.146583091840611,6
1052,5,17,60,6,7.144002600647477,11
1053,40,50,55,19,7.142420946012768,31
1054,90,26,87,10,7.134749793973535,16
1055,75,57,107,18,7.131800392099847,39
1056,88,11,67,3,7.127393540580368,8
1057,67,12,107,4,7.124134838046416,8
1058,86,30,83,10,7.114862976089345,20
1059,45,33,7,13,7.114147641228475,20
1060,1,10,45,4,7.100044646871245,6
1061,38,14,17,6,7.099034060595348,8
1062,27,15,64,5,7.097541085798832,10
1063,28,20,62,8,7.086204539456473,12
1064,28,35,70,14,7.078735797739843,21
1065,102,14,98,6,7.075813129571894,8
1066,50,14,49,6,7.064134383315743,8
1067,100,21,25,9,7.062312436550092,12
1068,99,18,36,6,7.061516094995872,12
1069,65,16,73,6,7.056062739811479,10
1070,47,15,69,6,7.043220477710501,9
1071,55,25,97,9,7.041738062020972,16
1072,20,10,110,4,7.040932959044509,6
1073,85,24,84,8,7.039561068893882,16
1074,86,93,51,40,7.036429696574812,53
1075,95,15,40,6,7.026458120737083,9
1076,89,14,104,6,7.025402807656734,8
1077,87,27,53,12,7.022639512769477,15
1078,93,26,54,9,7.002072182522706,17
1079,80,13,48,4,6.99747900943173,9
1080,62,15,5,6,6.992708759597391,9
1081,114,19,1,7,6.990089974683044,12
1082,111,23,13,10,6.988942249892523,13
1083,17,20,55,9,6.987444025974705,11
1084,53,30,30,12,6.984989750265453,18
1085,8,17,33,6,6.975602243001775,11
1086,18,23,97,9,6.965163575719862,14
1087,78,18,8,7,6.964373625818675,11
1088,26,21,13,7,6.963297761552151,14
1089,16,34,36,13,6.9623095532486845,21
1090,32,18,104,6,6.95922508638955,12
1091,90,20,63,8,6.95733483322538,12
1092,4,25,51,9,6.952578906103857,16
1093,99,12,88,5,6.93913123202866,7
1094,7,21,46,7,6.935769096747123,14
1095,75,19,30,8,6.923427737676235,11
1096,85,14,13,5,6.918810312172774,9
1097,15,24,19,10,6.911568874572907,14
1098,49,10,43,4,6.893725681604248,6
1099,76,16,88,7,6.891817282335726,9
1100,62,14,8,4,6.890538902903525,10
1101,90,22,65,10,6.887045978873851,12
1102,106,15,99,5,6.882359612487447,10
1103,104,15,69,5,6.881466290146877,10
1104,27,34,87,14,6.870167901135504,20
1105,78,22,87,10,6.86895196978416,12
1106,12,14,49,4,6.866754769998276,10
1107,60,43,4,19,6.864343045215706,24
1108,9,13,57,5,6.861208808927346,8
1109,13,29,95,12,6.852052215706936,17
1110,7,99,51,37,6.849475435937799,62
1111,41,12,94,4,6.847345171995751,8
1112,86,80,96,31,6.839782165020975,49
1113,78,14,96,5,6.830515928543477,9
1114,95,25,106,9,6.830338155584792,16
1115,68,69,31,28,6.821634358561019,41
1116,65,14,66,5,6.821265394674894,9
1117,30,22,104,10,6.820606807560422,12
1118,60,17,58,7,6.820272973850589,10
1119,49,15,15,6,6.818845976695839,9
1120,41,18,43,7,6.81884584310875,11
1121,56,13,4,6,6.816273515879696,7
1122,51,20,96,8,6.809158319794973,12
1123,39,21,112,9,6.808588240484281,12
1124,27,20,49,8,6.805361964036526,12
1125,71,50,13,21,6.804323620324037,29
1126,3,12,109,5,6.800442852243994,7
1127,49,10,71,4,6.800377692667283,6
1128,55,10,31,4,6.798197972656263,6
1129,17,10,3,5,6.783991378108847,5
1130,88,18,112,7,6.779128140681474,11
1131,33,23,107,10,6.763493299081546,13
1132,57,12,109,5,6.758716421545093,7
1133,86,54,97,22,6.749652418711037,32
1134,94,10,71,4,6.748460655059317,6
1135,45,13,68,5,6.747691137383071,8
1136,84,26,48,10,6.7407911051084906,16
1137,40,14,78,4,6.732885786530082,10
1138,74,38,96,14,6.731828732252355,24
1139,14,13,95,5,6.731405281187272,8
1140,72,11,88,4,6.729487423377159,7
1141,16,19,58,7,6.723872489637056,12
1142,100,11,95,5,6.722166987268522,6
1143,100,17,49,8,6.721995195804149,9
1144,65,10,32,4,6.718474357729474,6
1145,28,35,97,13,6.716635909782017,22
1146,83,15,74,7,6.703298030488857,8
1147,111,11,106,3,6.697425895741327,8
1148,54,75,88,30,6.6874207756050055,45
1149,39,84,51,34,6.677303029953274,50
1150,16,68,55,25,6.673907741530192,43
1151,85,20,54,7,6.664179187550933,13
1152,10,12,57,4,6.658857003244836,8
1153,1,15,94,7,6.658852117194986,8
1154,83,11,71,5,6.656205380333864,6
1155,71,19,37,8,6.653996053488669,11
1156,32,26,5,10,6.647447060451906,16
1157,4,30,65,12,6.6356003955737535,18
1158,39,22,37,9,6.632156694863052,13
1159,108,12,68,5,6.6299354413411775,7
1160,25,48,5,19,6.626414170343125,29
1161,85,10,75,3,6.61929344121288,7
1162,71,18,81,7,6.61709770119633,11
1163,39,14,94,5,6.607055031378494,9
1164,34,16,30,6,6.601140375094157,10
1165,107,37,43,14,6.600978620740834,23
1166,65,28,96,12,6.593487230396348,16
1167,76,41,51,15,6.590745595942762,26
1168,86,27,1,11,6.584989828827026,16
1169,65,46,20,17,6.582851496170298,29
1170,69,10,48,5,6.577798378248737,5
1171,76,13,18,5,6.573059513523393,8
1172,53,26,114,11,6.571088082289226,15
1173,104,37,25,16,6.567754121461538,21
1174,23,29,68,13,6.562476411578635,16
1175,68,25,91,11,6.550419627313768,14
1176,54,58,70,23,6.543056803225659,35
1177,86,29,81,9,6.532482502137965,20
1178,91,13,80,5,6.531108694088673,8
1179,13,35,37,14,6.522302273576749,21
1180,100,18,114,7,6.509461416428781,11
1181,86,20,103,8,6.502854567619721,12
1182,90,11,102,6,6.502237322589002,5
1183,87,30,41,12,6.500655116407746,18
1184,27,38,51,14,6.499025140885332,24
1185,107,30,49,13,6.496803725713358,17
1186,48,10,104,4,6.493358473776671,6
1187,107,46,53,18,6.492903474758714,28
1188,70,20,9,7,6.477071321597407,13
1189,89,10,55,4,6.472799854469153,6
1190,100,17,30,6,6.466944084563581,11
1191,100,17,55,8,6.465563036443129,9
1192,70,13,29,6,6.465173609286504,7
1193,30,10,81,4,6.458484974391473,6
1194,78,14,98,6,6.457784687804565,8
1195,6,10,28,4,6.452419128804086,6
1196,4,20,87,7,6.445923142452618,13
1197,41,20,109,7,6.432688342356182,13
1198,40,16,33,5,6.427211772717694,11
1199,78,22,69,9,6.418572165194335,13
1200,91,18,54,8,6.414686940093468,10
1201,106,13,77,6,6.407119934187455,7
1202,80,20,37,8,6.401050818487373,12
1203,43,26,87,11,6.400011186996291,15
1204,54,45,109,17,6.380200377092308,28
1205,7,21,56,9,6.361794853449644,12
1206,41,15,28,6,6.359689551305939,9
1207,92,13,27,6,6.356396578041118,7
1208,85,17,96,5,6.345069391274802,12
1209,62,22,40,11,6.34058891485694,11
1210,65,27,69,11,6.334726416266508,16
1211,33,13,23,5,6.330114552953447,8
1212,54,14,112,5,6.3267118256224935,9
1213,64,22,8,8,6.316286000866925,14
1214,63,59,54,23,6.309444480907377,36
1215,47,25,88,11,6.30940951414976,14
1216,88,25,57,11,6.308509689840414,14
1217,13,61,87,23,6.302384648925379,38
1218,94,11,35,5,6.295790159546813,6
1219,16,87,87,36,6.294646679879138,51
1220,54,13,3,6,6.2904200663200225,7
1221,63,24,38,8,6.287709572055487,16
1222,70,16,64,5,6.286009204558742,11
1223,62,18,51,7,6.283420772007452,11
1224,41,11,102,4,6.282861273718874,7
1225,86,21,4,8,6.2794844995496994,13
1226,78,20,7,9,6.276730085848355,11
1227,56,11,8,4,6.27523901819633,7
1228,20,45,5,17,6.270373633442785,28
1229,69,11,96,4,6.268969865653719,7
1230,104,24,100,9,6.26669912958639,15
1231,15,12,95,5,6.265255655621163,7
1232,77,17,88,7,6.264530601131227,10
1233,92,22,39,10,6.263991845659126,12
1234,13,45,23,20,6.238267851069181,25
1235,114,48,5,20,6.237633533478721,28
1236,64,33,65,14,6.233889248800645,19
1237,104,41,50,16,6.230364171354915,25
1238,16,42,91,15,6.227187272730326,27
1239,109,10,62,3,6.224068902567428,7
1240,47,14,28,6,6.211297191624255,8
1241,8,56,63,24,6.209822348869131,32
1242,35,15,84,6,6.209299301194261,9
1243,39,27,38,11,6.2054678464741535,16
1244,74,28,70,13,6.203999405338755,15
1245,108,16,27,6,6.203628729986851,10
1246,81,14,69,6,6.2015178700162785,8
1247,63,28,2,12,6.200018491851485,16
1248,76,39,107,13,6.198627172224359,26
1249,98,21,49,9,6.187949327027538,12
1250,91,12,71,5,6.187474142289449,7
1251,55,14,35,6,6.181710197353361,8
1252,13,33,8,13,6.170066810849093,20
1253,57,21,102,9,6.169321397774083,12
1254,15,20,3,9,6.168197310846255,11
1255,13,47,36,18,6.167141158071529,29
1256,16,24,108,9,6.148582612448618,15
1257,68,13,33,5,6.145832331304968,8
1258,81,34,13,13,6.133078295186986,21
1259,54,31,68,12,6.129451922490282,19
1260,62,10,11,4,6.126587814431934,6
1261,25,35,88,12,6.123879676950231,23
1262,81,13,31,4,6.117159791325403,9
1263,90,12,7,5,6.108519045195328,7
1264,75,17,84,7,6.100134417881318,10
1265,10,13,87,5,6.098821416398097,8
1266,111,23,107,11,6.08814286411973,12
1267,76,17,60,5,6.087951137063837,12
1268,70,29,20,11,6.080511379179193,18
1269,55,10,69,4,6.075582313218194,6
1270,69,34,86,14,6.07493667313256,20
1271,23,27,41,11,6.068042449918637,16
1272,102,19,51,8,6.04652873125996,11
1273,63,24,18,9,6.046455003215173,15
1274,70,15,93,6,6.04469500542117,9
1275,94,11,88,4,6.041461864182689,7
1276,8,16,32,7,6.041444852098721,9
1277,12,23,107,8,6.037067737625527,15
1278,27,14,114,6,6.034743873961818,8
1279,7,24,98,9,6.0336860037819795,15
1280,75,31,31,14,6.033482134287373,17
1281,64,38,86,16,6.030765339147399,22
1282,91,17,50,6,6.027790824025911,11
1283,95,20,46,8,6.027785407812038,12
1284,65,23,3,9,6.026934943225481,14
1285,80,33,55,15,6.024950901743931,18
1286,63,33,13,14,6.024739641852312,19
1287,98,24,37,10,6.023716027404386,14
1288,65,61,88,23,6.004362907857696,38
1289,37,19,100,7,6.000890669706824,12
1290,107,32,3,15,5.999011076330673,17
1291,8,27,100,10,5.99442420956559,17
1292,114,25,31,11,5.991876520395493,14
1293,64,20,18,8,5.974775055211904,12
1294,69,12,54,5,5.973066602774385,7
1295,102,21,87,8,5.971447061156249,13
1296,97,18,40,7,5.966918416140386,11
1297,104,19,17,8,5.965485227876699,11
1298,68,52,53,21,5.964244334939563,31
1299,12,21,68,8,5.954750290252033,13
1300,97,12,10,6,5.950831581917705,6
1301,33,15,7,7,5.9471342175078945,8
1302,28,15,53,6,5.9457443646332715,9
1303,104,31,63,13,5.941916936388201,18
1304,74,10,43,5,5.941779824004124,5
1305,63,13,10,5,5.94033318775015,8
1306,57,15,40,6,5.936628176580016,9
1307,37,45,63,18,5.933785173114154,27
1308,100,28,39,12,5.931884452501854,16
1309,8,30,9,15,5.931176874194081,15
1310,103,15,79,6,5.924794393548496,9
1311,73,20,114,8,5.924435121305103,12
1312,109,27,55,13,5.923431655873009,14
1313,112,16,29,7,5.922867160258866,9
1314,107,29,62,14,5.921546438225422,15
1315,93,10,63,4,5.9175632502755855,6
1316,47,23,68,9,5.915128475524724,14
1317,41,15,45,5,5.9144627061547626,10
1318,84,27,57,13,5.910397185802947,14
1319,69,10,25,4,5.903986394303471,6
1320,46,12,1,6,5.891865749051654,6
1321,74,34,84,16,5.891399521581718,18
1322,109,19,34,8,5.8910600256239505,11
1323,78,29,57,13,5.890253326975831,16
1324,64,34,51,14,5.888421423830696,20
1325,46,12,36,5,5.882094180819339,7
1326,97,27,68,11,5.880460614845399,16
1327,28,12,31,5,5.87633787823225,7
1328,62,17,9,7,5.86600144742425,10
1329,54,36,95,16,5.865979569344106,20
1330,34,17,7,7,5.863504951401833,10
1331,7,20,112,8,5.8633899504874805,12
1332,72,10,114,5,5.860000941124309,5
1333,104,37,55,15,5.856904127783749,22
1334,74,37,46,14,5.850135921281393,23
1335,108,10,65,5,5.847992745343311,5
1336,28,17,94,6,5.821481138029022,11
1337,40,16,5,7,5.820527251695649,9
1338,80,28,106,11,5.812470547213421,17
1339,79,13,20,5,5.810117746469002,8
1340,62,20,65,9,5.802429384374058,11
1341,91,19,31,7,5.801858258461766,12
1342,74,28,55,12,5.797157459674129,16
1343,98,26,63,11,5.795644107915217,15
1344,38,16,19,5,5.78310801022648,11
1345,16,19,93,9,5.776545074834794,10
1346,69,20,28,9,5.772064288839902,11
1347,9,19,104,8,5.769857547388705,11
1348,11,19,35,8,5.768399159544,11
1349,71,13,27,5,5.7671503535549125,8
1350,58,13,53,7,5.756559382638666,6
1351,23,13,47,5,5.755142063292807,8
1352,36,12,77,5,5.751140829309578,7
1353,19,11,80,4,5.749943576584892,7
1354,78,10,81,5,5.742474614478736,5
1355,25,42,106,16,5.73768822242091,26
1356,107,64,104,26,5.737421230069909,38
1357,34,11,38,4,5.733514369563806,7
1358,13,48,25,22,5.729332953997915,26
1359,45,14,9,5,5.727853500458987,9
1360,29,29,87,11,5.726464746901372,18
1361,25,26,51,11,5.72613511284895,15
1362,98,13,17,6,5.723425305113809,7
1363,41,18,37,7,5.716493275276269,11
1364,23,11,102,5,5.7160538226538815,6
1365,74,22,109,8,5.703058853572775,14
1366,53,17,62,7,5.701449545318567,10
1367,47,18,86,7,5.697686731101679,11
1368,27,22,63,10,5.696621529236672,12
1369,70,10,32,5,5.692479372096213,5
1370,106,46,5,18,5.689619439430471,28
1371,30,25,55,10,5.686463879094618,15
1372,102,10,95,4,5.685319962340818,6
1373,54,11,12,5,5.67450373056912,6
1374,94,10,25,5,5.671887186214519,5
1375,75,39,37,14,5.670197882049105,25
1376,16,31,99,13,5.665818337043021,18
1377,54,11,82,4,5.664278302313932,7
1378,9,13,61,5,5.652969843590383,8
1379,86,87,88,36,5.651261944060885,51
1380,4,10,97,4,5.649870700339136,6
1381,39,13,97,5,5.649731064357227,8
1382,73,23,74,9,5.649045009007229,14
1383,57,27,39,12,5.644327608159103,15
1384,28,22,3,9,5.641703705085423,13
1385,108,14,98,6,5.640790264148573,8
1386,29,14,34,6,5.633028321907441,8
1387,75,46,51,20,5.632745764536371,26
1388,75,43,9,17,5.6326941278183265,26
1389,86,28,73,13,5.62531345595925,15
1390,5,21,17,7,5.625033929201379,14
1391,19,10,5,4,5.623378775596127,6
1392,47,37,13,15,5.620628318875079,22
1393,95,26,50,11,5.619957219349123,15
1394,16,48,50,20,5.617696720442929,28
1395,28,29,76,13,5.615688910158878,16
1396,30,14,90,6,5.614315415339312,8
1397,100,15,50,6,5.612526049660052,9
1398,70,17,98,6,5.604121247592221,11
1399,13,12,103,5,5.59714648408255,7
1400,89,13,53,6,5.5817208357882135,7
1401,14,14,88,6,5.580858903619985,8
1402,39,18,81,7,5.577412628644603,11
1403,16,24,79,10,5.575625932552134,14
1404,7,23,38,10,5.57543888103377,13
1405,108,20,87,8,5.574767823140031,12
1406,42,11,69,5,5.570250078296481,6
1407,37,60,104,24,5.563475261062019,36
1408,31,10,95,4,5.5581891593402775,6
1409,46,11,4,5,5.55622187464566,6
1410,8,41,25,16,5.550067480025434,25
1411,36,53,31,23,5.548564460468652,30
1412,25,18,84,7,5.5466876181289715,11
1413,20,22,2,9,5.544865436021075,13
1414,86,51,75,23,5.544222274149607,28
1415,106,31,23,15,5.535479536227778,16
1416,114,45,68,19,5.528966703625285,26
1417,33,14,102,6,5.525239013163607,8
1418,28,33,7,13,5.522079859732702,20
1419,62,10,20,4,5.517288163699186,6
1420,87,59,37,24,5.516733087496062,35
1421,28,35,9,16,5.5146514821295405,19
1422,95,19,83,7,5.510188596504647,12
1423,32,13,109,6,5.5080518973086185,7
1424,3,15,18,5,5.503820701501032,10
1425,62,12,19,4,5.499716515617206,8
1426,67,10,102,4,5.49724656177184,6
1427,114,23,70,9,5.484820175107314,14
1428,14,10,75,4,5.479308338136782,6
1429,12,10,43,3,5.474873764935126,7
1430,31,13,74,5,5.468299370651384,8
1431,5,31,51,11,5.465657211287606,20
1432,89,15,88,7,5.460084177073363,8
1433,71,14,76,7,5.456476326439047,7
1434,75,43,71,16,5.454468163058883,27
1435,97,18,57,8,5.45235309786646,10
1436,8,66,87,28,5.447633775428457,38
1437,100,45,51,22,5.445359051226702,23
1438,102,14,91,6,5.440897571438716,8
1439,71,29,68,11,5.435653336862236,18
1440,87,68,65,28,5.435139657893983,40
1441,27,40,86,15,5.422350684134556,25
1442,4,11,58,4,5.405037105567146,7
1443,9,11,66,5,5.404825557202403,6
1444,84,10,64,3,5.401793074305331,7
1445,54,31,90,13,5.397442007333916,18
1446,100,40,86,19,5.388083386718925,21
1447,41,19,112,8,5.382218168204769,11
1448,20,31,51,15,5.374467949047245,16
1449,75,30,63,13,5.362343223381901,17
1450,7,35,97,16,5.356987360153851,19
1451,7,19,62,8,5.339510147514967,11
1452,97,14,102,5,5.335160623731844,9
1453,44,13,76,5,5.332854064702134,8
1454,76,14,62,6,5.322243155198474,8
1455,87,30,57,12,5.318358141337941,18
1456,28,13,49,6,5.31428031912519,7
1457,51,49,84,20,5.314265702072516,29
1458,48,27,87,11,5.3093887066916015,16
1459,107,19,66,8,5.307859110353934,11
1460,111,25,55,10,5.307717141421055,15
1461,49,28,60,12,5.30016670289431,16
1462,40,49,39,20,5.294535177326297,29
1463,99,21,86,8,5.291638236148403,13
1464,14,19,28,7,5.288795345484194,12
1465,78,24,60,11,5.286066640363099,13
1466,56,11,88,5,5.280224334897691,6
1467,28,11,92,4,5.26619903758234,7
1468,104,51,28,22,5.259412551866781,29
1469,35,11,31,5,5.255104723881263,6
1470,100,12,76,6,5.247422447073434,6
1471,28,24,100,9,5.2470243708497994,15
1472,103,20,16,8,5.2462346597172855,12
1473,53,12,100,5,5.245979720718175,7
1474,25,26,40,11,5.242222631716463,15
1475,98,15,40,7,5.239271076053035,8
1476,52,14,16,6,5.238731564661996,8
1477,91,21,25,9,5.236778929543691,12
1478,43,29,94,13,5.2362530374368665,16
1479,15,19,104,8,5.235404007755863,11
1480,20,37,96,15,5.229501973456113,22
1481,87,39,60,18,5.228061200586124,21
1482,35,11,5,5,5.226534281744142,6
1483,54,54,106,25,5.222938310920249,29
1484,53,29,112,14,5.221677411254142,15
1485,40,22,37,10,5.2189812618502875,12
1486,20,18,76,9,5.218902337593747,9
1487,49,12,55,5,5.21558348601229,7
1488,33,12,91,6,5.213867650447791,6
1489,6,10,39,4,5.213256916387499,6
1490,62,12,104,4,5.212177751521703,8
1491,16,36,53,14,5.201094174764711,22
1492,46,25,39,13,5.196853389468722,12
1493,40,13,113,5,5.193726392686624,8
1494,6,10,71,4,5.193692278292729,6
1495,63,23,23,9,5.190793013982739,14
1496,13,15,102,5,5.1877642091018785,10
1497,75,17,97,7,5.183439015487436,10
1498,19,15,57,6,5.179432440967374,9
1499,75,26,47,9,5.17693162231529,17
1500,114,20,96,8,5.164351476040407,12
1501,107,60,20,26,5.163543558398883,34
1502,16,41,49,17,5.162771022600757,24
1503,91,11,56,5,5.1601828143932735,6
1504,67,12,5,5,5.159840528973067,7
1505,111,14,39,6,5.158992286191915,8
1506,35,16,28,8,5.153123660542302,8
1507,76,28,50,10,5.151966096130058,18
1508,106,24,9,10,5.150083731218861,14
1509,44,15,88,7,5.148664566159752,8
1510,35,12,51,5,5.14727626674268,7
1511,100,22,112,10,5.147009218037666,12
1512,3,18,29,7,5.138991933006876,11
1513,40,12,69,4,5.137627663794988,8
1514,36,21,3,8,5.136055944816986,13
1515,40,30,58,14,5.133397385337812,16
1516,65,45,9,18,5.129160653393479,27
1517,11,22,98,10,5.122669345045474,12
1518,75,18,4,7,5.112428644465592,11
1519,62,14,3,6,5.105573536987866,8
1520,55,23,70,10,5.1032220329288345,13
1521,28,13,108,6,5.102919930198642,7
1522,23,19,100,7,5.096795040845655,12
1523,19,15,3,6,5.096086764992161,9
1524,53,25,104,11,5.0942603831986055,14
1525,1,25,51,11,5.088840176447445,14
1526,32,10,20,3,5.082163415292109,7
1527,85,12,65,5,5.080554075846518,7
1528,10,17,86,8,5.075771557978404,9
1529,90,13,33,5,5.072843762888294,8
1530,46,17,65,6,5.066104910854949,11
1531,84,23,29,10,5.063232995693045,13
1532,15,28,68,11,5.056650352698314,17
1533,55,29,63,13,5.056066807562624,16
1534,13,27,78,11,5.054241570168752,16
1535,65,78,107,33,5.05228805857697,45
1536,15,20,81,9,5.052153784691686,11
1537,28,13,27,4,5.05119454239968,9
1538,11,14,79,7,5.038711911658494,7
1539,65,12,52,4,5.0369958566437525,8
1540,81,14,63,6,5.016441825370756,8
1541,69,14,3,5,5.009117340423518,9
1542,93,26,5,10,5.004460526821323,16
1543,7,41,106,20,5.003800212982272,21
1544,74,15,71,7,4.993812181109021,8
1545,114,15,81,7,4.993414377265688,8
1546,50,23,31,10,4.99199978599778,13
1547,7,30,47,12,4.980252625346256,18
1548,19,21,54,10,4.971879037352174,11
1549,55,47,11,18,4.9717973953487915,29
1550,41,42,68,18,4.9651675063741685,24
1551,40,49,107,19,4.964616090179718,30
1552,109,16,38,6,4.964461961570972,10
1553,96,23,90,9,4.963939687748078,14
1554,16,44,100,18,4.959949917450529,26
1555,16,103,7,45,4.951928398872167,58
1556,56,19,68,9,4.94813216675333,10
1557,51,15,6,6,4.9453303449739225,9
1558,93,27,28,10,4.941127481170006,17
1559,114,22,9,7,4.931319071415342,15
1560,9,19,38,8,4.930493889785887,11
1561,86,40,36,17,4.927433251240005,23
1562,74,56,106,24,4.924754963776778,32
1563,54,12,108,4,4.909695920764135,8
1564,38,12,28,6,4.907164394244691,6
1565,23,14,104,5,4.897799558060741,9
1566,16,34,43,13,4.892938270825966,21
1567,69,11,95,4,4.882909765417961,7
1568,13,16,76,7,4.882389997077543,9
1569,16,49,37,21,4.875150740770066,28
1570,85,12,88,5,4.8737543176102305,7
1571,37,54,106,25,4.865641247327302,29
1572,5,10,89,3,4.86246564090175,7
1573,52,12,107,4,4.861262849981809,8
1574,60,10,79,4,4.860077671823909,6
1575,86,55,104,24,4.860072856889098,31
1576,97,12,32,5,4.851459349576839,7
1577,39,17,83,7,4.845386042652696,10
1578,83,20,64,9,4.840996077098241,11
1579,1,21,54,9,4.840521848687888,12
1580,18,41,75,18,4.835583954062303,23
1581,87,15,52,7,4.832747531124254,8
1582,8,15,67,6,4.831909846155583,9
1583,31,19,25,9,4.823839301099763,10
1584,14,15,54,5,4.820525855929132,10
1585,107,26,69,11,4.8204696774136995,15
1586,74,11,85,5,4.812388004493803,6
1587,6,12,106,5,4.810944704219048,7
1588,2,25,106,11,4.808494527305082,14
1589,96,13,108,6,4.805162668071275,7
1590,75,44,88,18,4.804702938088107,26
1591,16,11,56,4,4.8021414027227,7
1592,75,22,96,7,4.801381492311931,15
1593,68,16,6,6,4.799676836342988,10
1594,111,11,25,5,4.797175922879397,6
1595,52,13,20,5,4.795236183864801,8
1596,9,17,1,9,4.794059502939978,8
1597,97,24,76,11,4.789197045000655,13
1598,76,33,5,14,4.788314400539968,19
1599,87,48,50,22,4.77809392160859,26
1600,9,12,5,5,4.777710715122403,7
1601,46,12,29,7,4.775703546529657,5
1602,114,14,94,7,4.775696268753724,7
1603,78,13,34,6,4.775374082125242,7
1604,30,30,68,14,4.772546445353642,16
1605,90,13,70,6,4.771084444295362,7
1606,12,15,31,7,4.770632464521183,8
1607,43,27,88,11,4.769070275262687,16
1608,30,34,60,12,4.763533549574495,22
1609,6,16,27,7,4.762765446713923,9
1610,64,31,41,12,4.758473174288668,19
1611,93,16,50,6,4.755526241513054,10
1612,90,30,5,12,4.752640516818983,18
1613,41,26,69,9,4.748815562050703,17
1614,25,16,77,7,4.745845616411638,9
1615,77,16,87,7,4.745116036514711,9
1616,97,11,3,4,4.740273088979023,7
1617,8,41,46,19,4.737192297274268,22
1618,19,17,86,7,4.7362233460056355,10
1619,68,19,8,8,4.73543967269736,11
1620,6,11,46,5,4.730994669309113,6
1621,15,14,75,5,4.729161606780822,9
1622,78,22,107,9,4.7251046015466605,13
1623,8,18,98,7,4.722909210715612,11
1624,28,37,18,17,4.710953949587104,20
1625,43,16,71,8,4.70977023229907,8
1626,20,23,46,8,4.708713070266485,15
1627,11,14,80,6,4.704407754517106,8
1628,13,34,1,13,4.702199298952772,21
1629,43,33,65,16,4.700662777627939,17
1630,55,45,60,20,4.699539635247214,25
1631,51,13,58,6,4.6987757235739265,7
1632,16,60,68,23,4.69433729993708,37
1633,97,10,62,4,4.689387738532959,6
1634,71,16,5,7,4.686451238703377,9
1635,39,55,49,22,4.682479403911857,33
1636,77,22,18,8,4.676567510317278,14
1637,13,48,64,23,4.67021662986664,25
1638,80,13,64,6,4.665596394208,7
1639,55,14,98,5,4.662824671110214,9
1640,27,18,112,8,4.6591130395774085,10
1641,16,110,51,49,4.657803301271169,61
1642,25,15,47,7,4.655390231832646,8
1643,51,16,112,7,4.651691136811714,9
1644,27,15,25,7,4.649655011418165,8
1645,63,39,96,15,4.649023449526137,24
1646,6,21,16,10,4.642825718029857,11
1647,73,14,13,6,4.642713338622983,8
1648,73,19,109,8,4.637139105733967,11
1649,60,22,25,10,4.636282806493916,12
1650,106,15,110,7,4.633960085739299,8
1651,94,23,87,10,4.631426030648438,13
1652,58,13,63,7,4.62886931152221,6
1653,39,20,77,9,4.6274080055412945,11
1654,72,12,15,6,4.623497514408054,6
1655,86,60,39,28,4.6203107924863795,32
1656,30,14,108,6,4.615023887291243,8
1657,60,22,96,7,4.611190930914724,15
1658,107,46,9,21,4.60932354627833,25
1659,37,72,86,32,4.607837359690983,40
1660,88,10,66,4,4.60434245546846,6
1661,7,35,3,14,4.603775118928216,21
1662,88,62,68,26,4.601971796539838,36
1663,23,11,30,5,4.601908928188203,6
1664,77,13,95,6,4.60149322445291,7
1665,50,32,96,14,4.592653394244439,18
1666,28,25,71,10,4.584215619303489,15
1667,99,16,65,7,4.579704538683142,9
1668,7,23,58,11,4.575034525669344,12
1669,99,14,95,6,4.572737764013027,8
1670,62,15,69,7,4.572031014776806,8
1671,99,16,104,8,4.5627492392393,8
1672,43,18,5,8,4.5592775438308895,10
1673,70,15,23,7,4.554568026577778,8
1674,8,20,27,8,4.551888772342851,12
1675,83,15,46,7,4.551826612706301,8
1676,99,18,15,7,4.551461310618723,11
1677,28,16,85,7,4.545964613502572,9
1678,12,19,3,7,4.543846245794999,12
1679,8,24,102,11,4.537070383836359,13
1680,106,23,75,11,4.532198108241345,12
1681,50,71,28,30,4.530365152854881,41
1682,100,11,1,5,4.524502828746237,6
1683,27,53,68,23,4.520595559414033,30
1684,37,43,55,20,4.516821858156878,23
1685,11,12,29,6,4.5142833194159175,6
1686,28,16,29,7,4.513248021932702,9
1687,80,10,69,5,4.508733977407145,5
1688,87,24,97,9,4.5078366784517385,15
1689,75,20,112,8,4.4989690721071325,12
1690,7,97,88,43,4.494661432270667,54
1691,93,15,37,6,4.493445665639034,9
1692,16,102,107,39,4.491862341070498,63
1693,65,50,40,22,4.488092661947342,28
1694,7,46,64,21,4.481240056988839,25
1695,34,22,16,9,4.479454615092594,13
1696,95,33,107,15,4.475609109265348,18
1697,96,31,25,14,4.4728328775528,17
1698,104,76,65,34,4.468608006857454,42
1699,91,10,57,5,4.468260927215541,5
1700,37,18,32,8,4.466542082918521,10
1701,3,15,50,7,4.464463620895282,8
1702,107,23,47,10,4.459572238589974,13
1703,77,11,97,4,4.4549011553839994,7
1704,50,12,73,4,4.454782630059153,8
1705,95,44,16,20,4.453378575583387,24
1706,6,12,12,6,4.448996636056325,6
1707,2,42,50,18,4.448957186147168,24
1708,95,15,109,6,4.444131433700797,9
1709,45,11,88,4,4.4416566980945715,7
1710,3,13,112,6,4.431324508959898,7
1711,23,14,20,6,4.42777867543601,8
1712,75,40,39,19,4.421810426771486,21
1713,16,39,62,15,4.421453546972002,24
1714,99,30,13,13,4.420966828834258,17
1715,7,64,53,28,4.416213736910661,36
1716,64,12,57,5,4.409680008541512,7
1717,114,20,64,8,4.407773657880817,12
1718,28,32,102,14,4.400334973714718,18
1719,64,29,63,13,4.394960955961679,16
1720,111,20,86,8,4.3910837466552355,12
1721,51,26,43,12,4.390788502279346,14
1722,65,23,76,9,4.385586505985178,14
1723,86,31,62,14,4.384665566019522,17
1724,90,18,17,9,4.380128430106854,9
1725,87,33,25,15,4.379098196808542,18
1726,9,23,84,10,4.377008558892652,13
1727,55,24,9,10,4.371040618945099,14
1728,55,13,58,6,4.369004483506264,7
1729,40,23,23,10,4.368423326803309,13
1730,74,15,9,6,4.367415226980942,9
1731,33,13,11,7,4.365968233102095,6
1732,95,20,23,9,4.3618962627692595,11
1733,64,31,71,12,4.35947313780117,19
1734,64,16,100,6,4.355062992024106,10
1735,65,16,6,7,4.346168811124812,9
1736,3,18,43,7,4.34604717317721,11
1737,70,29,65,11,4.343984179663613,18
1738,60,12,22,5,4.334241842742782,7
1739,95,19,41,8,4.332143979792177,11
1740,4,22,40,10,4.316643149060896,12
1741,70,14,71,7,4.315612188206775,7
1742,97,23,17,10,4.3134285513049555,13
1743,17,19,20,8,4.3112321942034,11
1744,31,10,8,4,4.309099443279478,6
1745,50,10,52,5,4.308197298973349,5
1746,16,42,71,17,4.305176391927468,25
1747,13,80,107,36,4.302477990099946,44
1748,20,22,109,8,4.302333411252667,14
1749,106,27,53,13,4.302319600135898,14
1750,25,28,54,12,4.300413553073274,16
1751,20,21,44,9,4.299103845073809,12
1752,30,30,54,13,4.29530490019164,17
1753,20,63,54,30,4.290782184792432,33
1754,78,19,54,8,4.289939322497262,11
1755,9,27,54,12,4.272544772651765,15
1756,33,12,96,7,4.271042933020869,5
1757,108,16,60,7,4.267590404557525,9
1758,91,30,107,12,4.264126621091653,18
1759,51,15,38,6,4.261652425824847,9
1760,104,17,80,8,4.256665633473226,9
1761,63,12,94,5,4.251239047858672,7
1762,9,12,29,5,4.247154248113977,7
1763,49,15,62,6,4.244999731944826,9
1764,27,19,3,10,4.243821513516775,9
1765,106,14,34,7,4.243674039664675,7
1766,109,10,47,4,4.236742850593238,6
1767,17,15,43,7,4.236669826180697,8
1768,23,12,48,5,4.227938531173128,7
1769,71,11,44,5,4.223524348839462,6
1770,4,19,18,8,4.220670692754494,11
1771,87,21,31,10,4.220659397575877,11
1772,86,59,46,23,4.218640718519183,36
1773,65,56,36,24,4.205692860728479,32
1774,15,11,40,5,4.201647176656486,6
1775,108,18,74,7,4.201041319943183,11
1776,41,15,19,6,4.191359352066609,9
1777,13,70,40,31,4.18989591600041,39
1778,30,13,109,5,4.185496549607356,8
1779,23,27,25,12,4.182190113226028,15
1780,80,18,7,7,4.182061930373814,11
1781,16,34,84,15,4.177116652788804,19
1782,46,51,54,22,4.174748314759056,29
1783,83,40,5,19,4.163709904424501,21
1784,11,74,86,33,4.157058804862767,41
1785,28,60,84,26,4.150279635735803,34
1786,99,12,17,5,4.14837583337694,7
1787,55,58,65,26,4.147778374969592,32
1788,84,18,76,8,4.146116027740745,10
1789,20,13,73,5,4.146065391689569,8
1790,13,28,77,12,4.1425538330063505,16
1791,53,47,71,20,4.141303557057986,27
1792,88,53,9,23,4.139791770697589,30
1793,71,11,20,4,4.13643055739397,7
1794,49,19,9,9,4.13427318738577,10
1795,112,16,94,6,4.1306598471384035,10
1796,45,22,65,11,4.1259231703887,11
1797,13,62,46,26,4.124756823653082,36
1798,3,12,46,6,4.120061864952646,6
1799,7,12,2,5,4.115660194227726,7
1800,97,30,63,13,4.107378727934806,17
1801,93,14,109,6,4.103558953267082,8
1802,83,20,93,9,4.100880722204593,11
1803,20,24,35,10,4.098728722002914,14
1804,15,25,107,9,4.092385856197937,16
1805,36,11,19,5,4.088590218421688,6
1806,30,22,37,9,4.0873498514738875,13
1807,74,22,50,10,4.086243740312162,12
1808,86,117,5,51,4.074944655375778,66
1809,11,12,34,6,4.072817944161177,6
1810,7,68,31,30,4.069172309295859,38
1811,20,12,38,4,4.067291998076464,8
1812,43,10,95,4,4.063398320607949,6
1813,23,26,76,12,4.056106643228995,14
1814,32,10,40,5,4.050021677419869,5
1815,23,43,88,17,4.047882049914368,26
1816,7,21,50,10,4.045740478776832,11
1817,98,26,76,11,4.039201436166646,15
1818,1,10,43,5,4.038976715758721,5
1819,77,13,64,7,4.031037841312949,6
1820,71,13,47,6,4.030916530509353,7
1821,39,49,53,21,4.016611432547999,28
1822,104,44,51,17,4.0154244082227635,27
1823,8,20,110,8,4.013172679497404,12
1824,64,20,23,9,4.011342022315559,11
1825,55,36,54,17,4.011039158800403,19
1826,11,28,20,11,4.009841570968698,17
1827,66,12,31,5,4.008754872558654,7
1828,100,26,7,11,4.007756687202791,15
1829,30,33,71,15,4.006253796204616,18
1830,31,16,112,6,4.001730552260451,10
1831,60,18,97,9,3.9792005525226366,9
1832,84,16,19,7,3.97722373483422,9
1833,96,12,14,5,3.975747798085754,7
1834,17,18,63,8,3.9668490280440634,10
1835,13,89,51,41,3.963822887097114,48
1836,74,24,93,11,3.9601017688790825,13
1837,30,13,35,6,3.9583115712431316,7
1838,65,34,17,13,3.9540701507148905,21
1839,88,50,104,21,3.9536343834384886,29
1840,9,45,86,19,3.945093339569097,26
1841,6,11,40,5,3.9442678680230823,6
1842,3,11,93,6,3.9394735942906975,5
1843,80,10,97,4,3.9365866928471034,6
1844,97,35,16,16,3.9340820840887147,19
1845,57,11,50,4,3.9290278222481443,7
1846,16,115,86,49,3.928159371089199,66
1847,102,12,83,5,3.925479234058231,7
1848,5,28,2,12,3.923277825320168,16
1849,37,38,70,16,3.9227382855891664,22
1850,89,13,86,7,3.91749283769541,6
1851,79,13,54,5,3.90846253808764,8
1852,102,26,37,11,3.9015784283610255,15
1853,28,23,57,10,3.897117570901977,13
1854,30,17,38,6,3.8932796799126637,11
1855,87,28,49,14,3.8881049860589325,14
1856,28,27,17,12,3.885054779321747,15
1857,68,17,109,6,3.8661451047117263,11
1858,41,25,114,12,3.854494902198664,13
1859,65,34,111,14,3.8475275648066685,20
1860,18,23,31,11,3.843025830767866,12
1861,15,28,65,12,3.8402623673408756,16
1862,20,26,7,12,3.839940256500117,14
1863,38,13,46,5,3.833859769343221,8
1864,7,44,55,18,3.8332053851440007,26
1865,43,13,8,6,3.832590073745516,7
1866,91,26,13,12,3.831748260733109,14
1867,70,30,51,14,3.8297117807076555,16
1868,44,16,87,7,3.8267549460576484,9
1869,4,11,3,5,3.825046392091852,6
1870,12,17,87,7,3.824276460263248,10
1871,44,14,64,6,3.8242226428845654,8
1872,55,21,4,10,3.821660634263142,11
1873,5,28,91,11,3.8146250930665166,17
1874,110,16,5,7,3.8138584796050923,9
1875,100,48,107,24,3.805986534344156,24
1876,107,57,55,26,3.801759981148568,31
1877,64,17,3,7,3.801459101897862,10
1878,8,18,49,9,3.798689704722046,9
1879,20,13,104,5,3.7974160411444706,8
1880,80,13,60,6,3.7883602235098173,7
1881,94,12,37,5,3.788108137633396,7
1882,7,10,93,5,3.7802315490169653,5
1883,22,10,27,4,3.779408602150734,6
1884,107,48,23,22,3.7778307981128205,26
1885,104,13,92,7,3.7768187223532306,6
1886,63,19,4,8,3.775833657808686,11
1887,15,22,54,11,3.7704013204125926,11
1888,51,33,109,12,3.752003613096799,21
1889,53,42,40,19,3.7429391558119995,23
1890,1,13,4,5,3.736039087851971,8
1891,86,65,25,30,3.735239092039536,35
1892,89,14,60,7,3.7237634526579124,7
1893,15,21,5,8,3.714734226349825,13
1894,65,16,14,8,3.7073397651844364,8
1895,107,35,38,15,3.6995303509541118,20
1896,16,94,65,41,3.6992360084989437,53
1897,23,19,28,9,3.6970356039584393,10
1898,114,37,51,18,3.6824882422691596,19
1899,34,19,55,9,3.680955248563573,10
1900,101,14,68,5,3.6742625668258913,9
1901,80,25,87,11,3.671802865102301,14
1902,88,32,18,15,3.671365875253385,17
1903,108,26,51,12,3.669690549423147,14
1904,39,24,31,10,3.6610558433956157,14
1905,49,33,86,16,3.658017569424131,17
1906,90,10,71,5,3.6561036030201253,5
1907,107,21,32,10,3.6546977761524686,11
1908,109,15,9,8,3.6538651478462696,7
1909,86,35,112,15,3.6519339014109726,20
1910,17,11,18,6,3.651905683853181,5
1911,27,13,50,5,3.6503401008022798,8
1912,14,10,70,5,3.647042134114848,5
1913,54,51,51,23,3.6412061491233527,28
1914,87,32,19,14,3.6352958686804104,18
1915,43,19,18,10,3.6267699505365183,9
1916,80,26,28,12,3.6230809501897743,14
1917,55,13,94,6,3.6120696685756317,7
1918,91,19,18,8,3.601007419787661,11
1919,58,13,71,6,3.5901555481142546,7
1920,97,10,95,4,3.58943247133478,6
1921,61,16,60,8,3.58082656290379,8
1922,20,50,28,22,3.578415489537416,28
1923,7,92,86,39,3.5766886116504977,53
1924,3,18,57,8,3.574243211556378,10
1925,16,22,38,8,3.5724883088865464,14
1926,103,13,19,6,3.5711070394547213,7
1927,6,28,7,15,3.5631855242339143,13
1928,79,13,108,5,3.562523700236059,8
1929,11,36,54,16,3.5608789843396806,20
1930,64,11,33,4,3.5581108018586245,7
1931,28,19,36,9,3.5549996153541237,10
1932,23,13,57,6,3.554408044637193,7
1933,30,13,4,6,3.554167963462701,7
1934,62,26,71,12,3.5527257568780746,14
1935,53,49,65,23,3.552341058928982,26
1936,87,96,107,43,3.540297368137852,53
1937,40,65,36,28,3.5400829247343655,37
1938,44,15,7,7,3.5352660207554516,8
1939,93,17,25,8,3.5300397889756283,9
1940,16,39,17,15,3.5193037187836715,24
1941,84,10,69,4,3.511765515832677,6
1942,8,38,104,17,3.50734140656749,21
1943,49,10,33,4,3.5057518320537766,6
1944,74,16,23,7,3.505315761927058,9
1945,1,12,39,7,3.502316135418237,5
1946,37,13,108,6,3.501919723771849,7
1947,49,18,63,8,3.500149915800845,10
1948,50,26,9,11,3.4989626487903873,15
1949,97,36,114,16,3.4948097299506915,20
1950,60,25,95,11,3.491189705369488,14
1951,62,13,36,6,3.489528327052378,7
1952,54,11,103,4,3.4875703394156505,7
1953,36,30,51,14,3.4874600225025074,16
1954,12,18,71,8,3.487442945948432,10
1955,25,20,70,9,3.484518115943736,11
1956,55,16,18,8,3.4810467173744706,8
1957,96,57,54,28,3.4766133859583515,29
1958,73,14,16,7,3.4738693799097953,7
1959,43,14,15,7,3.473065082562301,7
1960,63,24,112,11,3.4717385481642515,13
1961,74,60,5,28,3.469996146708342,32
1962,83,31,8,15,3.465429893631149,16
1963,29,16,30,6,3.4614947700881236,10
1964,106,49,51,22,3.457607975311814,27
1965,33,23,5,11,3.454327509177194,12
1966,37,21,23,10,3.453043705748743,11
1967,68,25,46,11,3.449465987108053,14
1968,39,13,14,6,3.4491853918223794,7
1969,95,37,87,17,3.4486313771107997,20
1970,76,28,55,11,3.4438952481653065,17
1971,60,58,40,26,3.4423663485116363,32
1972,114,29,39,14,3.441117211126096,15
1973,102,31,25,14,3.4382241991917164,17
1974,4,12,37,5,3.421871703775507,7
1975,76,18,102,8,3.4198869282915814,10
1976,11,12,97,6,3.419346386793516,6
1977,17,11,36,6,3.4172736451567545,5
1978,65,44,12,21,3.4104800025743005,23
1979,104,26,98,14,3.4091853213510754,12
1980,97,34,65,15,3.4017573029180164,19
1981,55,29,84,13,3.40123055779696,16
1982,77,13,3,5,3.399649925519855,8
1983,4,13,28,6,3.3940824912486867,7
1984,55,50,5,22,3.393419962444802,28
1985,13,26,112,13,3.392352489097591,13
1986,73,10,104,4,3.391491099464731,6
1987,19,13,88,6,3.388300396354987,7
1988,36,28,55,13,3.383336577257353,15
1989,73,15,98,7,3.380055365181917,8
1990,100,13,44,6,3.3720452657314226,7
1991,109,23,102,10,3.367967756914995,13
1992,11,41,88,18,3.366600706445604,23
1993,112,17,19,7,3.366573611867621,10
1994,40,17,20,7,3.3649339637959645,10
1995,54,25,97,12,3.3648153427656755,13
1996,14,23,8,10,3.3634201583462158,13
1997,14,17,106,7,3.360059412826609,10
1998,88,30,70,13,3.3524090493184278,17
1999,83,10,20,5,3.3478898251644025,5
2000,40,15,91,7,3.345577169162442,8
2001,75,13,33,5,3.342736023465548,8
2002,54,20,98,9,3.3414082574982986,11
2003,68,13,5,6,3.3380294056441144,7
2004,41,19,50,8,3.331657114556134,11
2005,27,16,11,7,3.3310229336615813,9
2006,104,32,54,15,3.328617374285995,17
2007,98,14,97,7,3.3185319117606187,7
2008,30,21,18,10,3.316712750453976,11
2009,97,16,84,6,3.316428205809935,10
2010,60,31,75,14,3.3139158628036856,17
2011,28,12,15,6,3.3076634264923883,6
2012,28,29,48,13,3.3030143286202387,16
2013,76,34,104,14,3.3018339509128602,20
2014,104,60,5,28,3.3007473735225052,32
2015,23,36,87,15,3.299045225591567,21
2016,8,52,11,23,3.297278972001176,29
2017,7,50,27,23,3.2964519228876403,27
2018,100,20,74,9,3.2929107546249483,11
2019,100,10,69,5,3.289341908459268,5
2020,90,25,60,10,3.288918313106561,15
2021,108,10,38,4,3.2810871215401916,6
2022,60,49,86,22,3.275471722293173,27
2023,114,13,67,6,3.2746706512348434,7
2024,11,11,78,6,3.2703286160036837,5
2025,77,11,29,4,3.2671622562509346,7
2026,13,114,7,52,3.2643026156976367,62
2027,28,56,54,25,3.2622780281799852,31
2028,18,56,53,26,3.2615252410170665,30
2029,76,14,95,6,3.2576515088397957,8
2030,7,24,74,9,3.257493143792888,15
2031,114,47,25,20,3.2540864225169766,27
2032,107,38,64,18,3.2526423716483417,20
2033,7,19,30,10,3.2523104824501634,9
2034,72,12,112,6,3.2419070033792714,6
2035,86,108,87,53,3.2407973564526853,55
2036,23,12,81,5,3.240703587077002,7
2037,99,25,60,11,3.2381944591027096,14
2038,107,49,36,23,3.234838704648264,26
2039,60,68,16,31,3.2309192664317186,37
2040,16,18,35,7,3.2305329948687067,11
2041,80,14,68,6,3.230403837276107,8
2042,8,46,51,21,3.2258849231912943,25
2043,4,21,16,11,3.2239938149007976,10
2044,16,25,29,12,3.223647608829416,13
2045,23,55,7,25,3.2229283053761675,30
2046,55,39,28,16,3.2184704312839787,23
2047,51,45,46,20,3.212290911376682,25
2048,17,16,74,7,3.211770551027832,9
2049,50,19,97,8,3.210625734622642,11
2050,60,47,31,24,3.2094707274879264,23
2051,56,12,97,6,3.2085312435870676,6
2052,106,28,17,11,3.2039846830051117,17
2053,36,41,39,18,3.1998605067578225,23
2054,88,61,5,29,3.1946532218196624,32
2055,37,54,50,26,3.188335276013606,28
2056,16,26,47,12,3.1797433324518383,14
2057,74,12,30,6,3.175828716417199,6
2058,43,32,7,13,3.1749602918386857,19
2059,106,25,60,10,3.171261503808182,15
2060,110,16,86,7,3.1694821197260503,9
2061,90,14,74,5,3.1680613510289204,9
2062,68,11,48,5,3.1648474660602846,6
2063,86,21,82,9,3.1586560919846263,12
2064,104,51,7,23,3.158219418007504,28
2065,75,23,23,12,3.1487336010920157,11
2066,23,48,65,23,3.1380450881841524,25
2067,112,11,43,5,3.1359235341148524,6
2068,36,11,80,5,3.115857421175661,6
2069,25,25,17,11,3.1106502600539105,14
2070,50,24,4,12,3.110559237136959,12
2071,63,91,86,38,3.106277287763664,53
2072,38,14,18,7,3.1041681623448034,7
2073,78,11,49,6,3.103633966108333,5
2074,109,25,106,12,3.1028448270841773,13
2075,41,15,54,7,3.102250260710982,8
2076,92,15,60,6,3.101629065738582,9
2077,11,19,51,10,3.1011687058780186,9
2078,74,13,27,7,3.1002755903304404,6
2079,99,14,68,6,3.1001036150844663,8
2080,64,10,91,4,3.0993479020870796,6
2081,107,59,37,27,3.0878586600356255,32
2082,45,14,87,6,3.0862202973256596,8
2083,74,40,63,19,3.0803940829456544,21
2084,109,28,84,12,3.073799704825316,16
2085,74,11,41,6,3.0735662157516845,5
2086,75,30,25,13,3.069551733540898,17
2087,78,11,29,5,3.068035162721388,6
2088,20,22,55,10,3.0673393388469985,12
2089,60,40,114,22,3.0670908685799034,18
2090,71,18,25,8,3.0644100067848146,10
2091,48,14,55,6,3.06362691776684,8
2092,29,27,107,10,3.0624303248850926,17
2093,71,42,86,20,3.060669361739169,22
2094,38,13,96,6,3.0422152322461717,7
2095,25,39,65,16,3.0368934823131175,23
2096,27,12,99,6,3.0280763102634354,6
2097,109,22,76,11,3.021988566444069,11
2098,81,18,18,8,3.0168691904177813,10
2099,49,13,29,6,3.0167276558140452,7
2100,20,47,37,22,3.004985214474966,25
2101,96,14,34,6,3.0017630147825622,8
2102,4,11,69,5,2.999484176661719,6
2103,84,36,106,18,2.9754739608250116,18
2104,49,16,64,8,2.974435618509845,8
2105,36,32,4,13,2.9739066740354185,19
2106,85,16,68,6,2.973610386914133,10
2107,2,21,37,10,2.9697580112694486,11
2108,34,10,67,6,2.9692152425887484,4
2109,28,14,78,7,2.9690904453024123,7
2110,47,11,53,5,2.9672181618537916,6
2111,34,18,13,8,2.9667381266142607,10
2112,25,18,57,8,2.964934950553875,10
2113,114,23,46,10,2.9631435316072405,13
2114,29,15,15,7,2.952457500526036,8
2115,80,16,8,8,2.9519293865537115,8
2116,18,20,65,10,2.9468351166959534,10
2117,41,32,40,15,2.9467288085082743,17
2118,27,10,38,4,2.9451355941814845,6
2119,28,57,65,25,2.9366188041670434,32
2120,36,20,87,8,2.935573250897663,12
2121,74,82,86,39,2.921287780715151,43
2122,102,19,106,10,2.9207255392565097,9
2123,13,17,48,8,2.9139461654751586,9
2124,25,12,108,5,2.9132670669268244,7
2125,3,35,68,15,2.909677159948378,20
2126,8,50,65,23,2.9070171439419825,27
2127,91,19,37,9,2.9050960547005245,10
2128,114,15,49,8,2.9041454192281644,7
2129,87,26,69,11,2.900139616969508,15
2130,71,13,108,6,2.8992906212622866,7
2131,44,10,70,5,2.8975248911261433,5
2132,13,71,55,33,2.8959426272282824,38
2133,75,24,74,10,2.8903655619324433,14
2134,85,13,16,5,2.881350637135497,8
2135,27,21,75,10,2.874214711599615,11
2136,57,12,53,6,2.8739584447786424,6
2137,87,42,20,20,2.8691206159340576,22
2138,46,23,63,12,2.867241869896345,11
2139,62,14,60,7,2.8627005043434126,7
2140,39,35,104,16,2.8536678809946237,19
2141,51,18,99,9,2.853477797374065,9
2142,73,16,96,7,2.8534303980093814,9
2143,34,10,65,5,2.851457666336363,5
2144,97,13,33,6,2.8486496222061595,7
2145,28,13,44,7,2.8461398630992765,6
2146,46,24,76,11,2.8453201116747953,13
2147,15,30,7,16,2.8451548489578506,14
2148,87,38,3,18,2.8427320643925533,20
2149,104,33,74,14,2.8329598216365466,19
2150,53,23,81,10,2.832269045840245,13
2151,40,14,109,6,2.8243745319718676,8
2152,18,13,71,6,2.821320109059578,7
2153,64,13,47,5,2.8212403790572256,8
2154,39,12,98,5,2.8139572577793732,7
2155,16,32,80,14,2.812380168004336,18
2156,1,32,36,16,2.8095303452930684,16
2157,99,15,41,7,2.8081672918617278,8
2158,106,14,112,7,2.805082024542767,7
2159,50,20,109,9,2.7980846162026616,11
2160,4,25,114,12,2.797376255941943,13
2161,60,25,15,12,2.796605854193514,13
2162,7,26,1,12,2.7932054952385035,14
2163,100,13,36,6,2.7923934619121087,7
2164,9,15,97,8,2.7891659901703596,7
2165,28,31,91,14,2.785819668061851,17
2166,86,87,84,43,2.7811330297923607,44
2167,5,11,10,6,2.7716738654503197,5
2168,38,11,40,6,2.7715520430648577,5
2169,5,17,77,8,2.765837567194589,9
2170,86,99,28,44,2.7627265154997587,55
2171,43,17,104,9,2.756714183157535,8
2172,39,50,55,22,2.7557845118576987,28
2173,97,34,96,17,2.7556888339056806,17
2174,16,28,111,12,2.7556703657470822,16
2175,71,24,51,11,2.7455734518808694,13
2176,68,28,70,13,2.7436175339888784,15
2177,112,12,8,6,2.740736306324458,6
2178,97,22,104,11,2.7396377781056174,11
2179,99,12,63,6,2.7377253409939364,6
2180,65,50,106,23,2.735321183024918,27
2181,75,12,34,6,2.7327928404854553,6
2182,16,76,8,34,2.7297636152330345,42
2183,55,53,88,22,2.721264805593774,31
2184,104,31,70,14,2.720810924975006,17
2185,95,11,80,5,2.7197438471090796,6
2186,49,16,70,8,2.713121422106841,8
2187,41,50,107,21,2.7130435159152007,29
2188,43,37,60,17,2.7028741598132324,20
2189,87,15,6,7,2.694438630924357,8
2190,65,40,71,17,2.686780335165667,23
2191,8,25,48,11,2.6857985301597798,14
2192,13,11,35,5,2.684594978225239,6
2193,39,25,5,12,2.679132217269287,13
2194,25,17,44,8,2.673535476281759,9
2195,95,18,75,8,2.672802736686619,10
2196,114,25,74,12,2.666972342657447,13
2197,100,19,19,8,2.6644216608889466,11
2198,74,13,91,6,2.658254293210725,7
2199,17,49,51,24,2.655147868092684,25
2200,78,23,63,11,2.6544312226242797,12
2201,92,29,88,13,2.6541256559252315,16
2202,57,13,36,5,2.6531160901053807,8
2203,30,24,8,11,2.6514132136935467,13
2204,16,60,5,25,2.6435184456824317,35
2205,88,17,6,8,2.6434018871915526,9
2206,33,14,95,6,2.641545389608455,8
2207,10,10,106,3,2.639964127087712,7
2208,11,17,17,8,2.63850353139516,9
2209,3,17,49,8,2.6382409196969405,9
2210,110,13,54,6,2.63588490299345,7
2211,17,30,39,13,2.6347382750427313,17
2212,15,12,78,6,2.6282304993251357,6
2213,91,36,86,17,2.627461430980282,19
2214,27,16,23,8,2.6213518456169727,8
2215,7,107,68,49,2.615642976840099,58
2216,75,28,64,13,2.6143964254367047,15
2217,76,13,2,5,2.6134640032331116,8
2218,75,15,108,7,2.6118802978166835,8
2219,40,29,1,13,2.608102727316189,16
2220,29,15,8,6,2.6026147927178713,9
2221,85,25,107,12,2.601380149286502,13
2222,36,23,91,10,2.600483205457648,13
2223,1,10,109,5,2.5929606771402254,5
2224,86,33,18,14,2.5923706641316473,19
2225,71,25,87,12,2.5901035214218346,13
2226,34,33,107,14,2.587571909726937,19
2227,88,23,38,9,2.5850808349547196,14
2228,69,14,71,7,2.5823526075537777,7
2229,1,15,17,7,2.5752502333351277,8
2230,29,18,38,8,2.5695121914050656,10
2231,50,50,107,24,2.5656690703128167,26
2232,92,13,87,6,2.565186954563254,7
2233,9,11,23,5,2.5650998994582817,6
2234,28,43,51,21,2.5635290356109595,22
2235,60,30,41,15,2.561069667211034,15
2236,83,10,63,6,2.557624644664858,4
2237,86,14,14,7,2.5565201304900333,7
2238,76,32,87,14,2.5553401924797914,18
2239,94,14,60,6,2.5547507602712973,8
2240,73,19,1,8,2.55342910039073,11
2241,2,22,87,10,2.552259240666561,12
2242,72,11,49,5,2.549936614828146,6
2243,7,74,36,34,2.5493587507973596,40
2244,41,46,16,23,2.5491961367085363,23
2245,63,25,60,11,2.5472563824704055,14
2246,19,15,20,7,2.543598619448083,8
2247,63,16,79,7,2.5383647167046712,9
2248,111,11,60,4,2.535604443502029,7
2249,39,50,60,24,2.5355246842136103,26
2250,69,15,94,7,2.5350277997352677,8
2251,20,20,95,9,2.532527406942274,11
2252,7,29,17,13,2.532089441361392,16
2253,44,15,107,7,2.530544567099409,8
2254,99,19,30,8,2.530388293684779,11
2255,76,30,11,13,2.530101714335273,17
2256,36,33,9,15,2.5279240780374668,18
2257,39,18,4,8,2.5267698999647226,10
2258,80,34,54,17,2.5244394841569355,17
2259,28,19,19,8,2.518286906397448,11
2260,12,15,36,7,2.516319942513749,8
2261,64,33,39,15,2.513227207814634,18
2262,75,43,55,18,2.5125301308500267,25
2263,60,26,28,14,2.50378394638272,12
2264,37,18,109,8,2.501013404341532,10
2265,18,11,111,5,2.4899108726358863,6
2266,87,37,104,19,2.4814321174048914,18
2267,19,15,78,7,2.4766628572796656,8
2268,3,11,94,5,2.470336823433669,6
2269,4,17,81,7,2.4678124777063273,10
2270,15,13,30,6,2.467771424698242,7
2271,87,40,74,18,2.4671563114027473,22
2272,74,17,69,9,2.4664972820824542,8
2273,88,72,107,32,2.4608917089958973,40
2274,19,23,68,10,2.459954749025013,13
2275,65,29,112,13,2.4552380652908354,16
2276,30,20,19,10,2.4547861137359925,10
2277,100,15,94,6,2.4441989086947187,9
2278,32,10,50,6,2.444054190716271,4
2279,9,14,30,6,2.443448800104742,8
2280,96,31,88,15,2.4406464912019903,16
2281,12,18,86,8,2.4382543520920796,10
2282,55,39,106,17,2.438139246666604,22
2283,13,72,60,31,2.437254801401258,41
2284,14,19,51,7,2.4338441230915158,12
2285,100,16,17,6,2.4323723068282863,10
2286,91,20,75,13,2.432369433261267,7
2287,100,18,62,9,2.424886374103437,9
2288,112,15,17,7,2.4234359656310724,8
2289,76,13,29,7,2.419934578837021,6
2290,109,11,99,5,2.4195174025010595,6
2291,107,46,25,22,2.4187485647838765,24
2292,94,17,54,8,2.418369665890047,9
2293,71,35,39,16,2.4158892555534424,19
2294,11,51,28,25,2.413251522359192,26
2295,65,11,92,5,2.4112859752548714,6
2296,8,33,93,16,2.4111455321691304,17
2297,47,24,51,12,2.409457368099758,12
2298,9,18,69,8,2.405000245398061,10
2299,20,26,80,12,2.4033351571638564,14
2300,114,15,98,7,2.3992721750256902,8
2301,46,38,28,16,2.3990178798165633,22
2302,83,22,87,11,2.390357141943488,11
2303,111,12,8,6,2.390343846489095,6
2304,104,40,95,18,2.3890342183876085,22
2305,4,21,71,8,2.3871750117365993,13
2306,96,25,104,11,2.3866419839158346,14
2307,75,13,56,5,2.3840139649043497,8
2308,8,23,17,11,2.3808090982416816,12
2309,71,40,107,17,2.3760609676092463,23
2310,41,12,90,6,2.3741301437510107,6
2311,8,55,96,25,2.371439357092425,30
2312,30,15,48,6,2.3702999073115167,9
2313,50,19,112,8,2.3689643473531756,11
2314,40,24,50,10,2.3671440474550507,14
2315,19,25,39,13,2.362242346354446,12
2316,99,23,5,11,2.3616219022642833,12
2317,96,14,109,6,2.3566759619593642,8
2318,4,36,31,15,2.3535355966794667,21
2319,104,19,3,9,2.3520715951524083,10
2320,86,82,8,41,2.3514569329407684,41
2321,16,20,2,9,2.3446106684988552,11
2322,114,12,38,6,2.341526377437994,6
2323,6,13,50,6,2.3414923323310646,7
2324,29,16,86,7,2.3399676619619445,9
2325,25,28,53,14,2.3301510854690854,14
2326,109,51,5,25,2.3285813949081655,26
2327,50,23,64,11,2.3285304422785047,12
2328,104,21,102,11,2.320627297470276,10
2329,88,32,91,15,2.315767764685104,17
2330,54,18,72,8,2.308906899741836,10
2331,109,18,48,9,2.306624480190798,9
2332,86,20,94,9,2.303835666976208,11
2333,58,12,50,6,2.3033767529431137,6
2334,88,27,69,12,2.3003595758399977,15
2335,86,21,32,10,2.2989864902239003,11
2336,9,15,81,7,2.2974062849528156,8
2337,62,22,39,11,2.293442645990563,11
2338,100,24,5,11,2.2932427434044684,13
2339,19,14,49,6,2.2910871889250806,8
2340,106,13,4,7,2.287883468044352,6
2341,51,30,69,13,2.287005242505416,17
2342,37,46,74,22,2.283869095408045,24
2343,63,38,114,15,2.2836807270192585,23
2344,9,47,40,21,2.2806450266015683,26
2345,88,20,35,10,2.2787018333731495,10
2346,16,48,70,21,2.2731186306672027,27
2347,61,10,31,5,2.2696136748473603,5
2348,28,66,96,31,2.267406944603933,35
2349,85,12,7,5,2.2672729351147445,7
2350,49,18,77,7,2.2644642206919787,11
2351,106,45,88,19,2.2639858690375614,26
2352,87,62,106,30,2.2622041017840115,32
2353,39,32,3,16,2.2620787923826486,16
2354,95,30,25,14,2.25397314365567,16
2355,69,13,20,6,2.253225234520165,7
2356,88,38,4,18,2.2459217004175493,20
2357,70,10,27,5,2.243263258457552,5
2358,18,14,20,6,2.2334528603958916,8
2359,104,65,16,30,2.231878502127289,35
2360,62,12,1,5,2.2295391066336445,7
2361,90,16,25,7,2.2261576936837058,9
2362,88,11,33,6,2.22422094342155,5
2363,15,35,16,18,2.2237416484226826,17
2364,98,13,99,7,2.2212581677933785,6
2365,18,14,98,8,2.221147797140808,6
2366,93,12,51,6,2.2166321429168523,6
2367,62,24,87,11,2.213018480835341,13
2368,107,12,72,6,2.2128381598013536,6
2369,8,84,55,42,2.2123521211081862,42
2370,5,50,96,22,2.2114271922507607,28
2371,60,63,88,28,2.2053487740970454,35
2372,107,50,106,24,2.1993074270722803,26
2373,7,75,40,33,2.1957521283064803,42
2374,11,13,69,5,2.1872467960137283,8
2375,31,10,54,5,2.186668926147148,5
2376,8,64,74,28,2.186622040651489,36
2377,27,30,39,16,2.186165587275148,14
2378,51,53,60,22,2.1855409593348947,31
2379,107,49,68,22,2.1853889900704098,27
2380,63,36,11,15,2.1843034251555355,21
2381,63,26,70,12,2.1813121472430437,14
2382,84,16,93,8,2.173203038685072,8
2383,33,11,39,5,2.170155887452032,6
2384,86,75,54,36,2.1689438842347455,39
2385,88,14,74,5,2.165363961250821,9
2386,23,13,53,6,2.1639220781507627,7
2387,30,10,78,5,2.1570699813372842,5
2388,30,11,62,6,2.14621057379779,5
2389,102,22,74,10,2.1384304011801047,12
2390,34,13,76,7,2.1338119769299593,6
2391,35,16,43,8,2.1256405181906697,8
2392,37,26,84,12,2.124049904647881,14
2393,7,62,9,31,2.12190310948229,31
2394,53,11,70,5,2.117480208536356,6
2395,65,38,37,19,2.116557677432621,19
2396,1,20,64,10,2.1164326209593654,10
2397,7,17,72,8,2.1143024060967655,9
2398,74,12,33,6,2.113811361820999,6
2399,12,11,38,5,2.110101843923071,6
2400,84,18,79,9,2.0988599029371873,9
2401,13,48,27,23,2.0966587772715646,25
2402,83,34,55,17,2.0962093979720215,17
2403,97,22,8,11,2.094799206270941,11
2404,17,12,91,5,2.0932516032559634,7
2405,13,18,62,9,2.0919053307034106,9
2406,51,73,107,31,2.089934426977997,42
2407,88,55,28,25,2.0851563159512976,30
2408,44,14,51,5,2.084874228955972,9
2409,74,47,65,23,2.0847963525870914,24
2410,82,10,63,5,2.077975861296688,5
2411,41,11,103,5,2.07636260102812,6
2412,88,71,51,37,2.0740353286735176,34
2413,79,12,88,5,2.064245316960763,7
2414,86,12,113,5,2.0586102760293077,7
2415,86,45,90,20,2.0574221764428238,25
2416,65,31,80,15,2.0509198465423397,16
2417,8,10,72,4,2.048145306317589,6
2418,55,12,78,5,2.0477037119923778,7
2419,93,21,88,9,2.047097578055209,12
2420,15,30,86,14,2.0441092378448196,16
2421,18,34,51,17,2.042743355152735,17
2422,83,13,50,7,2.034563553464953,6
2423,109,18,65,7,2.0321022824018544,11
2424,55,11,79,5,2.0315889229013426,6
2425,91,14,114,7,2.0312426341433967,7
2426,60,29,9,12,2.026686622824744,17
2427,32,11,13,5,2.026181507027534,6
2428,18,32,60,15,2.0244266182620256,17
2429,95,31,39,15,2.0237049528227313,16
2430,78,24,68,11,2.023366317382964,13
2431,114,27,17,11,2.0211590753648707,16
2432,8,37,90,16,2.0194647820717804,21
2433,69,14,37,7,2.015512849900141,7
2434,83,22,97,12,2.007636873207567,10
2435,16,87,28,40,2.003836691762287,47
2436,106,18,43,9,2.0008029415600745,9
2437,75,32,87,15,2.0004298974911783,17
2438,109,58,86,27,1.9995853464624296,31
2439,11,18,41,7,1.9968842930037833,11
2440,104,15,112,7,1.99393597279257,8
2441,13,38,50,18,1.9937674166002914,20
2442,60,20,38,10,1.990189103737265,10
2443,53,19,4,9,1.987694792892671,10
2444,1,33,107,16,1.9841002438837665,17
2445,28,38,25,16,1.9833898911599184,22
2446,85,11,11,5,1.9817217638118103,6
2447,7,20,11,9,1.9783496463256043,11
2448,95,28,53,11,1.9769373995573185,17
2449,64,15,15,8,1.9745380862871305,7
2450,50,11,35,5,1.9581460146246747,6
2451,78,12,71,6,1.95458083263832,6
2452,36,34,64,17,1.9485056781764598,17
2453,7,15,48,8,1.9478692265013036,7
2454,25,20,55,9,1.9429576796619945,11
2455,112,14,69,7,1.9415067419167833,7
2456,13,18,96,8,1.9406803869416944,10
2457,23,14,31,6,1.9392936999416424,8
2458,110,13,104,5,1.9388474450810558,8
2459,71,49,7,25,1.9387153694352777,24
2460,32,10,98,5,1.9380052263831626,5
2461,20,19,30,9,1.9352963119709488,10
2462,17,11,80,4,1.9331063026674833,7
2463,23,14,97,7,1.9330528734436567,7
2464,87,38,84,18,1.9318820493391857,20
2465,70,19,40,8,1.9276789997691202,11
2466,114,56,86,27,1.9239569797033826,29
2467,114,21,18,10,1.923577249757446,11
2468,11,10,19,4,1.9215216129324553,6
2469,53,43,64,20,1.921457820047301,23
2470,99,11,76,6,1.9173589523208343,5
2471,97,32,106,16,1.9159665785715099,16
2472,110,11,17,5,1.9155371371930665,6
2473,71,29,63,13,1.9151839795200705,16
2474,103,15,87,6,1.911993814315376,9
2475,87,23,47,11,1.9101133657381941,12
2476,68,38,1,18,1.9099752765436664,20
2477,51,28,23,13,1.9066169824504657,15
2478,86,35,78,17,1.9028193156606692,18
2479,107,27,112,13,1.8978016202230066,14
2480,55,27,99,12,1.8950724021518552,15
2481,20,35,106,16,1.890590591428699,19
2482,47,34,39,16,1.8887252121213745,18
2483,25,23,64,11,1.8857238852847684,12
2484,2,41,8,20,1.8848654476169697,21
2485,87,30,64,15,1.880574512996562,15
2486,8,14,79,8,1.8787453444383122,6
2487,51,49,41,23,1.8775057050925423,26
2488,13,91,65,42,1.8704880163256519,49
2489,17,26,54,13,1.867393134138254,13
2490,37,95,5,46,1.8654288703425719,49
2491,43,21,114,11,1.8643335671695769,10
2492,85,11,112,5,1.861901124722568,6
2493,53,22,97,10,1.849246682219108,12
2494,68,15,81,7,1.8403513087559698,8
2495,114,30,20,14,1.8395405662544742,16
2496,84,38,96,19,1.8356486827006797,19
2497,28,54,109,24,1.8301464583611136,30
2498,54,20,49,10,1.829154265922774,10
2499,74,29,13,14,1.8278354237299064,15
2500,106,11,3,5,1.8270221877820192,6
2501,44,13,114,6,1.8263733365516701,7
2502,64,16,108,8,1.8224151605655865,8
2503,102,13,99,6,1.8212893413036875,7
2504,71,11,109,5,1.8196417828202216,6
2505,79,18,28,8,1.8130893193426152,10
2506,19,23,60,12,1.8128419885227378,11
2507,40,18,111,9,1.8104998545748818,9
2508,36,22,25,11,1.8071440138268557,11
2509,51,34,31,14,1.8036645224364214,20
2510,19,11,17,6,1.8011329372202582,5
2511,27,25,43,12,1.7944884974052508,13
2512,37,25,90,12,1.7816453937181782,13
2513,11,17,60,8,1.7794297174970226,9
2514,102,13,84,6,1.779322402529277,7
2515,69,12,39,6,1.7789051579016164,6
2516,88,11,110,6,1.7642228121429866,5
2517,19,12,77,6,1.7552481015092718,6
2518,84,26,70,12,1.7530345342228948,14
2519,86,33,57,15,1.7522583613315104,18
2520,4,31,68,15,1.751066192618154,16
2521,7,17,29,10,1.7467705733456507,7
2522,86,13,61,6,1.7442789867829447,7
2523,60,33,36,16,1.7416473627060747,17
2524,18,11,6,5,1.7414584600944751,6
2525,78,10,109,5,1.7406613893547558,5
2526,36,37,88,16,1.7392851936744347,21
2527,88,22,81,10,1.7392542924502719,12
2528,106,38,96,17,1.7318320126651918,21
2529,70,19,75,10,1.7314858975507377,9
2530,32,13,68,5,1.731166259808923,8
2531,50,13,12,8,1.7279667161947851,5
2532,63,15,45,7,1.7260545689947924,8
2533,16,19,45,8,1.7223541453977003,11
2534,54,14,27,7,1.7208673623652107,7
2535,86,32,38,15,1.7164597494651737,17
2536,109,14,43,7,1.7129267358733018,7
2537,87,14,110,6,1.7127942714735054,8
2538,54,40,7,19,1.7088310244062668,21
2539,9,32,63,15,1.7078031316881512,17
2540,48,10,37,5,1.7035937503192145,5
2541,23,44,86,21,1.7030841833116428,23
2542,20,16,102,8,1.6989391239814933,8
2543,36,15,23,9,1.6972875274185721,6
2544,9,23,46,10,1.6945658865661515,13
2545,28,64,5,31,1.6933141899778523,33
2546,34,24,86,12,1.693239196868056,12
2547,51,29,12,14,1.6905713428532636,15
2548,68,34,106,16,1.687950689096679,18
2549,17,12,77,6,1.6873994667000638,6
2550,72,11,27,6,1.6792102173602572,5
2551,54,29,114,15,1.6786165794472776,14
2552,45,28,31,13,1.6710870406691087,15
2553,85,13,51,7,1.664226628935165,6
2554,85,16,17,7,1.6640468368595829,9
2555,107,32,17,15,1.6568754180103666,17
2556,30,25,40,12,1.652774817060953,13
2557,36,23,68,11,1.6511686348202657,12
2558,38,12,80,5,1.6400661445963558,7
2559,7,78,41,38,1.6316845641232849,40
2560,39,19,96,8,1.6315253594413592,11
2561,68,18,57,9,1.6190755944848347,9
2562,19,19,69,9,1.6096912747748569,10
2563,70,13,43,6,1.6071210379776917,7
2564,15,22,27,10,1.6066985023548914,12
2565,23,15,3,7,1.6013986021332862,8
2566,94,10,18,5,1.6001116131573032,5
2567,58,17,87,8,1.594565717152522,9
2568,64,10,90,5,1.5921132093044654,5
2569,2,15,25,8,1.5845186001024008,7
2570,55,22,90,12,1.578656952498874,10
2571,60,25,46,12,1.5735893742532674,13
2572,40,58,88,27,1.5715316879527905,31
2573,9,15,100,6,1.5684675366801661,9
2574,9,14,111,7,1.5621342613374551,7
2575,8,66,28,31,1.5619285888266077,35
2576,109,11,49,5,1.5612220128244458,6
2577,104,23,83,10,1.5563880557352996,13
2578,11,26,74,12,1.5483769164487977,14
2579,57,12,43,4,1.547683226037978,8
2580,74,11,112,5,1.546586662588193,6
2581,97,25,46,12,1.5379422598602892,13
2582,13,23,45,11,1.536281477648622,12
2583,29,13,53,5,1.5317670028644748,8
2584,114,20,84,9,1.5282826629009798,11
2585,34,16,27,8,1.5277499800255199,8
2586,83,26,65,13,1.5253499649391113,13
2587,1,34,88,17,1.5234508852206479,17
2588,35,14,37,7,1.523131742310598,7
2589,48,10,41,5,1.515490885657423,5
2590,46,12,55,5,1.5148590180899557,7
2591,16,31,19,15,1.5071806953284643,16
2592,50,17,108,9,1.5013768012598343,8
2593,29,11,43,5,1.4978241959441965,6
2594,46,52,5,24,1.4974094901037487,28
2595,4,59,13,27,1.4911690163054754,32
2596,76,19,30,10,1.48385408577694,9
2597,41,29,27,13,1.4791025709590584,16
2598,73,15,63,8,1.4760785674332926,7
2599,11,17,32,9,1.4729852723414754,8
2600,86,32,2,16,1.4682447143488935,16
2601,112,16,23,7,1.4656028868993851,9
2602,23,13,43,6,1.4628793390447163,7
2603,40,64,51,31,1.4624658901194145,33
2604,33,20,28,11,1.4609880096092185,9
2605,31,21,47,10,1.4606130980712668,11
2606,25,23,83,10,1.4597201880554966,13
2607,84,32,54,15,1.4591305177250882,17
2608,20,15,93,8,1.4584347045217758,7
2609,27,21,94,10,1.4576480632489368,11
2610,8,16,38,8,1.4562520429495758,8
2611,50,16,89,7,1.4560158637801317,9
2612,53,30,55,14,1.4538038424746393,16
2613,46,62,88,31,1.4519317579443412,31
2614,106,55,63,27,1.4485566818099482,28
2615,68,24,38,11,1.4453831916260262,13
2616,20,21,97,11,1.439527960881874,10
2617,50,28,25,14,1.4391705454909012,14
2618,57,43,16,21,1.4361745818044396,22
2619,85,30,86,14,1.4358048779112953,16
2620,70,56,86,26,1.42921805361145,30
2621,36,35,45,19,1.423273124508123,16
2622,29,18,51,8,1.4222631016002016,10
2623,1,11,53,5,1.4196819324858228,6
2624,94,11,109,6,1.4139835062750086,5
2625,30,43,87,21,1.413930799869251,22
2626,12,16,40,8,1.4120822666164417,8
2627,60,32,8,16,1.4078749382399771,16
2628,12,22,13,8,1.4046792155049035,14
2629,70,17,95,9,1.4011695857654913,8
2630,75,12,44,5,1.399837377533035,7
2631,65,63,68,30,1.3991367681458042,33
2632,91,13,9,6,1.3946381880594532,7
2633,44,25,16,13,1.3924747988210242,12
2634,43,13,37,7,1.3915535608538905,6
2635,63,47,39,19,1.3876854118637514,28
2636,77,20,65,10,1.3855589926207088,10
2637,36,11,29,6,1.3837445576600587,5
2638,50,41,11,19,1.3816262941644981,22
2639,95,31,7,14,1.3809406634768675,17
2640,106,30,41,15,1.3806292559177733,15
2641,16,46,27,21,1.375413690186468,25
2642,16,94,13,43,1.3751080649061038,51
2643,6,11,69,6,1.3727715082405263,5
2644,86,66,55,31,1.371489773467497,35
2645,75,10,48,5,1.3711471542080278,5
2646,90,11,76,6,1.3711097869836062,5
2647,39,33,50,16,1.3662313543505342,17
2648,25,26,30,14,1.363384718034577,12
2649,64,42,68,18,1.3624818601326818,24
2650,107,39,70,20,1.3599998705907188,19
2651,69,12,85,6,1.3560361154784741,6
2652,12,16,18,7,1.3538062436901652,9
2653,97,37,88,18,1.349074362930903,19
2654,84,26,78,12,1.3485306553399412,14
2655,18,12,27,5,1.348491059130868,7
2656,108,17,40,9,1.3479697301696818,8
2657,70,29,76,15,1.3451436146232179,14
2658,49,59,13,30,1.3342252284134035,29
2659,61,13,65,7,1.327965247882516,6
2660,60,25,109,12,1.3235251021634884,13
2661,74,18,80,9,1.3199661328668575,9
2662,3,17,55,8,1.3172267439478242,9
2663,10,16,8,7,1.3145513780375315,9
2664,32,12,51,6,1.314434714983352,6
2665,9,28,58,13,1.310268135821902,15
2666,6,13,86,6,1.3062976396978554,7
2667,70,11,102,7,1.3043211125718095,4
2668,5,44,13,21,1.302350985374302,23
2669,87,57,88,30,1.2972492664863855,27
2670,2,22,74,10,1.2925512141562505,12
2671,100,14,12,8,1.2905802927959011,6
2672,11,17,102,9,1.2862551218754514,8
2673,33,17,54,9,1.2844291677407338,8
2674,97,20,109,10,1.283406905257821,10
2675,50,30,51,15,1.277023353905357,15
2676,15,17,114,8,1.2734943259065565,9
2677,50,27,65,13,1.2644687002361983,14
2678,63,19,43,9,1.2637110667141382,10
2679,16,22,33,9,1.250719949272024,13
2680,65,10,89,5,1.246766687204138,5
2681,108,31,107,15,1.2462257353255575,16
2682,1,10,71,4,1.2456643982922146,6
2683,107,30,4,15,1.2387516471106226,15
2684,71,25,31,12,1.2380158081615504,13
2685,63,16,95,8,1.233969730193377,8
2686,71,26,9,12,1.2262156519313812,14
2687,51,22,49,11,1.2233396102543554,11
2688,98,11,74,5,1.2137114800422117,6
2689,60,59,68,27,1.2120069584657038,32
2690,64,42,88,19,1.2118692904336819,23
2691,25,33,97,16,1.211209753293348,17
2692,63,44,7,18,1.2086828652803667,26
2693,65,10,79,5,1.2013413032834044,5
2694,16,51,74,24,1.19895248847691,27
2695,93,16,11,6,1.1943672529988347,10
2696,25,25,109,12,1.1927554377225935,13
2697,34,14,79,6,1.1918923228941705,8
2698,13,61,39,30,1.184741798499231,31
2699,15,32,57,15,1.1839484838228718,17
2700,27,21,30,10,1.1758750370452133,11
2701,69,19,43,9,1.1707049338371238,10
2702,49,28,7,12,1.1696502244503244,16
2703,64,20,45,9,1.1431500338693237,11
2704,85,11,12,5,1.1385099220486263,6
2705,65,71,41,32,1.1364971533687547,39
2706,60,73,71,35,1.1360670304013205,38
2707,36,26,106,13,1.1307287364062801,13
2708,3,26,31,14,1.130409883055894,12
2709,61,18,88,10,1.1254133453483963,8
2710,39,50,65,26,1.1106095559193356,24
2711,73,13,55,6,1.1082443575059586,7
2712,91,12,47,6,1.1047106963660296,6
2713,40,19,45,9,1.1043531225931202,10
2714,96,18,2,9,1.1039761816908797,9
2715,107,35,46,18,1.1031099530770954,17
2716,70,39,106,20,1.1024614638047308,19
2717,46,45,11,21,1.1009029076063184,24
2718,72,25,16,12,1.0967181693009582,13
2719,14,16,11,7,1.0923565448715802,9
2720,40,13,74,6,1.0901529369074687,7
2721,46,20,57,10,1.0787393081529641,10
2722,64,19,97,9,1.0748997556854092,10
2723,54,91,65,44,1.074207369115338,47
2724,87,50,28,25,1.072521726859484,25
2725,67,20,37,9,1.0707700527635258,11
2726,106,12,66,5,1.070759127853136,7
2727,68,11,102,5,1.0688066146446942,6
2728,70,55,8,27,1.0665028298167964,28
2729,104,30,109,15,1.0638658496000608,15
2730,18,35,87,16,1.0595333397572304,19
2731,20,18,48,8,1.0556464172960105,10
2732,71,18,45,10,1.0500246166344394,8
2733,16,37,40,17,1.0479395774839413,20
2734,20,32,13,16,1.0473604323868067,16
2735,54,28,102,14,1.0470828148001607,14
2736,114,19,69,8,1.0427404151557151,11
2737,90,21,88,11,1.0373159148886417,10
2738,7,59,18,30,1.0365595161190129,29
2739,45,14,3,7,1.0349134798027078,7
2740,35,22,7,11,1.0299988339542105,11
2741,13,56,9,26,1.0296923282418164,30
2742,107,111,86,53,1.0263307921685707,58
2743,63,20,44,9,1.0233184771026502,11
2744,70,10,33,5,1.0222975969230632,5
2745,16,42,114,19,1.0212587757382692,23
2746,86,22,93,11,1.0208024258978539,11
2747,98,28,107,14,1.0170960211152535,14
2748,13,43,75,20,1.005364432264769,23
2749,114,11,93,6,1.004990658958168,5
2750,114,39,7,18,1.0047894280060632,21
2751,87,54,54,25,1.0010998909513955,29
2752,37,37,17,16,0.9978108601802018,21
2753,65,17,49,8,0.9975002647964061,9
2754,86,70,13,35,0.9970973609227789,35
2755,17,22,34,11,0.9848498347654561,11
2756,64,21,38,10,0.9820263127460184,11
2757,60,10,93,6,0.9795074052045596,4
2758,8,67,54,35,0.9788096362147576,32
2759,107,65,5,32,0.9748363761521144,33
2760,78,12,9,6,0.9745877106891208,6
2761,53,40,51,20,0.9719493528973242,20
2762,37,50,51,27,0.9710667257210692,23
2763,9,40,39,21,0.970771475989892,19
2764,102,30,114,14,0.9680544759122783,16
2765,104,38,106,19,0.9604760273979323,19
2766,106,11,103,6,0.9583580547252424,5
2767,54,70,16,35,0.957439055762494,35
2768,14,14,5,6,0.9561035605846475,8
2769,63,23,53,11,0.9461903574638922,12
2770,112,13,114,7,0.9421647262329379,6
2771,17,12,29,6,0.9396559694862591,6
2772,18,29,40,12,0.9358054757186772,17
2773,27,13,55,6,0.934874920243962,7
2774,107,84,8,38,0.9341344274068193,46
2775,33,17,86,9,0.9246066959077469,8
2776,65,24,84,12,0.923495090234857,12
2777,57,28,51,14,0.9210242184575945,14
2778,51,12,79,5,0.9183017095558496,7
2779,75,27,114,13,0.9181862737012574,14
2780,13,20,33,10,0.918120505460343,10
2781,106,100,86,49,0.9173221659807225,51
2782,114,12,11,5,0.9147560322473872,7
2783,39,18,48,8,0.9127145579388772,10
2784,43,17,50,7,0.911659904777202,10
2785,77,22,68,11,0.9089813853065132,11
2786,36,35,75,19,0.9076169876586753,16
2787,112,11,14,6,0.9022319115654415,5
2788,14,18,87,8,0.9015139105491377,10
2789,68,17,74,7,0.9001065237726507,10
2790,16,51,23,25,0.8986830698055411,26
2791,104,57,13,28,0.8938954025922639,29
2792,8,76,88,37,0.8933115574955768,39
2793,94,22,107,9,0.8912889870157809,13
2794,3,49,86,25,0.8896666649940002,24
2795,60,17,83,8,0.8851626447494981,9
2796,77,21,4,10,0.8810684428976758,11
2797,84,17,91,8,0.8755346549877653,9
2798,111,47,68,24,0.8746288393374696,23
2799,80,33,86,16,0.8727199174341318,17
2800,108,11,7,6,0.8716332223147827,5
2801,60,17,84,10,0.871614356489069,7
2802,8,67,37,33,0.8700084298071539,34
2803,39,40,28,20,0.868602476168121,20
2804,94,20,19,10,0.8676936024077152,10
2805,10,10,114,4,0.8617397018011257,6
2806,15,18,100,9,0.8614552198726952,9
2807,30,28,51,13,0.8603740804537094,15
2808,13,34,17,16,0.8506035791282663,18
2809,39,13,102,6,0.8492100400200487,7
2810,62,11,50,5,0.8451062062670078,6
2811,69,11,29,5,0.8439423628658328,6
2812,60,14,98,7,0.8439389777307171,7
2813,28,23,30,12,0.8403239904216823,11
2814,86,80,20,38,0.8301074964710538,42
2815,2,16,46,8,0.8285194662826778,8
2816,33,15,114,8,0.8283609152315331,7
2817,29,12,106,6,0.8264692442725535,6
2818,28,48,37,24,0.8263140292594408,24
2819,84,15,95,7,0.8218033746912388,8
2820,107,83,28,39,0.8210512254142036,44
2821,114,19,45,9,0.8205689132017492,10
2822,76,15,27,7,0.8154036284290483,8
2823,13,27,11,13,0.8150505436514466,14
2824,7,16,79,8,0.808566327439515,8
2825,96,58,107,27,0.8081270899904945,31
2826,84,31,50,16,0.8064114901977948,15
2827,56,14,40,7,0.8062835825274064,7
2828,29,14,94,7,0.8058758561257962,7
2829,68,20,49,10,0.7960430752354475,10
2830,2,22,88,11,0.7956469041111237,11
2831,87,28,46,15,0.7941915016238118,13
2832,28,16,89,7,0.7901986413516635,9
2833,96,15,3,8,0.788360761162582,7
2834,4,18,104,10,0.7872554057904764,8
2835,100,13,97,6,0.7866792604447757,7
2836,9,17,34,8,0.77910514985876,9
2837,35,25,86,11,0.7790661728530307,14
2838,13,51,28,25,0.7790491963091711,26
2839,87,22,99,10,0.7762165713325069,12
2840,10,19,84,9,0.7730240789929571,10
2841,97,20,93,10,0.7717644600090583,10
2842,33,15,104,8,0.7704375614853092,7
2843,94,13,65,7,0.7701527109172647,6
2844,16,40,112,19,0.7567380050399233,21
2845,14,15,13,6,0.7511854242648525,9
2846,49,27,30,13,0.749963309372457,14
2847,3,20,71,10,0.744611540631482,10
2848,46,24,84,11,0.744605770354001,13
2849,41,37,63,18,0.7444231446880563,19
2850,36,13,74,5,0.7437175733038444,8
2851,60,58,77,29,0.7413990730942286,29
2852,25,24,15,13,0.7394428200536315,11
2853,5,40,63,22,0.7358500176759455,18
2854,40,77,86,36,0.7352757671814381,41
2855,29,16,54,8,0.7316507778434965,8
2856,95,41,5,21,0.731606653431554,20
2857,7,86,65,45,0.7314326563301058,41
2858,41,66,13,33,0.7296445090281025,33
2859,3,27,9,13,0.7284011303001918,14
2860,71,10,96,5,0.7278695572627789,5
2861,39,37,11,18,0.7278641726621891,19
2862,57,22,37,11,0.7248362672161263,11
2863,69,19,50,8,0.7231056665252452,11
2864,61,18,40,9,0.7154895706830828,9
2865,82,13,28,7,0.7153587234866209,6
2866,17,23,68,12,0.7086074455277899,11
2867,88,43,49,21,0.7014211589442615,22
2868,18,23,104,13,0.701208945227421,10
2869,38,11,91,5,0.7003822911270713,6
2870,57,11,95,4,0.6989616542578664,7
2871,8,41,39,21,0.6937986397009377,20
2872,7,73,39,37,0.6920867889114359,36
2873,63,97,65,48,0.691978062127847,49
2874,62,10,98,5,0.6900751788017032,5
2875,39,42,54,21,0.684039366023366,21
2876,18,19,25,10,0.6816652439852776,9
2877,50,24,114,11,0.6812811811945304,13
2878,109,14,23,7,0.6795387556597896,7
2879,43,13,58,6,0.6756377653052408,7
2880,16,34,48,17,0.6749071927540307,17
2881,109,31,13,14,0.6717168111881656,17
2882,87,56,39,27,0.671126615184668,29
2883,37,40,114,18,0.6680388190804037,22
2884,63,38,50,18,0.6599709375930062,20
2885,68,92,13,44,0.6581175641889087,48
2886,30,12,114,6,0.6487861981579935,6
2887,87,32,109,15,0.6465419452888954,17
2888,41,27,1,12,0.6450987397179471,15
2889,51,72,68,38,0.6442185735943904,34
2890,98,16,50,8,0.6426219058041094,8
2891,68,49,9,24,0.6403549802856331,25
2892,25,25,41,14,0.6394054706376684,11
2893,111,17,36,8,0.6365354853619557,9
2894,70,22,41,12,0.6354721735396393,10
2895,4,28,64,13,0.6316212138641686,15
2896,60,23,1,11,0.6297573562891167,12
2897,36,33,71,17,0.6241330409639582,16
2898,88,34,109,16,0.6239068088208908,18
2899,76,30,96,14,0.6223340675935091,16
2900,31,22,58,11,0.6168553703735019,11
2901,91,16,70,7,0.6063303701253773,9
2902,63,15,34,7,0.6010869874219945,8
2903,71,32,106,15,0.6009609652453856,17
2904,111,10,12,6,0.6003907747378726,4
2905,71,10,23,4,0.6000287508458257,6
2906,3,16,78,7,0.5991460641078756,9
2907,13,24,72,13,0.5977342226167962,11
2908,112,21,9,11,0.5891782951722581,10
2909,76,13,36,4,0.5885035889042722,9
2910,64,15,17,8,0.5824319192017166,7
2911,90,18,84,9,0.5795253040496203,9
2912,60,45,65,25,0.5704742089898724,20
2913,20,14,15,7,0.5689936775430091,7
2914,75,51,65,26,0.5689430318120555,25
2915,40,10,94,5,0.5678516928680516,5
2916,17,16,87,8,0.5653640088554662,8
2917,77,26,86,13,0.5626121483854489,13
2918,29,10,108,5,0.5615423900676226,5
2919,97,31,2,15,0.5614740846174435,16
2920,83,10,2,5,0.5594397265150824,5
2921,49,26,17,11,0.5566184788727493,15
2922,41,12,29,6,0.554014154016142,6
2923,5,49,54,23,0.5526115688513309,26
2924,30,58,86,27,0.5488035004326968,31
2925,92,17,7,7,0.5480230211986101,10
2926,41,42,39,19,0.5463742537779036,23
2927,98,27,16,13,0.5462850233229243,14
2928,64,29,54,15,0.5456745481805155,14
2929,86,12,66,6,0.5447941989519712,6
2930,12,22,39,11,0.5419618153900833,11
2931,106,10,1,5,0.539652861011431,5
2932,94,23,68,11,0.5364898351423456,12
2933,41,19,76,11,0.5337576494452235,8
2934,71,22,55,12,0.5319428762463091,10
2935,68,55,86,28,0.5310748741920145,27
2936,107,20,6,10,0.5288105428737948,10
2937,65,19,102,8,0.5234012572749034,11
2938,73,19,28,10,0.5214155246375574,9
2939,43,17,25,10,0.5197036131496171,7
2940,106,68,28,33,0.5161436710076662,35
2941,4,18,9,9,0.5118055197130339,9
2942,49,12,97,5,0.510198270023406,7
2943,104,34,68,16,0.5092257045757379,18
2944,90,13,91,6,0.5003235284827323,7
2945,88,35,31,18,0.4999807976090588,17
2946,5,59,87,29,0.4991669720547012,30
2947,74,22,18,12,0.49290222508995235,10
2948,57,14,104,5,0.4845128262229356,9
2949,37,17,62,10,0.47941613349669066,7
2950,95,28,74,13,0.47842550860281996,15
2951,75,31,41,14,0.47837138213253816,17
2952,107,59,60,29,0.47676663680262105,30
2953,25,51,39,26,0.4759465051184244,25
2954,65,54,31,26,0.46913887469692744,28
2955,87,16,111,8,0.45897322341286445,8
2956,1,13,112,8,0.45359520737159276,5
2957,97,39,107,20,0.4513498337115768,19
2958,8,26,76,12,0.4492143891303664,14
2959,62,13,55,7,0.4490302976953222,6
2960,65,26,11,14,0.44503248686229346,12
2961,3,17,81,9,0.44434799321825375,8
2962,80,11,9,7,0.4439834453330457,4
2963,17,30,50,16,0.44354818573896915,14
2964,90,15,11,7,0.4409004522210816,8
2965,109,13,69,7,0.43237846797528773,6
2966,40,43,31,22,0.429627197462679,21
2967,68,46,63,23,0.4255709909849699,23
2968,33,11,99,6,0.42486651226142574,5
2969,46,11,19,6,0.4237898327913996,5
2970,87,46,96,22,0.4185307257645089,24
2971,5,14,38,7,0.4168378546295618,7
2972,31,33,86,17,0.4107692180392416,16
2973,50,18,79,9,0.4091046493522828,9
2974,8,28,23,14,0.4068494653629082,14
2975,27,17,106,10,0.4013630945998079,7
2976,107,95,7,42,0.39776976722684715,53
2977,47,19,63,11,0.3963562451590663,8
2978,20,13,85,6,0.39373981733351443,7
2979,88,13,78,6,0.3934639813104847,7
2980,55,16,41,8,0.3929137359889599,8
2981,23,18,54,9,0.39214168570707464,9
2982,11,50,107,24,0.3906998437463303,26
2983,8,13,44,6,0.3904420875790005,7
2984,57,20,55,11,0.38903746063509637,9
2985,69,30,36,15,0.38598798110099336,15
2986,8,35,50,16,0.38293825667797665,19
2987,114,28,71,14,0.3795577437704574,14
2988,27,47,107,23,0.3795019334466748,24
2989,70,22,97,12,0.3783758219642565,10
2990,14,18,84,8,0.37783903496494214,10
2991,107,37,90,19,0.3753937941046271,18
2992,88,35,71,19,0.3711092012403024,16
2993,40,21,75,10,0.36863713867004627,11
2994,95,26,28,12,0.36814720179538635,14
2995,25,30,63,16,0.3669879376751877,14
2996,92,18,13,7,0.36521745881563183,11
2997,46,18,41,8,0.36430211798636986,10
2998,13,27,38,12,0.35957757900250525,15
2999,47,21,65,10,0.3519317997506132,11
3000,7,21,8,10,0.35073482330961425,11
3001,107,16,79,9,0.3498222414341266,7
3002,49,10,5,5,0.3484948933204418,5
3003,8,44,20,22,0.3454844939659281,22
3004,109,13,4,6,0.3380907022892352,7
3005,83,20,106,11,0.33164456490941063,9
3006,61,17,3,10,0.326885819863067,7
3007,100,29,13,14,0.3262042799465977,15
3008,55,38,96,18,0.3245672587151402,20
3009,80,17,71,9,0.3237123360021306,8
3010,86,23,108,13,0.3219408787814728,10
3011,114,68,107,33,0.32070298196932506,35
3012,83,25,28,14,0.3193130867023741,11
3013,60,48,53,25,0.3118269913878374,23
3014,51,13,92,7,0.31029394338620886,6
3015,107,68,63,37,0.3098872954610473,31
3016,23,19,111,11,0.30722018824927017,8
3017,81,12,108,6,0.3007328534362905,6
3018,29,11,79,4,0.30038972457789276,7
3019,78,12,65,7,0.29851305330662053,5
3020,114,60,88,30,0.29749332449413723,30
3021,41,30,18,14,0.296930660105382,16
3022,88,15,48,6,0.2955612335778544,9
3023,70,21,39,11,0.2845470082736238,10
3024,67,12,25,6,0.2816428039469064,6
3025,96,12,67,7,0.27996501259109813,5
3026,7,20,70,8,0.27895885562124206,12
3027,53,18,5,8,0.2778213329671456,10
3028,36,11,38,4,0.26679215079866997,7
3029,37,22,76,12,0.2606095394442829,10
3030,3,36,51,21,0.2571769118970146,15
3031,17,11,108,5,0.2506467392789146,6
3032,47,17,41,9,0.24960180944275975,8
3033,109,31,16,16,0.2489072427641002,15
3034,88,38,20,20,0.24807571543102264,18
3035,40,25,47,14,0.24655985846699452,11
3036,39,10,93,5,0.24650819188032075,5
3037,100,15,27,8,0.24444652913250592,7
3038,83,20,88,11,0.24121558114701722,9
3039,61,16,13,9,0.23942923044644315,7
3040,30,20,106,10,0.23895557447172086,10
3041,107,72,84,36,0.23736523288219447,36
3042,57,14,20,7,0.22969067246688318,7
3043,65,10,101,5,0.22906131925901718,5
3044,67,12,84,5,0.22644335659627104,7
3045,27,12,62,6,0.2261515965549125,6
3046,107,40,18,22,0.21456452912257484,18
3047,53,21,44,9,0.2122113313421154,12
3048,45,11,112,5,0.21017951186860273,6
3049,53,54,13,29,0.2083631688927764,25
3050,65,18,48,8,0.2083165198828137,10
3051,28,11,66,5,0.2056598644516812,6
3052,46,23,17,12,0.20521498367655996,11
3053,63,48,40,23,0.20172959340563693,25
3054,81,21,107,11,0.19898617239587554,10
3055,46,16,71,7,0.19894184736909315,9
3056,76,11,47,3,0.1986777302440924,8
3057,107,61,74,29,0.19420996588142148,32
3058,98,11,100,5,0.18985443720382733,6
3059,88,35,37,17,0.1877253046596751,18
3060,35,12,70,7,0.18631436457958764,5
3061,44,15,65,6,0.18351226600640885,9
3062,71,33,8,17,0.17759312635004623,16
3063,11,47,106,26,0.17225906773687616,21
3064,57,34,13,18,0.16675051669784913,16
3065,47,19,27,9,0.16231772333405706,10
3066,7,51,4,26,0.16136746029798088,25
3067,62,12,106,6,0.1584669634691407,6
3068,11,43,87,23,0.15790548755903733,20
3069,7,16,83,7,0.15765677447455273,9
3070,84,22,80,10,0.15202664995311643,12
3071,51,20,98,10,0.14461940831704007,10
3072,57,25,41,12,0.14171981720178947,13
3073,73,10,25,5,0.1328731236438802,5
3074,60,76,7,38,0.13134493579901685,38
3075,98,14,19,6,0.12846875445523867,8
3076,69,25,7,13,0.12779683769016903,12
3077,28,22,98,9,0.12169006680659694,13
3078,51,59,55,30,0.12168388038388171,29
3079,2,18,84,9,0.10504403066305398,9
3080,68,13,44,7,0.10451112471006771,6
3081,41,54,88,26,0.10348470718011778,28
3082,50,57,86,30,0.09835934402357824,27
3083,51,55,87,27,0.09714010961239666,28
3084,86,30,53,13,0.09593092236920715,17
3085,74,39,25,20,0.09563368284676016,19
3086,65,87,86,41,0.09463852418472599,46
3087,25,65,16,32,0.09364645449744402,33
3088,30,15,96,8,0.09214636377364425,7
3089,114,29,36,13,0.09213128587786307,16
3090,95,52,86,24,0.08956033992826938,28
3091,65,16,19,8,0.08491902740752645,8
3092,107,60,39,29,0.08426356114163677,31
3093,84,37,88,17,0.08333477514829757,20
3094,13,37,15,19,0.07994818421763464,18
3095,97,36,74,17,0.07931920932357782,19
3096,63,46,87,22,0.07921188185625391,24
3097,107,73,54,35,0.07798228457878793,38
3098,55,15,108,8,0.07480659095217349,7
3099,106,21,40,10,0.06808253080226546,11
3100,27,20,40,8,0.058743697650326256,12
3101,8,70,106,37,0.05212763279076112,33
3102,23,20,15,10,0.052043691980666475,10
3103,34,19,50,10,0.05002588679712766,9
3104,73,16,106,8,0.04700386219362951,8
3105,83,17,51,10,0.04607341431682285,7
3106,54,64,50,32,0.045818300371850446,32
3107,65,11,81,6,0.04550793535821782,5
3108,47,10,58,5,0.04544416959920028,5
3109,114,46,104,24,0.04494734082733511,22
3110,74,41,54,20,0.04296760366186976,21
3111,19,25,13,13,0.042831582541997835,12
3112,31,11,97,5,0.04256244744109723,6
3113,55,52,87,26,0.039341837208104025,26
3114,84,19,17,10,0.032612383959908106,9
3115,51,43,9,21,0.03030884292205874,22
3116,106,42,50,20,0.025298087208634697,22
3117,106,26,100,12,0.022225583959526604,14
3118,11,17,40,8,0.017177041126851686,9
3119,109,17,83,7,0.00972932964701334,10
3120,90,33,16,15,0.006116246156991541,18
3121,3,29,60,14,0.0014796010550653669,15
3122,60,29,3,15,-0.001479601055064632,14
3123,16,33,90,18,-0.0061162461569911645,15
3124,106,47,76,26,-0.009505075346386196,21
3125,83,17,109,10,-0.009729329647013785,7
3126,40,17,11,9,-0.01717704112685221,8
3127,100,26,106,14,-0.02222558395952517,12
3128,50,42,106,22,-0.02529808720863334,20
3129,9,43,51,22,-0.030308842922058394,21
3130,17,19,84,9,-0.03261238395990876,10
3131,87,52,55,26,-0.039341837208104025,26
3132,97,11,31,6,-0.042562447441096586,5
3133,13,25,19,12,-0.04283158254199627,13
3134,54,41,74,21,-0.04296760366187002,20
3135,104,46,114,22,-0.04494734082733487,24
3136,58,10,47,5,-0.04544416959920099,5
3137,81,11,65,5,-0.04550793535821569,6
3138,50,64,54,32,-0.045818300371848635,32
3139,51,17,83,7,-0.04607341431682421,10
3140,106,16,73,8,-0.0470038621936304,8
3141,50,19,34,9,-0.05002588679712785,10
3142,15,20,23,10,-0.05204369198066665,10
3143,106,70,8,33,-0.05212763279076128,37
3144,40,20,27,12,-0.0587436976503246,8
3145,40,21,106,11,-0.0680825308022658,10
3146,108,15,55,7,-0.07480659095217229,8
3147,54,73,107,38,-0.07798228457878872,35
3148,87,46,63,24,-0.07921188185625398,22
3149,74,36,97,19,-0.07931920932357782,17
3150,15,37,13,18,-0.07994818421763512,19
3151,88,37,84,20,-0.0833347751482989,17
3152,39,60,107,31,-0.08426356114163559,29
3153,19,16,65,8,-0.08491902740752562,8
3154,86,52,95,28,-0.08956033992827091,24
3155,36,29,114,16,-0.09213128587786189,13
3156,96,15,30,7,-0.09214636377364507,8
3157,16,65,25,33,-0.09364645449744435,32
3158,86,87,65,46,-0.0946385241847274,41
3159,25,39,74,19,-0.0956336828467596,20
3160,53,30,86,17,-0.09593092236920858,13
3161,87,55,51,28,-0.0971401096123966,27
3162,86,57,50,27,-0.09835934402357775,30
3163,88,54,41,28,-0.10348470718011826,26
3164,44,13,68,6,-0.10451112471006657,7
3165,84,18,2,9,-0.10504403066305477,9
3166,55,59,51,29,-0.12168388038388292,30
3167,98,22,28,13,-0.1216900668065983,9
3168,7,25,69,12,-0.1277968376901685,13
3169,19,14,98,8,-0.12846875445523917,6
3170,11,57,16,25,-0.1306097490228135,32
3171,7,76,60,38,-0.13134493579901632,38
3172,25,10,73,5,-0.1328731236438802,5
3173,41,25,57,13,-0.14171981720178792,12
3174,98,20,51,10,-0.14461940831704023,10
3175,80,22,84,12,-0.15202664995311627,10
3176,83,16,7,9,-0.1576567744745514,7
3177,87,43,11,20,-0.1579054875590379,23
3178,106,12,62,6,-0.15846696346914188,6
3179,4,51,7,25,-0.16136746029798163,26
3180,27,19,47,10,-0.16231772333405725,9
3181,13,34,57,16,-0.16675051669784913,18
3182,106,47,11,21,-0.17225906773687602,26
3183,16,26,102,13,-0.17363404747602376,13
3184,8,33,71,16,-0.17759312635004632,17
3185,65,15,44,9,-0.1835122660064091,6
3186,70,12,35,5,-0.18631436457958692,7
3187,37,35,88,18,-0.18772530465967646,17
3188,100,11,98,6,-0.18985443720382733,5
3189,47,11,76,8,-0.19867773024409274,3
3190,71,16,46,9,-0.19894184736909182,7
3191,107,21,81,10,-0.19898617239587607,11
3192,40,48,63,25,-0.20172959340563568,23
3193,17,23,46,11,-0.2052149836765593,12
3194,66,11,28,6,-0.20565986445168055,5
3195,48,18,65,10,-0.20831651988281447,8
3196,13,54,53,25,-0.20836316889277592,29
3197,112,11,45,6,-0.21017951186860273,5
3198,44,21,53,12,-0.2122113313421161,9
3199,18,40,107,18,-0.21456452912257684,22
3200,62,12,27,6,-0.2261515965549125,6
3201,84,12,67,7,-0.22644335659627166,5
3202,101,10,65,5,-0.2290613192590168,5
3203,20,14,57,7,-0.2296906724668833,7
3204,84,72,107,36,-0.23736523288219558,36
3205,106,20,30,10,-0.2389555744717199,10
3206,13,16,61,7,-0.2394292304464427,9
3207,88,20,83,9,-0.24121558114701463,11
3208,27,15,100,7,-0.24444652913250592,8
3209,93,10,39,5,-0.24650819188031967,5
3210,47,25,40,11,-0.24655985846699366,14
3211,16,31,109,15,-0.24890724276409806,16
3212,41,17,47,8,-0.24960180944275975,9
3213,108,11,17,6,-0.25064673927891384,5
3214,51,36,3,15,-0.25717691189701575,21
3215,76,22,37,10,-0.26060953944428406,12
3216,38,11,36,7,-0.26679215079866964,4
3217,5,18,53,10,-0.277821332967146,8
3218,70,20,7,12,-0.27895885562124184,8
3219,67,12,96,5,-0.279965012591097,7
3220,25,12,67,6,-0.2816428039469064,6
3221,39,21,70,10,-0.2845470082736231,11
3222,48,15,88,9,-0.29556123357785347,6
3223,18,30,41,16,-0.2969306601053822,14
3224,88,60,114,30,-0.2974933244941375,30
3225,65,12,78,5,-0.29851305330662053,7
3226,79,11,29,7,-0.3003897245778921,4
3227,108,12,81,6,-0.3007328534362905,6
3228,88,18,12,9,-0.3042097842896815,9
3229,111,19,23,8,-0.30722018824927033,11
3230,63,68,107,31,-0.3098872954610479,37
3231,92,13,51,6,-0.31029394338620975,7
3232,53,48,60,23,-0.3118269913878375,25
3233,28,25,83,11,-0.3193130867023753,14
3234,107,68,114,35,-0.3207029819693246,33
3235,108,23,86,10,-0.32194087878147215,13
3236,71,17,80,8,-0.3237123360021318,9
3237,96,38,55,20,-0.32456725871514125,18
3238,13,29,100,15,-0.32620427994659745,14
3239,3,17,61,7,-0.32688581986306675,10
3240,106,20,83,9,-0.3316445649094112,11
3241,4,13,109,7,-0.3380907022892352,6
3242,20,44,8,22,-0.3454844939659279,22
3243,5,10,49,5,-0.3484948933204407,5
3244,79,16,107,7,-0.34982224143412544,9
3245,8,21,7,11,-0.3507348233096159,10
3246,65,21,47,11,-0.3519317997506139,10
3247,38,27,13,15,-0.3595775790025047,12
3248,41,18,46,10,-0.36430211798637085,8
3249,13,18,92,11,-0.3652174588156323,7
3250,63,30,25,14,-0.3669879376751877,16
3251,28,26,95,14,-0.36814720179538646,12
3252,75,21,40,11,-0.3686371386700461,10
3253,71,35,88,16,-0.37110920124030156,19
3254,84,18,14,10,-0.37783903496494253,8
3255,97,22,70,10,-0.3783758219642562,12
3256,107,47,27,24,-0.3795019334466765,23
3257,71,28,114,14,-0.3795577437704577,14
3258,50,35,8,19,-0.3829382566779763,16
3259,36,30,69,15,-0.3859879811009911,15
3260,55,20,57,9,-0.3890374606350971,11
3261,44,13,8,7,-0.3904420875789997,6
3262,54,18,23,9,-0.39214168570707364,9
3263,41,16,55,8,-0.39291373598895946,8
3264,78,13,88,7,-0.3934639813104835,6
3265,85,13,20,7,-0.3937398173335161,6
3266,63,19,47,8,-0.3963562451590674,11
3267,7,95,107,53,-0.3977697672268478,42
3268,106,17,27,7,-0.40136309459980746,10
3269,23,28,8,14,-0.40684946536290795,14
3270,79,18,50,9,-0.4091046493522828,9
3271,86,33,31,16,-0.4107692180392426,17
3272,38,14,5,7,-0.4168378546295618,7
3273,96,46,87,24,-0.4185307257645087,22
3274,19,11,46,5,-0.4237898327914003,6
3275,99,11,33,5,-0.4248665122614248,6
3276,63,46,68,23,-0.4255709909849707,23
3277,31,43,40,21,-0.4296271974626791,22
3278,69,13,109,6,-0.43237846797528773,7
3279,11,15,90,8,-0.4409004522210813,7
3280,50,30,17,14,-0.4435481857389689,16
3281,9,11,80,4,-0.4439834453330448,7
3282,81,17,3,8,-0.44434799321825436,9
3283,11,26,65,12,-0.4450324868622947,14
3284,55,13,62,6,-0.4490302976953225,7
3285,76,26,8,14,-0.4492143891303651,12
3286,107,39,97,19,-0.4513498337115769,20
3287,112,13,1,5,-0.45359520737159276,8
3288,111,16,87,8,-0.45897322341286373,8
3289,31,54,65,28,-0.4691388746969265,26
3290,39,51,25,25,-0.4759465051184236,26
3291,60,59,107,30,-0.4767666368026221,29
3292,41,31,75,17,-0.47837138213253816,14
3293,74,28,95,15,-0.4784255086028221,13
3294,62,17,37,7,-0.47941613349669043,10
3295,104,14,57,9,-0.4845128262229359,5
3296,18,22,74,10,-0.4929022250899522,12
3297,87,59,5,30,-0.49916697205470045,29
3298,31,35,88,17,-0.499980797609059,18
3299,91,13,90,7,-0.5003235284827329,6
3300,68,34,104,18,-0.5092257045757377,16
3301,97,12,49,7,-0.510198270023406,5
3302,9,18,4,9,-0.5118055197130339,9
3303,28,68,106,35,-0.5161436710076651,33
3304,25,17,43,7,-0.5197036131496168,10
3305,28,19,73,9,-0.5214155246375576,10
3306,102,19,65,11,-0.5234012572749034,8
3307,6,20,107,10,-0.528810542873795,10
3308,86,55,68,27,-0.5310748741920146,28
3309,55,22,71,10,-0.5319428762463102,12
3310,76,19,41,8,-0.5337576494452245,11
3311,68,23,94,12,-0.5364898351423458,11
3312,1,10,106,5,-0.5396528610114302,5
3313,39,22,12,11,-0.5419618153900839,11
3314,66,12,86,6,-0.5447941989519703,6
3315,54,29,64,14,-0.5456745481805153,15
3316,16,27,98,14,-0.5462850233229247,13
3317,39,42,41,23,-0.5463742537779043,19
3318,7,17,92,10,-0.5480230211986107,7
3319,86,58,30,31,-0.5488035004326964,27
3320,54,49,5,26,-0.5526115688513301,23
3321,29,12,41,6,-0.5540141540161407,6
3322,17,26,49,15,-0.5566184788727492,11
3323,2,10,83,5,-0.559439726515081,5
3324,2,31,97,16,-0.5614740846174444,15
3325,108,10,29,5,-0.5615423900676234,5
3326,86,26,77,13,-0.5626121483854493,13
3327,87,16,17,8,-0.5653640088554662,8
3328,94,10,40,5,-0.5678516928680514,5
3329,65,51,75,25,-0.5689430318120551,26
3330,15,14,20,7,-0.5689936775430089,7
3331,65,45,60,20,-0.5704742089898722,25
3332,84,18,90,9,-0.5795253040496205,9
3333,17,15,64,7,-0.5824319192017173,8
3334,36,13,76,9,-0.5885035889042698,4
3335,9,21,112,10,-0.5891782951722585,11
3336,72,24,13,11,-0.5977342226167965,13
3337,78,16,3,9,-0.5991460641078756,7
3338,23,10,71,6,-0.6000287508458257,4
3339,12,10,111,4,-0.6003907747378741,6
3340,106,32,71,17,-0.6009609652453869,15
3341,34,15,63,8,-0.6010869874219955,7
3342,70,16,91,9,-0.6063303701253777,7
3343,58,22,31,11,-0.6168553703735028,11
3344,96,30,76,16,-0.6223340675935105,14
3345,71,33,36,16,-0.6241330409639598,17
3346,1,23,60,12,-0.6297573562891176,11
3347,64,28,4,15,-0.6316212138641698,13
3348,41,22,70,10,-0.6354721735396389,12
3349,36,17,111,9,-0.6365354853619557,8
3350,41,25,25,11,-0.6394054706376676,14
3351,9,49,68,25,-0.6403549802856343,24
3352,50,16,98,8,-0.6426219058041119,8
3353,68,72,51,34,-0.6442185735943897,38
3354,1,27,41,15,-0.6450987397179483,12
3355,109,32,87,17,-0.6465419452888961,15
3356,114,12,30,6,-0.6487861981579929,6
3357,13,92,68,48,-0.6581175641889085,44
3358,50,38,63,20,-0.6599709375930077,18
3359,114,40,37,22,-0.6680388190804033,18
3360,39,56,87,29,-0.6711266151846677,27
3361,13,31,109,17,-0.6717168111881655,14
3362,48,34,16,17,-0.6749071927540304,17
3363,58,13,43,7,-0.6756377653052408,6
3364,23,14,109,7,-0.6795387556597896,7
3365,114,24,50,13,-0.6812811811945291,11
3366,25,19,18,9,-0.6816652439852758,10
3367,54,42,39,21,-0.6840393660233661,21
3368,98,10,62,5,-0.6900751788017029,5
3369,65,97,63,49,-0.6919780621278473,48
3370,39,73,7,36,-0.6920867889114356,37
3371,39,41,8,20,-0.6937986397009376,21
3372,95,11,57,7,-0.6989616542578677,4
3373,91,11,38,6,-0.7003822911270713,5
3374,104,23,18,10,-0.7012089452274208,13
3375,49,43,88,22,-0.7014211589442607,21
3376,68,23,17,11,-0.7086074455277905,12
3377,28,13,82,6,-0.7153587234866207,7
3378,40,18,61,9,-0.7154895706830816,9
3379,50,19,69,11,-0.723105666525245,8
3380,37,22,57,11,-0.7248362672161277,11
3381,11,37,39,19,-0.7278641726621898,18
3382,96,10,71,5,-0.7278695572627789,5
3383,9,27,3,14,-0.7284011303001917,13
3384,13,66,41,33,-0.7296445090281021,33
3385,65,86,7,41,-0.7314326563301068,45
3386,5,41,95,20,-0.7316066534315533,21
3387,54,16,29,8,-0.7316507778434965,8
3388,86,77,40,41,-0.7352757671814375,36
3389,63,40,5,18,-0.7358500176759462,22
3390,15,24,25,11,-0.7394428200536295,13
3391,77,58,60,29,-0.7413990730942289,29
3392,74,13,36,8,-0.743717573303844,5
3393,63,37,41,19,-0.7444231446880566,18
3394,84,24,46,13,-0.7446057703540011,11
3395,71,20,3,10,-0.7446115406314829,10
3396,30,27,49,14,-0.7499633093724578,13
3397,13,15,14,9,-0.751185424264851,6
3398,112,40,16,21,-0.7567380050399233,19
3399,65,13,94,6,-0.7701527109172653,7
3400,104,15,33,7,-0.7704375614853106,8
3401,93,20,97,10,-0.7717644600090567,10
3402,84,19,10,10,-0.7730240789929577,9
3403,99,22,87,12,-0.7762165713325071,10
3404,28,51,13,26,-0.7790491963091725,25
3405,86,25,35,14,-0.7790661728530298,11
3406,34,17,9,9,-0.77910514985876,8
3407,97,13,100,7,-0.7866792604447764,6
3408,104,18,4,8,-0.7872554057904768,10
3409,3,15,96,7,-0.7883607611625825,8
3410,89,16,28,9,-0.7901986413516622,7
3411,46,28,87,13,-0.7941915016238148,15
3412,88,22,2,11,-0.7956469041111237,11
3413,49,20,68,10,-0.7960430752354469,10
3414,94,14,29,7,-0.8058758561257962,7
3415,40,14,56,7,-0.8062835825274064,7
3416,50,31,84,15,-0.8064114901977935,16
3417,107,58,96,31,-0.8081270899904945,27
3418,79,16,7,8,-0.8085663274395147,8
3419,11,27,13,14,-0.8150505436514458,13
3420,27,15,76,8,-0.8154036284290476,7
3421,20,27,74,13,-0.8203305748765273,14
3422,45,19,114,10,-0.8205689132017484,9
3423,28,83,107,44,-0.8210512254142028,39
3424,95,15,84,8,-0.8218033746912378,7
3425,37,48,28,24,-0.8263140292594411,24
3426,106,12,29,6,-0.8264692442725535,6
3427,114,15,33,7,-0.8283609152315335,8
3428,46,16,2,8,-0.8285194662826783,8
3429,20,80,86,42,-0.8301074964710548,38
3430,30,23,28,11,-0.840323990421683,12
3431,98,14,60,7,-0.8439389777307166,7
3432,29,11,69,6,-0.8439423628658328,5
3433,50,11,62,6,-0.8451062062670082,5
3434,102,13,39,7,-0.8492100400200481,6
3435,17,34,13,18,-0.850603579128267,16
3436,51,28,30,15,-0.8603740804537089,13
3437,100,18,15,9,-0.8614552198726965,9
3438,114,10,10,6,-0.8617397018011254,4
3439,19,20,94,10,-0.8676936024077146,10
3440,28,40,39,20,-0.8686024761681225,20
3441,37,67,8,34,-0.8700084298071528,33
3442,84,17,60,7,-0.8716143564890693,10
3443,7,11,108,5,-0.8716332223147826,6
3444,86,33,80,17,-0.872719917434131,16
3445,68,47,111,23,-0.87462883933747,24
3446,91,17,84,9,-0.8755346549877636,8
3447,11,24,48,12,-0.8788776562363085,12
3448,4,21,77,11,-0.8810684428976734,10
3449,83,17,60,9,-0.8851626447494985,8
3450,86,49,3,24,-0.8896666649939996,25
3451,107,22,94,13,-0.8912889870157802,9
3452,88,76,8,39,-0.8933115574955759,37
3453,13,57,104,29,-0.8938954025922652,28
3454,23,51,16,26,-0.8986830698055417,25
3455,74,17,68,10,-0.9001065237726515,7
3456,87,18,14,10,-0.9015139105491373,8
3457,14,11,112,5,-0.9022319115654427,6
3458,75,35,36,16,-0.9076169876586756,19
3459,68,22,77,11,-0.9089813853065126,11
3460,50,17,43,10,-0.911659904777202,7
3461,48,18,39,10,-0.9127145579388771,8
3462,11,12,114,7,-0.9147560322473871,5
3463,33,20,13,10,-0.9181205054603415,10
3464,114,27,75,14,-0.9181862737012573,13
3465,79,12,51,7,-0.9183017095558501,5
3466,51,28,57,14,-0.9210242184575963,14
3467,84,24,65,12,-0.9234950902348572,12
3468,86,17,33,8,-0.9246066959077452,9
3469,8,84,107,46,-0.9341344274068198,38
3470,55,13,27,7,-0.9348749202439617,6
3471,40,29,18,17,-0.9358054757186769,12
3472,29,12,17,6,-0.9396559694862591,6
3473,114,13,112,6,-0.9421647262329372,7
3474,53,23,63,12,-0.9461903574638926,11
3475,5,14,14,8,-0.9561035605846475,6
3476,16,70,54,35,-0.9574390557624933,35
3477,103,11,106,5,-0.9583580547252434,6
3478,106,38,104,19,-0.9604760273979325,19
3479,114,30,102,16,-0.9680544759122797,14
3480,39,40,9,19,-0.9707714759898943,21
3481,51,50,37,23,-0.9710667257210696,27
3482,51,40,53,20,-0.9719493528973238,20
3483,9,12,78,6,-0.9745877106891214,6
3484,5,65,107,33,-0.9748363761521153,32
3485,54,67,8,32,-0.9788096362147561,35
3486,93,10,60,4,-0.9795074052045607,6
3487,38,21,64,11,-0.9820263127460164,10
3488,34,22,17,11,-0.9848498347654565,11
3489,13,70,86,35,-0.9970973609227783,35
3490,49,17,65,9,-0.9975002647964059,8
3491,17,37,37,21,-0.9978108601802036,16
3492,54,54,87,29,-1.001099890951392,25
3493,7,39,114,21,-1.0047894280060643,18
3494,93,11,114,5,-1.0049906589581687,6
3495,75,43,13,23,-1.0053644322647692,20
3496,107,28,98,14,-1.0170960211152535,14
3497,93,22,86,11,-1.0208024258978545,11
3498,114,42,16,23,-1.0212587757382683,19
3499,33,10,70,5,-1.0222975969230645,5
3500,44,20,63,11,-1.0233184771026504,9
3501,86,111,107,58,-1.0263307921685703,53
3502,9,56,13,30,-1.029692328241817,26
3503,7,22,35,11,-1.02999883395421,11
3504,3,14,45,7,-1.0349134798027073,7
3505,18,59,7,29,-1.0365595161190124,30
3506,88,21,90,10,-1.0373159148886413,11
3507,69,19,114,11,-1.0427404151557151,8
3508,16,57,11,33,-1.0428897766479872,24
3509,102,28,54,14,-1.047082814800161,14
3510,13,32,20,16,-1.0473604323868067,16
3511,40,37,16,20,-1.0479395774839417,17
3512,45,18,71,8,-1.050024616634439,10
3513,48,18,20,10,-1.0556464172960118,8
3514,87,35,18,19,-1.059533339757231,16
3515,109,30,104,15,-1.063865849600061,15
3516,8,55,70,28,-1.0665028298167962,27
3517,102,11,68,6,-1.0688066146446953,5
3518,66,12,106,7,-1.0707591278531368,5
3519,37,20,67,11,-1.0707700527635244,9
3520,28,50,87,25,-1.072521726859484,25
3521,65,91,54,47,-1.074207369115338,44
3522,97,19,64,10,-1.0748997556854094,9
3523,57,20,46,10,-1.0787393081529644,10
3524,74,13,40,7,-1.0901529369074696,6
3525,11,16,14,9,-1.0923565448715815,7
3526,16,25,72,13,-1.0967181693009587,12
3527,11,45,46,24,-1.1009029076063193,21
3528,106,39,70,19,-1.1024614638047292,20
3529,46,35,107,17,-1.1031099530770958,18
3530,2,18,96,9,-1.1039761816908782,9
3531,45,19,40,10,-1.1043531225931214,9
3532,47,12,91,6,-1.104710696366028,6
3533,55,13,73,7,-1.1082443575059588,6
3534,65,50,39,24,-1.110609555919337,26
3535,88,18,61,8,-1.1254133453483963,10
3536,31,26,3,12,-1.1304098830558946,14
3537,106,26,36,13,-1.1307287364062808,13
3538,71,73,60,38,-1.1360670304013198,35
3539,41,71,65,39,-1.1364971533687538,32
3540,12,11,85,6,-1.1385099220486274,5
3541,45,20,64,11,-1.143150033869323,9
3542,74,14,12,7,-1.1676100167547812,7
3543,7,28,49,16,-1.169650224450325,12
3544,43,19,69,10,-1.1707049338371238,9
3545,30,21,27,11,-1.1758750370452133,10
3546,57,32,15,17,-1.1839484838228718,15
3547,39,61,13,31,-1.1847417984992314,30
3548,79,14,34,8,-1.1918923228941705,6
3549,109,25,25,13,-1.1927554377225942,12
3550,11,16,93,10,-1.194367252998836,6
3551,74,51,16,27,-1.1989524884769094,24
3552,79,10,65,5,-1.2013413032834053,5
3553,7,44,63,26,-1.2086828652803665,18
3554,97,33,25,17,-1.2112097532933461,16
3555,88,42,64,23,-1.2118692904336803,19
3556,68,59,60,32,-1.2120069584657027,27
3557,74,11,98,6,-1.2137114800422124,5
3558,49,22,51,11,-1.223339610254356,11
3559,9,26,71,14,-1.2262156519313807,12
3560,95,16,63,8,-1.233969730193377,8
3561,93,21,107,10,-1.2375139728583175,11
3562,31,25,71,13,-1.2380158081615502,12
3563,4,30,107,15,-1.2387516471106224,15
3564,71,10,1,6,-1.2456643982922142,4
3565,107,31,108,16,-1.2462257353255575,15
3566,89,10,65,5,-1.2467666872041385,5
3567,33,22,16,13,-1.2507199492720238,9
3568,14,15,107,7,-1.262180496300674,8
3569,43,19,63,10,-1.2637110667141367,9
3570,65,27,50,14,-1.2644687002361992,13
3571,114,17,15,9,-1.2734943259065574,8
3572,51,30,50,15,-1.277023353905357,15
3573,109,20,97,10,-1.2834069052578214,10
3574,54,17,33,8,-1.2844291677407338,9
3575,102,17,11,8,-1.2862551218754503,9
3576,12,14,100,6,-1.2905802927959011,8
3577,74,22,2,12,-1.2925512141562505,10
3578,88,57,87,27,-1.297249266486386,30
3579,13,44,5,23,-1.3023509853743016,21
3580,102,11,70,4,-1.3043211125718082,7
3581,86,13,6,7,-1.306297639697856,6
3582,58,28,9,15,-1.3102681358219028,13
3583,51,12,32,6,-1.314434714983353,6
3584,8,16,10,9,-1.3145513780375313,7
3585,55,17,3,9,-1.3172267439478242,8
3586,80,18,74,9,-1.3199661328668575,9
3587,109,25,60,13,-1.3235251021634893,12
3588,65,13,61,6,-1.3279652478825155,7
3589,13,59,49,29,-1.3342252284134024,30
3590,76,29,70,14,-1.3451436146232192,15
3591,40,17,108,8,-1.3479697301696822,9
3592,27,12,18,7,-1.348491059130869,5
3593,78,26,84,14,-1.3485306553399403,12
3594,88,37,97,19,-1.3490743629309028,18
3595,18,16,12,9,-1.353806243690165,7
3596,85,12,69,6,-1.3560361154784737,6
3597,70,39,107,19,-1.3599998705907195,20
3598,68,42,64,24,-1.3624818601326816,18
3599,30,26,25,12,-1.3633847180345777,14
3600,76,47,106,22,-1.3637390504385927,25
3601,50,33,39,17,-1.3662313543505333,16
3602,76,11,90,5,-1.371109786983603,6
3603,48,10,75,5,-1.3711471542080287,5
3604,55,66,86,35,-1.3714897734674971,31
3605,69,11,6,5,-1.3727715082405267,6
3606,13,94,16,51,-1.3751080649061047,43
3607,27,46,16,25,-1.375413690186467,21
3608,41,30,106,15,-1.3806292559177735,15
3609,7,31,95,17,-1.3809406634768695,14
3610,11,41,50,22,-1.3816262941644981,19
3611,29,11,36,5,-1.3837445576600587,6
3612,65,20,77,10,-1.385558992620708,10
3613,39,47,63,28,-1.3876854118637523,19
3614,37,13,43,6,-1.39155356085389,7
3615,16,25,44,12,-1.3924747988210244,13
3616,9,13,91,7,-1.3946381880594534,6
3617,68,63,65,33,-1.3991367681458051,30
3618,44,12,75,7,-1.3998373775330364,5
3619,95,17,70,8,-1.4011695857654913,9
3620,13,22,12,14,-1.4046792155049046,8
3621,8,32,60,16,-1.4078749382399767,16
3622,40,16,12,8,-1.412082266616442,8
3623,87,43,30,22,-1.4139307998692503,21
3624,109,11,94,5,-1.4139835062750101,6
3625,53,11,1,6,-1.4196819324858239,5
3626,51,18,29,10,-1.4222631016002014,8
3627,45,35,36,16,-1.4232731245081227,19
3628,86,56,70,30,-1.4292180536114512,26
3629,86,30,85,16,-1.4358048779112946,14
3630,16,43,57,22,-1.4361745818044391,21
3631,25,28,50,14,-1.4391705454909016,14
3632,97,21,20,10,-1.4395279608818727,11
3633,38,24,68,13,-1.4453831916260256,11
3634,63,55,106,28,-1.4485566818099482,27
3635,88,62,46,31,-1.4519317579443416,31
3636,55,30,53,16,-1.4538038424746405,14
3637,89,16,50,9,-1.4560158637801313,7
3638,38,16,8,8,-1.4562520429495762,8
3639,94,21,27,11,-1.457648063248935,10
3640,54,32,84,17,-1.4591305177250877,15
3641,83,23,25,13,-1.459720188055496,10
3642,47,21,31,11,-1.4606130980712662,10
3643,28,20,33,9,-1.4609880096092156,11
3644,51,64,40,33,-1.4624658901194143,31
3645,43,13,23,7,-1.4628793390447175,6
3646,23,16,112,9,-1.4656028868993891,7
3647,2,32,86,16,-1.4682447143488924,16
3648,32,17,11,8,-1.4729852723414758,9
3649,63,15,73,7,-1.4760785674332912,8
3650,27,29,41,16,-1.4791025709590586,13
3651,30,19,76,9,-1.4838540857769407,10
3652,13,59,4,32,-1.4911690163054772,27
3653,5,52,46,28,-1.4974094901037482,24
3654,43,11,29,6,-1.4978241959441987,5
3655,108,17,50,8,-1.5013768012598367,9
3656,19,31,16,16,-1.507180695328465,15
3657,55,12,46,7,-1.514859018089955,5
3658,41,10,48,5,-1.5154908856574238,5
3659,37,14,35,7,-1.523131742310598,7
3660,88,34,1,17,-1.5234508852206479,17
3661,65,26,83,13,-1.5253499649391125,13
3662,27,16,34,8,-1.5277499800255185,8
3663,84,20,114,11,-1.52828266290098,9
3664,53,13,29,8,-1.5317670028644754,5
3665,45,23,13,12,-1.5362814776486233,11
3666,46,25,97,13,-1.53794225986029,12
3667,74,61,107,33,-1.5445233108407423,28
3668,112,11,74,6,-1.5465866625881939,5
3669,43,12,57,8,-1.547683226037978,4
3670,74,26,11,14,-1.5483769164487973,12
3671,83,23,104,13,-1.5563880557352991,10
3672,49,11,109,6,-1.5612220128244476,5
3673,28,66,8,35,-1.5619285888266068,31
3674,111,14,9,7,-1.5621342613374538,7
3675,100,15,9,9,-1.5684675366801644,6
3676,86,100,106,52,-1.5692663469089445,48
3677,88,58,40,31,-1.5715316879527899,27
3678,46,25,60,13,-1.5735893742532685,12
3679,90,22,55,10,-1.578656952498874,12
3680,25,15,2,7,-1.5845186001024019,8
3681,90,10,64,5,-1.5921132093044663,5
3682,87,17,58,9,-1.5945657171525212,8
3683,18,10,94,5,-1.600111613157304,5
3684,3,15,23,8,-1.6013986021332858,7
3685,27,22,15,12,-1.6066985023548919,10
3686,43,13,70,7,-1.6071210379776915,6
3687,69,19,19,10,-1.6096912747748562,9
3688,57,18,68,9,-1.6190755944848343,9
3689,96,19,39,11,-1.6315253594413601,8
3690,41,78,7,40,-1.6316845641232842,38
3691,80,12,38,7,-1.640066144596355,5
3692,68,23,36,12,-1.6511686348202665,11
3693,40,25,30,13,-1.6527748170609526,12
3694,17,32,107,17,-1.6568754180103662,15
3695,48,19,106,10,-1.6634533717988316,9
3696,17,16,85,9,-1.6640468368595824,7
3697,51,13,85,6,-1.664226628935167,7
3698,31,28,45,15,-1.6710870406691087,13
3699,114,29,54,14,-1.6786165794472785,15
3700,27,11,72,5,-1.6792102173602574,6
3701,77,12,17,6,-1.6873994667000654,6
3702,106,34,68,18,-1.6879506890966793,16
3703,12,29,51,15,-1.6905713428532645,14
3704,86,24,34,12,-1.6932391968680565,12
3705,5,64,28,33,-1.6933141899778517,31
3706,46,23,9,13,-1.6945658865661515,10
3707,23,15,36,6,-1.6972875274185715,9
3708,102,16,20,8,-1.6989391239814924,8
3709,86,44,23,23,-1.7030841833116435,21
3710,37,10,48,5,-1.703593750319215,5
3711,63,32,9,17,-1.707803131688152,15
3712,107,50,11,27,-1.7078931888870255,23
3713,7,40,54,21,-1.7088310244062668,19
3714,110,14,87,8,-1.712794271473505,6
3715,43,14,109,7,-1.712926735873305,7
3716,38,32,86,17,-1.7164597494651734,15
3717,27,14,54,7,-1.7208673623652104,7
3718,45,19,16,11,-1.7223541453976996,8
3719,45,15,63,8,-1.7260545689947928,7
3720,12,13,50,5,-1.7279667161947843,8
3721,68,13,32,8,-1.7311662598089228,5
3722,75,19,70,9,-1.7314858975507368,10
3723,96,38,106,21,-1.7318320126651903,17
3724,106,19,48,10,-1.7335189393534853,9
3725,81,22,88,12,-1.7392542924502719,10
3726,88,37,36,21,-1.7392851936744331,16
3727,109,10,78,5,-1.740661389354757,5
3728,6,11,18,6,-1.7414584600944745,5
3729,36,33,60,17,-1.7416473627060742,16
3730,61,13,86,7,-1.7442789867829431,6
3731,29,17,7,7,-1.7467705733456498,10
3732,68,31,4,16,-1.7510661926181545,15
3733,57,33,86,18,-1.7522583613315093,15
3734,70,26,84,14,-1.7530345342228948,12
3735,77,12,19,6,-1.7552481015092718,6
3736,110,11,88,5,-1.7642228121429868,6
3737,39,12,69,6,-1.778905157901617,6
3738,84,13,102,7,-1.7793224025292758,6
3739,60,17,11,9,-1.779429717497023,8
3740,90,25,37,13,-1.7816453937181784,12
3741,43,25,27,13,-1.79448849740525,12
3742,17,11,19,5,-1.8011329372202576,6
3743,31,34,51,20,-1.8036645224364214,14
3744,25,22,36,11,-1.8071440138268584,11
3745,48,24,11,13,-1.8103920900926083,11
3746,111,18,40,9,-1.8104998545748818,9
3747,60,23,19,11,-1.8128419885227383,12
3748,28,18,79,10,-1.8130893193426156,8
3749,109,11,71,6,-1.819641782820222,5
3750,99,13,102,7,-1.8212893413036864,6
3751,108,16,64,8,-1.8224151605655852,8
3752,114,13,44,7,-1.8263733365516708,6
3753,3,11,106,6,-1.8270221877820196,5
3754,13,29,74,15,-1.8278354237299068,14
3755,49,20,54,10,-1.8291542659227744,10
3756,109,54,28,30,-1.8301464583611147,24
3757,96,38,84,19,-1.835648682700679,19
3758,20,30,114,16,-1.839540566254475,14
3759,81,15,68,8,-1.8403513087559695,7
3760,97,22,53,12,-1.8492466822191078,10
3761,112,11,85,6,-1.86190112472257,5
3762,114,21,43,10,-1.8643335671695762,11
3763,5,95,37,49,-1.865428870342572,46
3764,54,26,17,13,-1.867393134138254,13
3765,65,91,13,49,-1.8704880163256519,42
3766,41,49,51,26,-1.877505705092543,23
3767,79,14,8,6,-1.8787453444383126,8
3768,64,30,87,15,-1.8805745129965612,15
3769,8,41,2,21,-1.8848654476169693,20
3770,64,23,25,12,-1.8857238852847689,11
3771,39,34,47,18,-1.8887252121213738,16
3772,106,35,20,19,-1.890590591428699,16
3773,99,27,55,15,-1.895072402151854,12
3774,112,27,107,14,-1.8978016202230057,13
3775,78,35,86,18,-1.9028193156606692,17
3776,23,28,51,15,-1.9066169824504664,13
3777,1,38,68,20,-1.9099752765436673,18
3778,47,23,87,12,-1.9101133657381943,11
3779,87,15,103,9,-1.9119938143153759,6
3780,63,29,71,16,-1.915183979520071,13
3781,17,11,110,6,-1.9155371371930654,5
3782,106,32,97,16,-1.9159665785715099,16
3783,76,11,99,5,-1.9173589523208336,6
3784,64,43,53,23,-1.9214578200473016,20
3785,19,10,11,6,-1.921521612932454,4
3786,18,21,114,11,-1.923577249757447,10
3787,86,56,114,29,-1.9239569797033842,27
3788,40,19,70,11,-1.9276789997691202,8
3789,84,38,87,20,-1.9318820493391857,18
3790,97,14,23,7,-1.9330528734436563,7
3791,80,11,17,7,-1.9331063026674833,4
3792,98,10,32,5,-1.9380052263831622,5
3793,7,49,71,24,-1.9387153694352766,25
3794,104,13,110,8,-1.9388474450810558,5
3795,31,14,23,8,-1.9392936999416424,6
3796,96,18,13,10,-1.9406803869416942,8
3797,69,14,112,7,-1.9415067419167844,7
3798,55,20,25,11,-1.9429576796619947,9
3799,48,15,7,7,-1.9478692265013033,8
3800,64,34,36,17,-1.9485056781764598,17
3801,71,12,78,6,-1.9545808326383198,6
3802,35,11,50,6,-1.9581460146246743,5
3803,15,15,64,7,-1.974538086287131,8
3804,53,28,95,17,-1.9769373995573178,11
3805,11,20,7,11,-1.9783496463256065,9
3806,11,11,85,6,-1.9817217638118096,5
3807,25,38,28,22,-1.983389891159918,16
3808,107,33,1,17,-1.9841002438837656,16
3809,4,19,53,10,-1.987694792892672,9
3810,38,20,60,10,-1.9901891037372657,10
3811,50,38,13,20,-1.9937674166002943,18
3812,112,15,104,8,-1.9939359727925703,7
3813,41,18,11,11,-1.9968842930037836,7
3814,86,58,109,31,-1.99958534646243,27
3815,87,32,75,17,-2.0004298974911783,15
3816,43,18,106,9,-2.0008029415600737,9
3817,28,87,16,47,-2.0038366917622867,40
3818,97,22,83,10,-2.007636873207568,12
3819,37,14,69,7,-2.015512849900142,7
3820,90,37,8,21,-2.01946478207178,16
3821,17,27,114,16,-2.021159075364869,11
3822,68,24,78,13,-2.0233663173829637,11
3823,39,31,95,16,-2.0237049528227313,15
3824,60,32,18,17,-2.0244266182620265,15
3825,13,11,32,6,-2.026181507027533,5
3826,9,29,60,17,-2.026686622824744,12
3827,114,14,91,7,-2.031242634143396,7
3828,79,11,55,6,-2.0315889229013417,5
3829,65,18,109,11,-2.0321022824018544,7
3830,50,13,83,6,-2.034563553464953,7
3831,51,34,18,17,-2.042743355152735,17
3832,86,30,15,16,-2.0441092378448187,14
3833,88,21,93,12,-2.047097578055207,9
3834,78,12,55,7,-2.047703711992377,5
3835,72,10,8,6,-2.04814530631759,4
3836,80,31,65,16,-2.05091984654234,15
3837,90,45,86,25,-2.0574221764428238,20
3838,113,12,86,7,-2.0586102760293072,5
3839,88,12,79,7,-2.0642453169607626,5
3840,51,71,88,34,-2.0740353286735154,37
3841,103,11,41,6,-2.076362601028119,5
3842,63,10,82,5,-2.0779758612966877,5
3843,65,47,74,24,-2.0847963525870905,23
3844,51,14,44,9,-2.0848742289559725,5
3845,28,55,88,30,-2.0851563159512985,25
3846,107,73,51,42,-2.0899344269779965,31
3847,62,18,13,9,-2.091905330703411,9
3848,91,12,17,7,-2.0932516032559643,5
3849,8,22,97,11,-2.094799206270941,11
3850,55,34,83,17,-2.0962093979720193,17
3851,27,48,13,25,-2.0966587772715637,23
3852,79,18,84,9,-2.0988599029371886,9
3853,38,11,12,6,-2.1101018439230717,5
3854,33,12,74,6,-2.113811361821,6
3855,72,17,7,9,-2.1143024060967655,8
3856,64,20,1,10,-2.116432620959366,10
3857,37,38,65,19,-2.116557677432621,19
3858,70,11,53,6,-2.117480208536356,5
3859,9,62,7,31,-2.1219031094822904,31
3860,84,26,37,14,-2.1240499046478805,12
3861,43,16,35,8,-2.1256405181906706,8
3862,76,13,34,6,-2.1338119769299584,7
3863,62,11,30,5,-2.146210573797789,6
3864,78,10,30,5,-2.1570699813372842,5
3865,53,13,23,7,-2.1639220781507644,6
3866,74,14,88,9,-2.16536396125082,5
3867,54,75,86,39,-2.1689438842347455,36
3868,39,11,33,6,-2.1701558874520313,5
3869,93,16,84,8,-2.173203038685071,8
3870,70,26,63,14,-2.1813121472430432,12
3871,11,36,63,21,-2.184303425155536,15
3872,68,49,107,27,-2.1853889900704107,22
3873,60,53,51,31,-2.185540959334895,22
3874,39,30,27,14,-2.1861655872751493,16
3875,74,64,8,36,-2.1866220406514896,28
3876,54,10,31,5,-2.1866689261471493,5
3877,69,13,11,8,-2.1872467960137274,5
3878,40,75,7,42,-2.1957521283064807,33
3879,88,63,60,35,-2.2053487740970468,28
3880,96,50,5,28,-2.21142719225076,22
3881,55,84,8,42,-2.212352121108186,42
3882,72,12,107,6,-2.212838159801352,6
3883,87,24,62,13,-2.213018480835342,11
3884,51,12,93,6,-2.216632142916852,6
3885,98,14,18,6,-2.2211477971408065,8
3886,99,13,98,6,-2.22125816779338,7
3887,16,35,15,17,-2.223741648422683,18
3888,33,11,88,5,-2.224220943421554,6
3889,25,16,90,9,-2.226157693683706,7
3890,1,12,62,7,-2.2295391066336445,5
3891,74,27,20,15,-2.230377352624161,12
3892,16,65,104,35,-2.231878502127291,30
3893,20,14,18,8,-2.233452860395892,6
3894,27,10,70,5,-2.243263258457554,5
3895,4,38,88,20,-2.24592170041755,18
3896,20,13,69,7,-2.2532252345201647,6
3897,25,30,95,16,-2.25397314365567,14
3898,3,32,39,16,-2.26207879238265,16
3899,106,62,87,32,-2.262204101784014,30
3900,88,45,106,26,-2.2639858690375605,19
3901,77,18,49,11,-2.2644642206919796,7
3902,7,12,85,7,-2.267272935114745,5
3903,96,66,28,35,-2.2674069446039327,31
3904,31,10,61,5,-2.2696136748473594,5
3905,70,48,16,27,-2.2731186306672018,21
3906,35,20,88,10,-2.2787018333731495,10
3907,40,47,9,26,-2.2806450266015688,21
3908,114,38,63,23,-2.2836807270192585,15
3909,74,46,37,24,-2.2838690954080456,22
3910,69,30,51,17,-2.2870052425054146,13
3911,4,13,106,6,-2.287883468044352,7
3912,49,14,19,8,-2.2910871889250806,6
3913,5,24,100,13,-2.2932427434044693,11
3914,39,22,62,11,-2.2934426459905617,11
3915,81,15,9,8,-2.297406284952818,7
3916,32,21,86,11,-2.2989864902239,10
3917,69,27,88,15,-2.300359575839998,12
3918,50,12,58,6,-2.303376752943112,6
3919,94,20,86,11,-2.3038356669762092,9
3920,48,18,109,9,-2.3066244801907967,9
3921,72,18,54,10,-2.3089068997418343,8
3922,91,32,88,17,-2.315767764685103,15
3923,102,21,104,10,-2.320627297470276,11
3924,64,23,50,12,-2.3285304422785043,11
3925,5,51,109,26,-2.3285813949081646,25
3926,53,28,25,14,-2.3301510854690832,14
3927,86,16,29,9,-2.3399676619619454,7
3928,50,13,6,7,-2.341492332331065,6
3929,38,12,114,6,-2.3415263774379937,6
3930,2,20,16,11,-2.344610668498853,9
3931,8,82,86,41,-2.351456932940769,41
3932,3,19,104,10,-2.3520715951524074,9
3933,31,36,4,21,-2.3535355966794675,15
3934,109,14,96,8,-2.3566759619593642,6
3935,5,23,99,12,-2.3616219022642833,11
3936,39,25,19,12,-2.362242346354447,13
3937,50,24,40,14,-2.3671440474550494,10
3938,112,19,50,11,-2.3689643473531765,8
3939,48,15,30,9,-2.3702999073115163,6
3940,96,55,8,30,-2.3714393570924233,25
3941,90,12,41,6,-2.374130143751011,6
3942,107,40,71,23,-2.3760609676092477,17
3943,17,23,8,12,-2.380809098241683,11
3944,56,13,75,8,-2.3840139649043506,5
3945,104,25,96,14,-2.3866419839158355,11
3946,71,21,4,13,-2.3871750117365993,8
3947,95,40,104,22,-2.389034218387607,18
3948,8,12,111,6,-2.390343846489093,6
3949,87,22,83,11,-2.3903571419434884,11
3950,28,38,46,22,-2.3990178798165633,16
3951,98,15,114,8,-2.3992721750256893,7
3952,80,26,20,14,-2.4033351571638573,12
3953,69,18,9,10,-2.4050002453980612,8
3954,51,24,47,12,-2.4094573680997575,12
3955,93,33,8,17,-2.4111455321691304,16
3956,92,11,65,6,-2.411285975254871,5
3957,28,51,11,26,-2.4132515223591926,25
3958,20,38,88,19,-2.4156839797078273,19
3959,39,35,71,19,-2.4158892555534424,16
3960,54,17,94,9,-2.418369665890047,8
3961,25,46,107,24,-2.4187485647838773,22
3962,99,11,109,6,-2.419517402501058,5
3963,29,13,76,6,-2.419934578837023,7
3964,17,15,112,8,-2.423435965631074,7
3965,62,18,100,9,-2.4248863741034374,9
3966,75,20,91,7,-2.4323694332612673,13
3967,17,16,100,10,-2.432372306828288,6
3968,51,19,14,12,-2.4338441230915153,7
3969,60,72,13,41,-2.437254801401258,31
3970,106,39,55,22,-2.4381392466666045,17
3971,86,18,12,10,-2.4382543520920796,8
3972,88,31,96,16,-2.4406464912019885,15
3973,30,14,9,8,-2.443448800104742,6
3974,50,10,32,4,-2.4440541907162716,6
3975,94,15,100,9,-2.4441989086947187,6
3976,19,20,30,10,-2.4547861137359925,10
3977,112,29,65,16,-2.4552380652908345,13
3978,68,23,19,13,-2.459954749025012,10
3979,69,17,74,8,-2.466497282082454,9
3980,74,40,87,22,-2.4671563114027464,18
3981,30,13,15,7,-2.4677714246982423,6
3982,81,17,4,10,-2.467812477706327,7
3983,94,11,3,6,-2.4703368234336676,5
3984,78,15,19,8,-2.476662857279666,7
3985,104,37,87,18,-2.4814321174048906,19
3986,111,11,18,6,-2.489910872635885,5
3987,109,18,37,10,-2.5010134043415313,8
3988,28,26,60,12,-2.503783946382719,14
3989,55,43,75,25,-2.5125301308500276,18
3990,39,33,64,18,-2.5132272078146323,15
3991,102,26,16,14,-2.5156356988528947,12
3992,36,15,12,8,-2.5163199425137495,7
3993,19,19,28,11,-2.5182869063974485,8
3994,54,34,80,17,-2.5244394841569355,17
3995,4,18,39,10,-2.5267698999647226,8
3996,9,33,36,18,-2.527924078037467,15
3997,30,19,99,11,-2.5303882936847786,8
3998,107,15,44,8,-2.5305445670994087,7
3999,17,29,7,16,-2.5320894413613915,13
4000,95,20,20,11,-2.5325274069422727,9
4001,94,15,69,8,-2.535027799735268,7
4002,60,50,39,26,-2.5355246842136108,24
4003,60,11,111,7,-2.535604443502029,4
4004,79,16,63,9,-2.5383647167046717,7
4005,20,15,19,8,-2.543598619448083,7
4006,60,25,63,14,-2.5472563824704046,11
4007,16,46,41,23,-2.549196136708536,23
4008,36,74,7,40,-2.54935875079736,34
4009,49,11,72,6,-2.549936614828146,5
4010,87,22,2,12,-2.552259240666562,10
4011,1,19,73,11,-2.5534291003907295,8
4012,60,14,94,8,-2.5547507602712956,6
4013,63,10,83,4,-2.557624644664858,6
4014,41,30,60,15,-2.5610696672110342,15
4015,51,43,28,22,-2.5635290356109595,21
4016,23,11,9,6,-2.5650998994582825,5
4017,87,13,92,7,-2.5651869545632544,6
4018,107,50,50,26,-2.5656690703128167,24
4019,38,18,29,10,-2.569512191405065,8
4020,17,15,1,8,-2.5752502333351277,7
4021,71,14,69,7,-2.582352607553779,7
4022,38,23,88,14,-2.5850808349547205,9
4023,107,33,34,19,-2.5875719097269365,14
4024,87,25,71,13,-2.590103521421834,12
4025,18,33,86,19,-2.5923706641316473,14
4026,109,10,1,5,-2.592960677140225,5
4027,91,23,36,13,-2.600483205457647,10
4028,107,25,85,13,-2.601380149286501,12
4029,90,37,107,19,-2.6015860655240464,18
4030,8,15,29,9,-2.602614792717871,6
4031,1,29,40,16,-2.608102727316189,13
4032,108,15,75,8,-2.611880297816683,7
4033,2,13,76,8,-2.6134640032331116,5
4034,64,28,75,15,-2.614396425436705,13
4035,68,107,7,58,-2.6156429768400975,49
4036,23,16,27,8,-2.621351845616974,8
4037,86,36,91,19,-2.627461430980282,17
4038,78,12,15,6,-2.6282304993251357,6
4039,39,30,17,17,-2.63473827504273,13
4040,54,13,110,7,-2.6358849029934492,6
4041,49,17,3,9,-2.6382409196969414,8
4042,17,17,11,9,-2.63850353139516,8
4043,106,10,10,7,-2.639964127087713,3
4044,95,14,33,8,-2.6415453896084555,6
4045,6,17,88,9,-2.643401887191552,8
4046,5,60,16,35,-2.643518445682432,25
4047,8,24,30,13,-2.6514132136935475,11
4048,36,13,57,8,-2.653116090105381,5
4049,88,29,92,16,-2.65412565592523,13
4050,63,23,78,12,-2.654431222624278,11
4051,51,49,17,25,-2.6551478680926848,24
4052,91,13,74,7,-2.658254293210725,6
4053,19,19,100,11,-2.6644216608889453,8
4054,74,25,114,13,-2.666972342657448,12
4055,75,18,95,10,-2.672802736686619,8
4056,44,17,25,9,-2.673535476281759,8
4057,5,25,39,13,-2.6791322172692884,12
4058,35,11,13,6,-2.684594978225239,5
4059,107,21,93,12,-2.6848247910711387,9
4060,48,25,8,14,-2.6857985301597798,11
4061,71,40,65,23,-2.6867803351656674,17
4062,6,15,87,8,-2.6944386309243544,7
4063,60,37,43,20,-2.7028741598132324,17
4064,107,50,41,29,-2.7130435159152007,21
4065,70,16,49,8,-2.7131214221068403,8
4066,80,11,95,6,-2.7197438471090796,5
4067,70,31,104,17,-2.7208109249750048,14
4068,88,53,55,31,-2.721264805593774,22
4069,8,76,16,42,-2.7297636152330345,34
4070,34,12,75,6,-2.7327928404854562,6
4071,106,50,65,27,-2.735321183024918,23
4072,63,12,99,6,-2.7377253409939377,6
4073,104,22,97,11,-2.7396377781056187,11
4074,8,12,112,6,-2.740736306324458,6
4075,70,28,68,15,-2.743617533988878,13
4076,51,24,71,13,-2.7455734518808694,11
4077,111,28,16,16,-2.755670365747083,12
4078,96,34,97,17,-2.7556888339056815,17
4079,55,50,39,28,-2.7557845118577005,22
4080,104,17,43,8,-2.756714183157535,9
4081,28,99,86,55,-2.762726515499761,44
4082,77,17,5,9,-2.7658375671945885,8
4083,40,11,38,5,-2.771552043064858,6
4084,10,11,5,5,-2.7716738654503192,6
4085,84,87,86,44,-2.7811330297923607,43
4086,91,31,28,17,-2.78581966806185,14
4087,97,15,9,7,-2.7891659901703596,8
4088,36,13,100,7,-2.7923934619121096,6
4089,1,26,7,14,-2.793205495238504,12
4090,15,25,60,13,-2.796605854193514,12
4091,114,25,4,13,-2.7973762559419417,12
4092,109,20,50,11,-2.798084616202662,9
4093,112,14,106,7,-2.805082024542768,7
4094,41,15,99,8,-2.808167291861728,7
4095,36,32,1,16,-2.8095303452930684,16
4096,80,32,16,18,-2.812380168004337,14
4097,98,12,39,7,-2.813957257779375,5
4098,47,13,64,8,-2.821240379057225,5
4099,71,13,18,7,-2.821320109059578,6
4100,109,14,40,8,-2.8243745319718685,6
4101,81,23,53,13,-2.832269045840244,10
4102,74,33,104,19,-2.832959821636547,14
4103,3,38,87,20,-2.8427320643925533,18
4104,7,30,15,14,-2.8451548489578506,16
4105,76,24,46,13,-2.8453201116747966,11
4106,44,13,28,6,-2.846139863099275,7
4107,33,13,97,7,-2.8486496222061595,6
4108,65,10,34,5,-2.851457666336363,5
4109,96,16,73,9,-2.853430398009382,7
4110,99,18,51,9,-2.8534777973740635,9
4111,104,35,39,19,-2.8536678809946237,16
4112,60,14,62,7,-2.862700504343412,7
4113,63,23,46,11,-2.867241869896345,12
4114,20,42,87,22,-2.869120615934056,20
4115,53,12,57,6,-2.8739584447786406,6
4116,75,21,27,11,-2.8742147115996155,10
4117,16,13,85,8,-2.8813506371354958,5
4118,74,24,75,14,-2.8903655619324415,10
4119,55,71,13,38,-2.895942627228282,33
4120,70,10,44,5,-2.8975248911261424,5
4121,108,13,71,7,-2.8992906212622866,6
4122,69,26,87,15,-2.900139616969508,11
4123,49,15,114,7,-2.904145419228163,8
4124,37,19,91,10,-2.9050960547005253,9
4125,65,50,8,27,-2.907017143941982,23
4126,68,35,3,20,-2.9096771599483793,15
4127,108,12,25,7,-2.9132670669268257,5
4128,48,17,13,9,-2.9139461654751595,8
4129,106,19,102,9,-2.9207255392565092,10
4130,86,82,74,43,-2.9212877807151494,39
4131,87,20,36,12,-2.9355732508976633,8
4132,65,57,28,32,-2.936618804167043,25
4133,38,10,27,6,-2.9451355941814854,4
4134,40,32,41,17,-2.946728808508273,15
4135,65,20,18,10,-2.9468351166959508,10
4136,8,16,80,8,-2.9519293865537106,8
4137,15,15,29,8,-2.952457500526038,7
4138,46,23,114,13,-2.9631435316072414,10
4139,57,18,25,10,-2.964934950553877,8
4140,13,18,34,10,-2.966738126614261,8
4141,53,11,47,6,-2.967218161853792,5
4142,78,14,28,7,-2.969090445302413,7
4143,67,10,34,4,-2.9692152425887484,6
4144,37,21,2,11,-2.96975801126945,10
4145,68,16,85,10,-2.9736103869141335,6
4146,4,32,36,19,-2.9739066740354194,13
4147,64,16,49,8,-2.974435618509844,8
4148,106,36,84,18,-2.9754739608250116,18
4149,69,11,4,6,-2.9994841766617175,5
4150,34,14,96,8,-3.001763014782562,6
4151,37,47,20,25,-3.0049852144749636,22
4152,29,13,49,7,-3.0167276558140466,6
4153,18,18,81,10,-3.0168691904177813,8
4154,76,22,109,11,-3.021988566444067,11
4155,99,12,27,6,-3.0280763102634345,6
4156,65,39,25,23,-3.0368934823131157,16
4157,96,13,38,7,-3.0422152322461713,6
4158,109,34,88,19,-3.046527810071437,15
4159,86,42,71,22,-3.0606693617391714,20
4160,107,27,29,17,-3.062430324885094,10
4161,55,14,48,8,-3.0636269177668387,6
4162,25,18,71,10,-3.0644100067848146,8
4163,114,40,60,18,-3.0670908685799043,22
4164,55,22,20,12,-3.0673393388469985,10
4165,29,11,78,6,-3.068035162721387,5
4166,25,30,75,17,-3.069551733540898,13
4167,41,11,74,5,-3.0735662157516845,6
4168,84,28,109,16,-3.073799704825316,12
4169,63,40,74,21,-3.0803940829456544,19
4170,87,14,45,8,-3.086220297325659,6
4171,37,59,107,32,-3.087858660035624,27
4172,91,10,64,6,-3.0993479020870796,4
4173,68,14,99,8,-3.100103615084465,6
4174,27,13,74,6,-3.1002755903304386,7
4175,51,19,11,9,-3.101168705878018,10
4176,60,15,92,9,-3.101629065738581,6
4177,54,15,41,8,-3.102250260710982,7
4178,106,25,109,13,-3.1028448270841773,12
4179,49,11,78,5,-3.1036339661083336,6
4180,18,14,38,7,-3.1041681623448047,7
4181,86,91,63,53,-3.106277287763664,38
4182,4,24,50,12,-3.1105592371369597,12
4183,17,25,25,14,-3.1106502600539105,11
4184,80,11,36,6,-3.1158574211756616,5
4185,43,11,112,6,-3.1359235341148506,5
4186,65,48,23,25,-3.1380450881841506,23
4187,23,23,75,11,-3.148733601092015,12
4188,7,51,104,28,-3.158219418007504,23
4189,82,21,86,12,-3.1586560919846263,9
4190,48,11,68,6,-3.1648474660602854,5
4191,74,14,90,9,-3.168061351028922,5
4192,86,16,110,9,-3.1694821197260485,7
4193,60,25,106,15,-3.171261503808182,10
4194,7,32,43,19,-3.1749602918386843,13
4195,30,12,74,6,-3.175828716417198,6
4196,47,26,16,14,-3.179743332451839,12
4197,50,54,37,28,-3.1883352760136074,26
4198,5,61,88,32,-3.1946532218196624,29
4199,39,41,36,23,-3.1998605067578225,18
4200,17,28,106,17,-3.2039846830051117,11
4201,97,12,56,6,-3.2085312435870676,6
4202,31,47,60,23,-3.2094707274879264,24
4203,97,19,50,11,-3.210625734622642,8
4204,74,16,17,9,-3.21177055102783,7
4205,46,45,51,25,-3.212290911376682,20
4206,28,39,55,23,-3.2184704312839756,16
4207,7,55,23,30,-3.222928305376168,25
4208,29,25,16,13,-3.2236476088294164,12
4209,16,21,4,10,-3.223993814900797,11
4210,51,46,8,25,-3.2258849231912943,21
4211,68,14,80,8,-3.230403837276107,6
4212,35,18,16,11,-3.2305329948687067,7
4213,16,68,60,37,-3.2309192664317177,31
4214,36,49,107,26,-3.234838704648262,23
4215,60,25,99,14,-3.238194459102709,11
4216,81,12,23,7,-3.2407035870770007,5
4217,112,12,72,6,-3.241907003379272,6
4218,30,19,7,9,-3.2523104824501616,10
4219,64,38,107,20,-3.25264237164834,18
4220,25,47,114,27,-3.2540864225169766,20
4221,74,24,7,15,-3.257493143792889,9
4222,95,14,76,8,-3.257651508839797,6
4223,53,56,18,30,-3.2615252410170648,26
4224,54,56,28,31,-3.262278028179984,25
4225,7,114,13,62,-3.264302615697635,52
4226,29,11,77,7,-3.2671622562509346,4
4227,78,11,11,5,-3.270328616003681,6
4228,67,13,114,7,-3.274670651234843,6
4229,86,49,60,27,-3.2754717222931737,22
4230,38,10,108,6,-3.2810871215401947,4
4231,60,25,90,15,-3.2889183131065622,10
4232,69,10,100,5,-3.289341908459268,5
4233,74,20,100,11,-3.292910754624951,9
4234,27,50,7,27,-3.296451922887636,23
4235,11,52,8,29,-3.297278972001176,23
4236,87,36,23,21,-3.299045225591567,15
4237,5,60,104,32,-3.3007473735225057,28
4238,104,34,76,20,-3.3018339509128616,14
4239,48,29,28,16,-3.3030143286202387,13
4240,15,12,28,6,-3.307663426492388,6
4241,75,31,60,17,-3.313915862803686,14
4242,84,16,97,10,-3.316428205809935,6
4243,18,21,30,11,-3.316712750453976,10
4244,97,14,98,7,-3.3185319117606182,7
4245,54,32,104,17,-3.328617374285993,15
4246,11,16,27,9,-3.3310229336615813,7
4247,50,19,41,11,-3.331657114556132,8
4248,5,13,68,7,-3.3380294056441127,6
4249,98,20,54,11,-3.3414082574983,9
4250,33,13,75,8,-3.342736023465549,5
4251,91,15,40,8,-3.345577169162442,7
4252,20,10,83,5,-3.347889825164404,5
4253,107,15,14,9,-3.3479962116917545,6
4254,70,30,88,17,-3.3524090493184286,13
4255,106,17,14,10,-3.3600594128266095,7
4256,8,23,14,13,-3.3634201583462153,10
4257,97,25,54,13,-3.364815342765676,12
4258,20,17,40,10,-3.3649339637959637,7
4259,19,17,112,10,-3.3665736118676204,7
4260,88,41,11,23,-3.366600706445604,18
4261,102,23,109,13,-3.3679677569149944,10
4262,44,13,100,7,-3.3720452657314217,6
4263,98,15,73,8,-3.3800553651819163,7
4264,55,28,36,15,-3.383336577257353,13
4265,88,13,19,7,-3.3883003963549876,6
4266,104,10,73,6,-3.391491099464731,4
4267,112,26,13,13,-3.392352489097591,13
4268,5,50,55,28,-3.393419962444799,22
4269,28,13,4,7,-3.3940824912486858,6
4270,3,13,77,8,-3.399649925519855,5
4271,84,29,55,16,-3.4012305577969593,13
4272,65,34,97,19,-3.401757302918018,15
4273,98,26,104,12,-3.4091853213510745,14
4274,12,44,65,23,-3.4104800025743005,21
4275,36,11,17,5,-3.417273645156755,6
4276,97,12,11,6,-3.419346386793516,6
4277,37,12,4,7,-3.4218717037755084,5
4278,25,31,102,17,-3.4382241991917164,14
4279,39,29,114,15,-3.4411172111260955,14
4280,40,58,60,32,-3.4423663485116376,26
4281,55,28,76,17,-3.4438952481653042,11
4282,87,37,95,20,-3.4486313771107993,17
4283,14,13,39,7,-3.4491853918223785,6
4284,46,25,68,14,-3.4494659871080535,11
4285,23,21,37,11,-3.4530437057487418,10
4286,5,23,33,12,-3.454327509177194,11
4287,51,49,106,27,-3.457607975311812,22
4288,30,16,29,10,-3.461494770088124,6
4289,8,31,83,16,-3.465429893631149,15
4290,5,60,74,32,-3.4699961467083447,28
4291,112,24,63,13,-3.4717385481642506,11
4292,15,14,43,7,-3.4730650825622993,7
4293,16,14,73,7,-3.4738693799097957,7
4294,54,57,96,29,-3.47661338595835,28
4295,18,16,55,8,-3.481046717374471,8
4296,70,20,25,11,-3.484518115943737,9
4297,71,18,12,10,-3.4874429459484335,8
4298,51,30,36,16,-3.4874600225025065,14
4299,103,11,54,7,-3.4875703394156505,4
4300,36,13,62,7,-3.489528327052378,6
4301,95,25,60,14,-3.4911897053694894,11
4302,114,36,97,20,-3.494809729950691,16
4303,9,26,50,15,-3.4989626487903873,11
4304,63,18,49,10,-3.500149915800845,8
4305,108,13,37,7,-3.5019197237718496,6
4306,39,12,1,5,-3.502316135418237,7
4307,23,16,74,9,-3.5053157619270587,7
4308,33,10,49,6,-3.5057518320537775,4
4309,104,38,8,21,-3.5073414065674897,17
4310,69,10,84,6,-3.5117655158326757,4
4311,106,50,107,27,-3.5165007722129795,23
4312,17,39,16,24,-3.519303718783672,15
4313,25,17,93,9,-3.530039788975629,8
4314,7,15,44,8,-3.535266020755452,7
4315,36,65,40,37,-3.5400829247343655,28
4316,65,49,53,26,-3.552341058928982,23
4317,71,26,62,14,-3.552725756878075,12
4318,4,13,30,7,-3.554167963462701,6
4319,57,13,23,7,-3.554408044637194,6
4320,36,19,28,10,-3.554999615354126,9
4321,33,11,64,7,-3.558110801858625,4
4322,54,36,11,20,-3.5608789843396815,16
4323,108,13,79,8,-3.562523700236057,5
4324,7,28,6,13,-3.5631855242339143,15
4325,19,13,103,7,-3.5711070394547226,6
4326,38,22,16,14,-3.5724883088865464,8
4327,57,18,3,10,-3.5742432115563805,8
4328,86,92,7,53,-3.5766886116504963,39
4329,28,50,20,28,-3.5784154895374147,22
4330,60,16,61,8,-3.58082656290379,8
4331,95,10,97,6,-3.58943247133478,4
4332,71,13,58,7,-3.5901555481142533,6
4333,18,19,91,11,-3.6010074197876603,8
4334,94,13,55,7,-3.6120696685756326,6
4335,28,26,80,14,-3.6230809501897747,12
4336,18,19,43,9,-3.6267699505365183,10
4337,19,32,87,18,-3.6352958686804095,14
4338,107,72,88,41,-3.6375933381747343,31
4339,51,51,54,28,-3.64120614912335,23
4340,70,10,14,5,-3.6470421341148493,5
4341,50,13,27,8,-3.6503401008022798,5
4342,18,11,17,5,-3.6519056838531805,6
4343,112,35,86,20,-3.651933901410972,15
4344,9,15,109,7,-3.6538651478462696,8
4345,32,21,107,11,-3.6546977761524695,10
4346,71,10,90,5,-3.656103603020123,5
4347,86,33,49,17,-3.6580175694241315,16
4348,31,24,39,14,-3.6610558433956144,10
4349,51,26,108,14,-3.669690549423146,12
4350,18,32,88,17,-3.6713658752533838,15
4351,87,25,80,14,-3.671802865102298,11
4352,68,14,101,9,-3.6742625668258904,5
4353,55,19,34,10,-3.680955248563573,9
4354,51,37,114,19,-3.6824882422691596,18
4355,28,19,23,10,-3.6970356039584393,9
4356,65,94,16,53,-3.699236008498941,41
4357,38,35,107,20,-3.69953035095411,15
4358,14,16,65,8,-3.707339765184437,8
4359,5,21,15,13,-3.7147342263498238,8
4360,60,14,89,7,-3.723763452657912,7
4361,25,65,86,35,-3.735239092039536,30
4362,4,13,1,8,-3.7360390878519714,5
4363,40,42,53,23,-3.7429391558119995,19
4364,109,33,51,21,-3.752003613096799,12
4365,54,22,15,11,-3.7704013204125912,11
4366,4,19,63,11,-3.7758336578086884,8
4367,92,13,104,6,-3.7768187223532292,7
4368,23,48,107,26,-3.7778307981128196,22
4369,27,10,22,6,-3.7794086021507356,4
4370,93,10,7,5,-3.7802315490169662,5
4371,37,12,94,7,-3.788108137633397,5
4372,60,13,80,7,-3.788360223509818,6
4373,104,13,20,8,-3.7974160411444697,5
4374,49,18,8,9,-3.798689704722047,9
4375,3,17,64,10,-3.801459101897863,7
4376,55,57,107,31,-3.8017599811485696,26
4377,107,48,100,24,-3.805986534344154,24
4378,5,16,110,9,-3.8138584796050923,7
4379,91,28,5,17,-3.814625093066516,11
4380,4,21,55,11,-3.821660634263143,10
4381,64,14,44,8,-3.824222642884567,6
4382,87,17,12,10,-3.824276460263248,7
4383,3,11,4,6,-3.825046392091852,5
4384,87,16,44,9,-3.826754946057649,7
4385,51,30,70,16,-3.8297117807076546,14
4386,13,26,91,14,-3.8317482607331113,12
4387,8,13,43,7,-3.8325900737455147,6
4388,55,44,7,26,-3.8332053851439998,18
4389,46,13,38,8,-3.8338597693432233,5
4390,7,26,20,14,-3.839940256500115,12
4391,65,28,15,16,-3.840262367340876,12
4392,31,23,18,12,-3.8430258307678655,11
4393,111,34,65,20,-3.8475275648066676,14
4394,87,108,86,56,-3.8496886197724405,52
4395,114,25,41,13,-3.8544949021986654,12
4396,109,17,68,11,-3.8661451047117255,6
4397,17,27,28,15,-3.885054779321748,12
4398,49,28,87,14,-3.8881049860589334,14
4399,38,17,30,11,-3.8932796799126628,6
4400,57,23,28,13,-3.8971175709019774,10
4401,37,26,102,15,-3.901578428361024,11
4402,54,13,79,8,-3.90846253808764,5
4403,86,13,89,6,-3.9174928376954097,7
4404,70,38,37,22,-3.9227382855891673,16
4405,2,28,5,16,-3.923277825320168,12
4406,83,12,102,7,-3.9254792340582285,5
4407,86,115,16,66,-3.9281593710891984,49
4408,50,11,57,7,-3.929027822248146,4
4409,16,35,97,19,-3.9340820840887147,16
4410,97,10,80,6,-3.9365866928471034,4
4411,93,11,3,5,-3.9394735942906975,6
4412,40,11,6,6,-3.9442678680230827,5
4413,86,45,9,26,-3.945093339569097,19
4414,104,50,88,29,-3.9536343834384904,21
4415,17,34,65,21,-3.9540701507148897,13
4416,35,13,30,7,-3.958311571243133,6
4417,93,24,74,13,-3.960101768879081,11
4418,51,89,13,48,-3.963822887097114,41
4419,63,18,17,10,-3.9668490280440616,8
4420,14,12,96,7,-3.975747798085754,5
4421,19,16,84,9,-3.977223734834221,7
4422,97,18,60,9,-3.9792005525226375,9
4423,112,16,31,10,-4.001730552260451,6
4424,71,33,30,18,-4.006253796204616,15
4425,7,26,100,15,-4.007756687202794,11
4426,31,12,66,7,-4.0087548725586535,5
4427,20,28,11,17,-4.009841570968698,11
4428,54,36,55,19,-4.011039158800405,17
4429,23,20,64,11,-4.0113420223155565,9
4430,110,20,8,12,-4.013172679497405,8
4431,51,44,104,27,-4.015424408222765,17
4432,53,49,39,28,-4.0166114325479985,21
4433,47,13,71,7,-4.030916530509354,6
4434,64,13,77,6,-4.0310378413129495,7
4435,43,10,1,5,-4.03897671575872,5
4436,76,26,98,15,-4.039201436166646,11
4437,50,21,7,11,-4.045740478776831,10
4438,88,43,23,26,-4.047882049914368,17
4439,40,10,32,5,-4.050021677419869,5
4440,76,26,23,14,-4.056106643228995,12
4441,95,10,43,6,-4.0633983206079485,4
4442,38,12,20,8,-4.067291998076463,4
4443,31,68,7,38,-4.069172309295859,30
4444,34,12,11,6,-4.072817944161177,6
4445,5,117,86,66,-4.074944655375777,51
4446,50,22,74,12,-4.086243740312161,10
4447,37,22,30,13,-4.0873498514738875,9
4448,19,11,36,6,-4.0885902184216905,5
4449,107,25,15,16,-4.092385856197936,9
4450,35,24,20,14,-4.098728722002913,10
4451,93,20,83,11,-4.100880722204593,9
4452,63,30,97,17,-4.107378727934806,13
4453,2,12,7,7,-4.115660194227726,5
4454,46,12,3,6,-4.120061864952647,6
4455,46,62,13,36,-4.124756823653081,26
4456,65,22,45,11,-4.125923170388699,11
4457,94,16,112,10,-4.1306598471384035,6
4458,9,19,49,10,-4.134273187385771,9
4459,20,11,71,7,-4.136430557393971,4
4460,9,53,88,30,-4.139791770697589,23
4461,71,47,53,27,-4.141303557057988,20
4462,77,28,13,16,-4.142553833006349,12
4463,73,13,20,8,-4.146065391689571,5
4464,76,18,84,10,-4.146116027740745,8
4465,65,58,55,32,-4.14777837496959,26
4466,17,12,99,7,-4.14837583337694,5
4467,84,60,28,34,-4.150279635735799,26
4468,5,40,83,21,-4.1637099044245005,19
4469,54,51,46,29,-4.174748314759057,22
4470,84,34,16,19,-4.177116652788804,15
4471,7,18,80,11,-4.182061930373812,7
4472,25,27,23,15,-4.182190113226027,12
4473,40,70,13,39,-4.189895916000412,31
4474,19,15,41,9,-4.191359352066607,6
4475,74,18,108,11,-4.201041319943182,7
4476,40,11,15,6,-4.201647176656486,5
4477,36,56,65,32,-4.205692860728475,24
4478,46,59,86,36,-4.218640718519182,23
4479,107,96,87,54,-4.219691830368312,42
4480,31,21,87,11,-4.220659397575877,10
4481,18,19,4,11,-4.220670692754493,8
4482,44,11,71,6,-4.223524348839462,5
4483,48,12,23,7,-4.227938531173128,5
4484,43,15,17,8,-4.236669826180696,7
4485,47,10,109,6,-4.236742850593237,4
4486,34,14,106,7,-4.243674039664674,7
4487,3,19,27,9,-4.2438215135167745,10
4488,62,15,49,9,-4.244999731944826,6
4489,29,12,9,7,-4.247154248113976,5
4490,94,12,63,7,-4.251239047858672,5
4491,80,17,104,9,-4.256665633473226,8
4492,38,15,51,9,-4.261652425824846,6
4493,107,30,91,18,-4.264126621091654,12
4494,60,16,108,9,-4.267590404557523,7
4495,96,12,33,5,-4.271042933020871,7
4496,12,18,88,10,-4.271852106961349,8
4497,54,27,9,15,-4.272544772651764,12
4498,54,19,78,11,-4.289939322497262,8
4499,54,63,20,33,-4.290782184792433,30
4500,54,30,30,17,-4.295304900191639,13
4501,44,21,20,12,-4.299103845073811,9
4502,54,28,25,16,-4.300413553073274,12
4503,53,27,106,14,-4.302319600135899,13
4504,109,22,20,14,-4.302333411252665,8
4505,107,80,13,44,-4.302477990099943,36
4506,71,42,16,25,-4.3051763919274695,17
4507,52,10,50,5,-4.308197298973348,5
4508,8,10,31,6,-4.309099443279481,4
4509,20,19,17,11,-4.3112321942034,8
4510,17,23,97,13,-4.313428551304956,10
4511,71,14,70,7,-4.315612188206777,7
4512,40,22,4,12,-4.316643149060896,10
4513,41,19,95,11,-4.332143979792176,8
4514,22,12,60,7,-4.334241842742782,5
4515,65,29,70,18,-4.3439841796636145,11
4516,43,18,3,11,-4.34604717317721,7
4517,6,16,65,9,-4.346168811124812,7
4518,100,16,64,10,-4.355062992024107,6
4519,71,31,64,19,-4.35947313780117,12
4520,23,20,95,11,-4.361896262769259,9
4521,11,13,33,6,-4.365968233102095,7
4522,9,15,74,9,-4.36741522698094,6
4523,23,23,40,13,-4.36842332680331,10
4524,58,13,55,7,-4.369004483506263,6
4525,9,24,55,14,-4.371040618945101,10
4526,84,23,9,13,-4.37700855889265,10
4527,25,33,87,18,-4.379098196808543,15
4528,17,18,90,9,-4.380128430106851,9
4529,62,31,86,17,-4.38466556601952,14
4530,76,23,65,14,-4.385586505985179,9
4531,43,26,51,14,-4.390788502279346,12
4532,86,20,111,12,-4.3910837466552355,8
4533,63,29,64,16,-4.39496095596168,13
4534,102,32,28,18,-4.400334973714718,14
4535,64,20,114,12,-4.407773657880816,8
4536,57,12,64,7,-4.4096800085415095,5
4537,53,64,7,36,-4.416213736910661,28
4538,13,30,99,17,-4.420966828834257,13
4539,62,39,16,24,-4.4214535469720015,15
4540,39,40,75,21,-4.421810426771488,19
4541,20,14,23,8,-4.42777867543601,6
4542,112,13,3,7,-4.431324508959898,6
4543,88,11,45,7,-4.4416566980945715,4
4544,109,15,95,9,-4.444131433700797,6
4545,50,42,2,24,-4.448957186147167,18
4546,12,12,6,6,-4.448996636056325,6
4547,16,44,95,24,-4.453378575583385,20
4548,73,12,50,8,-4.454782630059153,4
4549,97,11,77,7,-4.454901155383999,4
4550,47,23,107,13,-4.459572238589973,10
4551,50,15,3,8,-4.464463620895281,7
4552,32,18,37,10,-4.466542082918519,8
4553,57,10,91,5,-4.468260927215542,5
4554,65,76,104,42,-4.468608006857453,34
4555,25,31,96,17,-4.472832877552798,14
4556,107,33,95,18,-4.475609109265347,15
4557,16,22,34,13,-4.479454615092594,9
4558,64,46,7,25,-4.4812400569888355,21
4559,40,50,65,28,-4.488092661947341,22
4560,107,102,16,63,-4.491862341070497,39
4561,37,15,93,9,-4.4934456656390305,6
4562,88,97,7,54,-4.494661432270669,43
4563,112,20,75,12,-4.4989690721071325,8
4564,97,24,87,15,-4.5078366784517385,9
4565,69,10,80,5,-4.508733977407145,5
4566,29,16,28,9,-4.513248021932703,7
4567,29,12,11,6,-4.514283319415918,6
4568,55,43,37,23,-4.516821858156877,20
4569,68,53,27,30,-4.520595559414031,23
4570,1,11,100,6,-4.524502828746236,5
4571,28,71,50,41,-4.530365152854882,30
4572,75,23,106,12,-4.532198108241345,11
4573,102,24,8,13,-4.537070383836358,11
4574,3,19,12,12,-4.543846245794998,7
4575,85,16,28,9,-4.545964613502572,7
4576,15,18,99,11,-4.551461310618722,7
4577,46,15,83,8,-4.551826612706302,7
4578,27,20,8,12,-4.551888772342851,8
4579,23,15,70,8,-4.554568026577778,7
4580,5,18,43,10,-4.5592775438308895,8
4581,104,16,99,8,-4.562749239239297,8
4582,69,15,62,8,-4.572031014776806,7
4583,87,32,76,19,-4.572292502226479,13
4584,95,14,99,8,-4.572737764013027,6
4585,58,23,7,12,-4.575034525669345,11
4586,65,16,99,9,-4.579704538683142,7
4587,71,25,28,15,-4.584215619303487,10
4588,96,32,50,18,-4.592653394244437,14
4589,95,13,77,7,-4.601493224452909,6
4590,30,11,23,6,-4.601908928188203,5
4591,68,62,88,36,-4.601971796539838,26
4592,3,35,7,21,-4.603775118928218,14
4593,66,10,88,6,-4.60434245546846,4
4594,86,72,37,40,-4.607837359690986,32
4595,9,46,107,25,-4.60932354627833,21
4596,96,22,60,15,-4.611190930914723,7
4597,108,14,30,8,-4.615023887291242,6
4598,39,60,86,32,-4.6203107924863795,28
4599,15,12,72,6,-4.623497514408054,6
4600,77,20,39,11,-4.627408005541294,9
4601,63,13,58,6,-4.62886931152221,7
4602,87,23,94,13,-4.631426030648439,10
4603,110,15,106,8,-4.633960085739299,7
4604,25,22,60,12,-4.636282806493915,10
4605,109,19,73,11,-4.637139105733963,8
4606,13,14,73,8,-4.6427133386229835,6
4607,16,21,6,11,-4.642825718029856,10
4608,96,39,63,24,-4.649023449526139,15
4609,25,15,27,8,-4.649655011418167,7
4610,112,16,51,9,-4.651691136811714,7
4611,47,15,25,8,-4.655390231832644,7
4612,51,110,16,61,-4.657803301271169,49
4613,112,18,27,10,-4.65911303957741,8
4614,98,14,55,9,-4.662824671110213,5
4615,64,13,80,7,-4.665596394208,6
4616,64,48,13,25,-4.670216629866639,23
4617,18,22,77,14,-4.676567510317278,8
4618,11,30,76,18,-4.681517511398406,12
4619,49,55,39,33,-4.682479403911858,22
4620,5,16,71,9,-4.686451238703376,7
4621,62,10,97,6,-4.689387738532959,4
4622,68,60,16,37,-4.69433729993708,23
4623,58,13,51,7,-4.6987757235739265,6
4624,60,45,55,25,-4.699539635247212,20
4625,65,33,43,17,-4.700662777627938,16
4626,1,34,13,21,-4.702199298952773,13
4627,80,14,11,8,-4.704407754517106,6
4628,46,23,20,15,-4.708713070266484,8
4629,71,16,43,8,-4.709770232299069,8
4630,18,37,28,20,-4.710953949587104,17
4631,12,14,74,8,-4.7158981291394015,6
4632,98,18,8,11,-4.722909210715611,7
4633,107,22,78,13,-4.725104601546661,9
4634,75,14,15,9,-4.7291616067808215,5
4635,46,11,6,6,-4.730994669309113,5
4636,8,19,68,11,-4.735439672697361,8
4637,86,17,19,10,-4.7362233460056355,7
4638,46,41,8,22,-4.737192297274267,19
4639,3,11,97,7,-4.7402730889790226,4
4640,87,16,77,9,-4.745116036514711,7
4641,77,16,25,9,-4.745845616411638,7
4642,69,26,41,17,-4.748815562050703,9
4643,5,30,90,18,-4.752640516818982,12
4644,50,16,93,10,-4.755526241513055,6
4645,41,31,64,19,-4.758473174288668,12
4646,27,16,6,9,-4.762765446713921,7
4647,60,34,30,22,-4.763533549574492,12
4648,88,27,43,16,-4.769070275262686,11
4649,31,15,12,8,-4.770632464521183,7
4650,70,13,90,7,-4.771084444295363,6
4651,68,30,30,16,-4.772546445353643,14
4652,34,13,78,7,-4.775374082125243,6
4653,94,14,114,7,-4.775696268753724,7
4654,29,12,46,5,-4.775703546529658,7
4655,5,12,9,7,-4.777710715122403,5
4656,50,48,87,26,-4.778093921608591,22
4657,5,33,76,19,-4.788314400539968,14
4658,76,24,97,13,-4.7891970450006545,11
4659,1,17,9,8,-4.79405950293998,9
4660,20,13,52,8,-4.795236183864801,5
4661,25,11,111,6,-4.797175922879397,5
4662,6,16,68,10,-4.799676836342989,6
4663,96,22,75,15,-4.80138149231193,7
4664,56,11,16,7,-4.802141402722699,4
4665,88,44,75,26,-4.804702938088101,18
4666,108,13,96,7,-4.805162668071275,6
4667,106,25,2,14,-4.808494527305082,11
4668,106,12,6,7,-4.810944704219048,5
4669,85,11,74,6,-4.812388004493803,5
4670,69,26,107,15,-4.820469677413699,11
4671,54,15,14,10,-4.820525855929131,5
4672,25,19,31,10,-4.823839301099763,9
4673,67,15,8,9,-4.8319098461555825,6
4674,52,15,87,8,-4.832747531124254,7
4675,75,41,18,23,-4.835583954062301,18
4676,54,21,1,12,-4.840521848687889,9
4677,64,20,83,11,-4.840996077098241,9
4678,83,17,39,10,-4.845386042652696,7
4679,32,12,97,7,-4.851459349576838,5
4680,104,55,86,31,-4.8600728568891,24
4681,79,10,60,6,-4.86007767182391,4
4682,107,12,52,8,-4.8612628499818085,4
4683,89,10,5,7,-4.862465640901751,3
4684,106,54,37,29,-4.865641247327304,25
4685,88,12,85,7,-4.873754317610231,5
4686,37,49,16,28,-4.875150740770066,21
4687,76,16,13,9,-4.882389997077542,7
4688,95,11,69,7,-4.882909765417962,4
4689,43,34,16,21,-4.892938270825965,13
4690,104,14,23,9,-4.897799558060742,5
4691,28,12,38,6,-4.907164394244693,6
4692,108,12,54,8,-4.909695920764134,4
4693,106,56,74,32,-4.924754963776778,24
4694,36,40,86,23,-4.927433251240003,17
4695,38,19,9,11,-4.930493889785887,8
4696,9,22,114,15,-4.931319071415344,7
4697,28,27,93,17,-4.941127481170006,10
4698,6,15,51,9,-4.945330344973923,6
4699,68,19,56,10,-4.94813216675333,9
4700,7,103,16,58,-4.951928398872169,45
4701,100,44,16,26,-4.95994991745053,18
4702,90,23,96,14,-4.963939687748077,9
4703,38,16,109,10,-4.9644619615709695,6
4704,107,49,40,30,-4.964616090179718,19
4705,68,42,41,24,-4.9651675063741685,18
4706,11,47,55,29,-4.971797395348791,18
4707,54,21,19,11,-4.971879037352172,10
4708,47,30,7,18,-4.980252625346254,12
4709,31,23,50,13,-4.991999785997781,10
4710,81,15,114,8,-4.993414377265689,7
4711,71,15,74,8,-4.993812181109021,7
4712,106,41,7,21,-5.003800212982272,20
4713,5,26,93,16,-5.004460526821323,10
4714,3,14,69,9,-5.009117340423517,5
4715,63,14,81,8,-5.016441825370757,6
4716,86,74,11,42,-5.029254398266741,32
4717,52,12,65,8,-5.036995856643753,4
4718,79,14,11,7,-5.038711911658494,7
4719,27,13,28,9,-5.051194542399679,4
4720,81,20,15,11,-5.0521537846916855,9
4721,107,78,65,45,-5.052288058576973,33
4722,78,27,13,16,-5.0542415701687515,11
4723,63,29,55,16,-5.056066807562622,13
4724,68,28,15,17,-5.056650352698317,11
4725,29,23,84,13,-5.063232995693044,10
4726,65,17,46,11,-5.06610491085495,6
4727,33,13,90,8,-5.072843762888294,5
4728,86,17,10,9,-5.075771557978405,8
4729,65,12,85,7,-5.080554075846517,5
4730,20,10,32,7,-5.08216341529211,3
4731,51,25,1,14,-5.088840176447444,11
4732,104,25,53,14,-5.094260383198605,11
4733,3,15,19,9,-5.096086764992161,6
4734,100,19,23,12,-5.096795040845655,7
4735,108,13,28,7,-5.102919930198643,6
4736,70,23,55,13,-5.1032220329288345,10
4737,3,14,62,8,-5.105573536987866,6
4738,4,18,75,11,-5.1124286444655915,7
4739,98,22,11,12,-5.122669345045473,10
4740,9,45,65,27,-5.129160653393477,18
4741,58,30,40,16,-5.133397385337809,14
4742,3,21,36,13,-5.136055944816986,8
4743,69,12,40,8,-5.137627663794989,4
4744,29,18,3,11,-5.138991933006874,7
4745,112,22,100,12,-5.147009218037666,10
4746,51,12,35,7,-5.14727626674268,5
4747,88,15,44,8,-5.148664566159752,7
4748,9,24,106,14,-5.150083731218861,10
4749,50,28,76,18,-5.1519660961300575,10
4750,28,16,35,8,-5.1531236605423,8
4751,39,14,111,8,-5.158992286191917,6
4752,5,12,67,7,-5.159840528973067,5
4753,56,11,91,6,-5.160182814393273,5
4754,49,41,16,24,-5.162771022600757,17
4755,20,60,107,34,-5.163543558398883,26
4756,96,20,114,12,-5.164351476040406,8
4757,47,26,75,17,-5.17693162231529,9
4758,57,15,19,9,-5.179432440967374,6
4759,97,17,75,10,-5.183439015487436,7
4760,102,15,13,10,-5.18776420910188,5
4761,23,23,63,14,-5.190793013982739,9
4762,71,10,6,6,-5.19369227829273,4
4763,113,13,40,8,-5.193726392686624,5
4764,39,25,46,12,-5.196853389468722,13
4765,53,36,16,22,-5.201094174764714,14
4766,104,12,62,8,-5.212177751521702,4
4767,39,10,6,6,-5.213256916387498,4
4768,91,12,33,6,-5.213867650447791,6
4769,55,12,49,7,-5.21558348601229,5
4770,76,18,20,9,-5.218902337593748,9
4771,37,22,40,12,-5.218981261850287,10
4772,112,29,53,15,-5.221677411254142,14
4773,106,54,54,29,-5.222938310920249,25
4774,5,11,35,6,-5.226534281744142,5
4775,60,39,87,21,-5.228061200586122,18
4776,96,37,20,22,-5.229501973456112,15
4777,104,19,15,11,-5.23540400775586,8
4778,94,29,43,16,-5.236253037436864,13
4779,25,21,91,12,-5.23677892954369,9
4780,16,14,52,8,-5.238731564661997,6
4781,40,15,98,8,-5.239271076053038,7
4782,40,26,25,15,-5.242222631716463,11
4783,100,12,53,7,-5.245979720718174,5
4784,16,20,103,12,-5.2462346597172855,8
4785,100,24,28,15,-5.2470243708497994,9
4786,76,12,100,6,-5.247422447073434,6
4787,31,11,35,6,-5.255104723881262,5
4788,28,51,104,29,-5.259412551866783,22
4789,92,11,28,7,-5.266199037582341,4
4790,88,11,56,6,-5.280224334897691,5
4791,60,24,78,13,-5.2860666403630985,11
4792,28,19,14,12,-5.2887953454841945,7
4793,86,21,99,13,-5.291638236148403,8
4794,39,49,40,29,-5.294535177326296,20
4795,60,28,49,16,-5.300166702894311,12
4796,55,25,111,15,-5.307717141421055,10
4797,66,19,107,11,-5.307859110353936,8
4798,84,49,51,29,-5.314265702072517,20
4799,49,13,28,7,-5.31428031912519,6
4800,57,30,87,18,-5.318358141337942,12
4801,62,14,76,8,-5.322243155198476,6
4802,76,13,44,8,-5.332854064702134,5
4803,102,14,97,9,-5.335160623731844,5
4804,62,19,7,11,-5.339510147514966,8
4805,97,35,7,19,-5.356987360153851,16
4806,63,30,75,17,-5.362343223381898,13
4807,51,31,20,16,-5.3744679490472445,15
4808,112,19,41,11,-5.382218168204769,8
4809,86,40,100,21,-5.388083386718925,19
4810,90,31,54,18,-5.397442007333916,13
4811,64,10,84,7,-5.40179307430533,3
4812,66,11,9,6,-5.404825557202403,5
4813,58,11,4,7,-5.405037105567146,4
4814,86,40,27,25,-5.422350684134554,15
4815,65,68,87,40,-5.4351396578939815,28
4816,68,29,71,18,-5.435653336862234,11
4817,91,14,102,8,-5.440897571438716,6
4818,51,45,100,23,-5.4453590512267045,22
4819,87,66,8,38,-5.447633775428457,28
4820,57,18,97,10,-5.45235309786646,8
4821,71,43,75,27,-5.454468163058883,16
4822,76,14,71,7,-5.456476326439049,7
4823,88,15,89,8,-5.460084177073363,7
4824,51,31,5,20,-5.465657211287607,11
4825,74,13,31,8,-5.468299370651384,5
4826,43,10,12,7,-5.474873764935126,3
4827,75,10,14,6,-5.479308338136782,4
4828,70,23,114,14,-5.484820175107314,9
4829,102,10,67,6,-5.497246561771841,4
4830,19,12,62,8,-5.499716515617205,4
4831,18,15,3,10,-5.503820701501033,5
4832,109,13,32,7,-5.508051897308618,6
4833,83,19,95,12,-5.510188596504647,7
4834,9,35,28,19,-5.51465148212954,16
4835,37,59,87,35,-5.516733087496061,24
4836,20,10,62,6,-5.517288163699186,4
4837,7,33,28,20,-5.522079859732704,13
4838,102,14,33,8,-5.525239013163607,6
4839,68,45,114,26,-5.528966703625285,19
4840,23,31,106,16,-5.535479536227777,15
4841,75,51,86,28,-5.544222274149607,23
4842,2,22,20,13,-5.544865436021075,9
4843,84,18,25,11,-5.5466876181289715,7
4844,31,53,36,30,-5.548564460468652,23
4845,25,41,8,25,-5.550067480025435,16
4846,4,11,46,6,-5.55622187464566,5
4847,95,10,31,6,-5.5581891593402775,4
4848,104,60,37,36,-5.5634752610620195,24
4849,69,11,42,6,-5.570250078296482,5
4850,87,20,108,12,-5.57476782314003,8
4851,38,23,7,13,-5.575438881033769,10
4852,79,24,16,14,-5.575625932552132,10
4853,81,18,39,11,-5.577412628644601,7
4854,88,14,14,8,-5.580858903619988,6
4855,53,13,89,7,-5.581720835788214,6
4856,103,12,13,7,-5.59714648408255,5
4857,98,17,70,11,-5.604121247592223,6
4858,50,15,100,9,-5.612526049660052,6
4859,90,14,30,8,-5.614315415339312,6
4860,76,29,28,16,-5.615688910158877,13
4861,50,48,16,28,-5.617696720442926,20
4862,50,26,95,15,-5.619957219349124,11
4863,13,37,47,22,-5.62062831887508,15
4864,5,10,19,6,-5.6233787755961275,4
4865,17,21,5,14,-5.625033929201381,7
4866,73,28,86,15,-5.62531345595925,13
4867,9,43,75,26,-5.632694127818325,17
4868,51,46,75,26,-5.632745764536369,20
4869,34,14,29,8,-5.6330283219074415,6
4870,98,14,108,8,-5.640790264148575,6
4871,3,22,28,13,-5.641703705085423,9
4872,39,27,57,15,-5.644327608159103,12
4873,74,23,73,14,-5.649045009007229,9
4874,97,13,39,8,-5.649731064357227,5
4875,97,10,4,6,-5.649870700339136,4
4876,88,87,86,51,-5.651261944060885,36
4877,61,13,9,8,-5.652969843590385,5
4878,82,11,54,7,-5.66427830231393,4
4879,99,31,16,18,-5.66581833704302,13
4880,37,39,75,25,-5.670197882049106,14
4881,25,10,94,5,-5.671887186214519,5
4882,12,11,54,6,-5.67450373056912,5
4883,95,10,102,6,-5.68531996234082,4
4884,55,25,30,15,-5.686463879094617,10
4885,5,46,106,28,-5.689619439430468,18
4886,32,10,70,5,-5.692479372096212,5
4887,63,22,27,12,-5.696621529236671,10
4888,86,18,47,11,-5.69768673110168,7
4889,62,17,53,10,-5.701449545318568,7
4890,102,11,23,6,-5.716053822653882,5
4891,37,18,41,11,-5.716493275276267,7
4892,17,13,98,7,-5.72342530511381,6
4893,51,26,25,15,-5.726135112848949,11
4894,87,29,29,18,-5.726464746901372,11
4895,9,14,45,9,-5.727853500458989,5
4896,25,48,13,26,-5.729332953997916,22
4897,38,11,34,7,-5.733514369563806,4
4898,104,64,107,38,-5.737421230069913,26
4899,106,42,25,26,-5.737688222420908,16
4900,81,10,78,5,-5.742474614478735,5
4901,80,11,19,7,-5.749943576584892,4
4902,77,12,36,7,-5.751140829309579,5
4903,47,13,23,8,-5.7551420632928085,5
4904,53,13,58,6,-5.756559382638664,7
4905,27,13,71,8,-5.767150353554914,5
4906,35,19,11,11,-5.768399159544,8
4907,104,19,9,11,-5.769857547388704,8
4908,28,20,69,11,-5.7720642888399025,9
4909,93,19,16,10,-5.776545074834796,9
4910,19,16,38,11,-5.78310801022648,5
4911,63,26,98,15,-5.795644107915215,11
4912,55,28,74,16,-5.797157459674131,12
4913,31,19,91,12,-5.801858258461768,7
4914,65,20,62,11,-5.802429384374058,9
4915,20,13,79,8,-5.810117746469,5
4916,106,28,80,17,-5.812470547213422,11
4917,5,16,40,9,-5.82052725169565,7
4918,94,17,28,11,-5.821481138029024,6
4919,65,10,108,5,-5.847992745343311,5
4920,46,37,74,23,-5.850135921281392,14
4921,55,37,104,22,-5.856904127783748,15
4922,114,10,72,5,-5.8600009411243095,5
4923,112,20,7,12,-5.863389950487481,8
4924,7,17,34,10,-5.863504951401834,7
4925,95,36,54,20,-5.865979569344108,16
4926,9,17,62,10,-5.866001447424248,7
4927,31,12,28,7,-5.87633787823225,5
4928,68,27,97,16,-5.880460614845397,11
4929,36,12,46,7,-5.88209418081934,5
4930,74,22,102,13,-5.882481039476403,9
4931,51,34,64,20,-5.888421423830697,14
4932,57,29,78,16,-5.89025332697583,13
4933,34,19,109,11,-5.8910600256239505,8
4934,84,34,74,18,-5.89139952158172,16
4935,1,12,46,6,-5.891865749051654,6
4936,25,10,69,6,-5.903986394303471,4
4937,57,27,84,14,-5.910397185802948,13
4938,45,15,41,10,-5.914462706154762,5
4939,68,23,47,14,-5.9151284755247255,9
4940,63,10,93,6,-5.917563250275586,4
4941,62,29,107,15,-5.9215464382254215,14
4942,29,16,112,9,-5.922867160258867,7
4943,55,27,109,14,-5.923431655873009,13
4944,114,20,73,12,-5.924435121305104,8
4945,79,15,103,9,-5.924794393548497,6
4946,9,30,8,15,-5.931176874194082,15
4947,39,28,100,16,-5.931884452501854,12
4948,63,45,37,27,-5.933785173114153,18
4949,40,15,57,9,-5.936628176580016,6
4950,10,13,63,8,-5.94033318775015,5
4951,43,10,74,5,-5.941779824004124,5
4952,63,31,104,18,-5.941916936388201,13
4953,53,15,28,9,-5.945744364633271,6
4954,7,15,33,8,-5.9471342175078945,7
4955,10,12,97,6,-5.950831581917707,6
4956,68,21,12,13,-5.954750290252029,8
4957,53,52,68,31,-5.964244334939566,21
4958,17,19,104,11,-5.965485227876697,8
4959,40,18,97,11,-5.966918416140385,7
4960,87,21,102,13,-5.971447061156248,8
4961,54,12,69,7,-5.973066602774381,5
4962,18,20,64,12,-5.974775055211904,8
4963,31,25,114,14,-5.9918765203954925,11
4964,100,27,8,17,-5.99442420956559,10
4965,3,32,107,17,-5.999011076330671,15
4966,100,19,37,12,-6.000890669706825,7
4967,88,61,65,38,-6.004362907857696,23
4968,37,24,98,14,-6.023716027404387,10
4969,13,33,63,19,-6.024739641852311,14
4970,55,33,80,18,-6.02495090174393,15
4971,3,23,65,14,-6.026934943225481,9
4972,46,20,95,12,-6.027785407812037,8
4973,50,17,91,11,-6.027790824025908,6
4974,86,38,64,22,-6.0307653391474,16
4975,31,31,75,17,-6.03348213428737,14
4976,98,24,7,15,-6.033686003781978,9
4977,114,14,27,8,-6.034743873961818,6
4978,107,23,12,15,-6.037067737625527,8
4979,32,16,8,9,-6.041444852098721,7
4980,88,11,94,7,-6.041461864182689,4
4981,93,15,70,9,-6.04469500542117,6
4982,18,24,63,15,-6.046455003215171,9
4983,51,19,102,11,-6.046528731259958,8
4984,41,27,23,16,-6.068042449918635,11
4985,86,34,69,20,-6.074936673132558,14
4986,69,10,55,6,-6.075582313218194,4
4987,20,29,70,18,-6.0805113791791925,11
4988,60,17,76,12,-6.0879511370638415,5
4989,107,23,111,12,-6.08814286411973,11
4990,87,13,10,8,-6.098821416398099,5
4991,84,17,75,10,-6.100134417881319,7
4992,7,12,90,7,-6.108519045195329,5
4993,31,13,81,9,-6.1171597913254026,4
4994,88,35,25,23,-6.12387967695023,12
4995,11,10,62,6,-6.126587814431934,4
4996,68,31,54,19,-6.129451922490283,12
4997,13,34,81,21,-6.133078295186986,13
4998,33,13,68,8,-6.145832331304968,5
4999,108,24,16,15,-6.14858261244862,9
5000,36,47,13,29,-6.167141158071527,18
5001,3,20,15,11,-6.168197310846256,9
5002,102,21,57,12,-6.169321397774082,9
5003,8,33,13,20,-6.170066810849092,13
5004,35,14,55,8,-6.18171019735336,6
5005,71,12,91,7,-6.18747414228945,5
5006,49,21,98,12,-6.187949327027538,9
5007,107,39,76,26,-6.198627172224357,13
5008,2,28,63,16,-6.200018491851487,12
5009,69,14,81,8,-6.2015178700162785,6
5010,27,16,108,10,-6.203628729986851,6
5011,70,28,74,15,-6.203999405338755,13
5012,38,27,39,16,-6.205467846474154,11
5013,84,15,35,9,-6.209299301194262,6
5014,63,56,8,32,-6.209822348869131,24
5015,28,14,47,8,-6.211297191624256,6
5016,62,10,109,7,-6.224068902567426,3
5017,91,42,16,27,-6.227187272730331,15
5018,50,41,104,25,-6.230364171354916,16
5019,65,33,64,19,-6.233889248800647,14
5020,5,48,114,28,-6.237633533478722,20
5021,23,45,13,25,-6.238267851069178,20
5022,39,22,92,12,-6.263991845659126,10
5023,88,17,77,10,-6.264530601131226,7
5024,95,12,15,7,-6.265255655621161,5
5025,100,24,104,15,-6.26669912958639,9
5026,96,11,69,7,-6.268969865653717,4
5027,5,45,20,28,-6.270373633442783,17
5028,30,19,20,11,-6.270512840524559,8
5029,8,11,56,7,-6.275239018196328,4
5030,7,20,78,11,-6.276730085848355,9
5031,4,21,86,13,-6.2794844995496994,8
5032,102,11,41,7,-6.282861273718874,4
5033,51,18,62,11,-6.283420772007453,7
5034,64,16,70,11,-6.2860092045587415,5
5035,38,24,63,16,-6.28770957205549,8
5036,3,13,54,7,-6.2904200663200225,6
5037,35,11,94,6,-6.295790159546813,5
5038,87,61,13,38,-6.302384648925379,23
5039,57,25,88,14,-6.308509689840414,11
5040,88,25,47,14,-6.309409514149761,11
5041,54,59,63,36,-6.309444480907375,23
5042,8,22,64,14,-6.316286000866925,8
5043,112,14,54,9,-6.326711825622494,5
5044,23,13,33,8,-6.330114552953446,5
5045,69,27,65,16,-6.334726416266509,11
5046,40,22,62,11,-6.340588914856938,11
5047,96,17,85,12,-6.345069391274802,5
5048,27,13,92,7,-6.356396578041118,6
5049,28,15,41,9,-6.359689551305938,6
5050,56,21,7,12,-6.361794853449643,9
5051,109,45,54,28,-6.380200377092305,17
5052,87,26,43,15,-6.40001118699629,11
5053,37,20,80,12,-6.401050818487372,8
5054,77,13,106,7,-6.407119934187455,6
5055,54,18,91,10,-6.414686940093467,8
5056,69,22,78,13,-6.418572165194337,9
5057,33,16,40,11,-6.427211772717695,5
5058,109,20,41,13,-6.432688342356182,7
5059,87,20,4,13,-6.445923142452617,7
5060,28,10,6,6,-6.452419128804086,4
5061,98,14,78,8,-6.457784687804564,6
5062,81,10,30,6,-6.458484974391473,4
5063,29,13,70,7,-6.465173609286503,6
5064,55,17,100,9,-6.46556303644313,8
5065,30,17,100,11,-6.466944084563581,6
5066,55,10,89,6,-6.472799854469152,4
5067,9,20,70,13,-6.477071321597405,7
5068,53,46,107,28,-6.492903474758716,18
5069,104,10,48,6,-6.493358473776669,4
5070,49,30,107,17,-6.496803725713357,13
5071,51,38,27,24,-6.499025140885332,14
5072,41,30,87,18,-6.500655116407745,12
5073,103,20,86,12,-6.502854567619723,8
5074,114,18,100,11,-6.509461416428781,7
5075,37,35,13,21,-6.522302273576748,14
5076,80,13,91,8,-6.531108694088673,5
5077,81,29,86,20,-6.532482502137965,9
5078,70,58,54,35,-6.543056803225656,23
5079,91,25,68,14,-6.550419627313763,11
5080,68,29,23,16,-6.562476411578635,13
5081,25,37,104,21,-6.567754121461538,16
5082,114,26,53,15,-6.571088082289226,11
5083,18,13,76,8,-6.573059513523391,5
5084,48,10,69,5,-6.577798378248735,5
5085,20,46,65,29,-6.5828514961702975,17
5086,1,27,86,16,-6.584989828827027,11
5087,51,41,76,26,-6.590745595942762,15
5088,96,28,65,16,-6.593487230396348,12
5089,43,37,107,23,-6.600978620740831,14
5090,30,16,34,10,-6.601140375094156,6
5091,94,14,39,9,-6.607055031378495,5
5092,81,18,71,11,-6.61709770119633,7
5093,75,10,85,7,-6.619293441212882,3
5094,5,48,25,29,-6.626414170343123,19
5095,68,12,108,7,-6.629935441341175,5
5096,37,22,39,13,-6.632156694863052,9
5097,65,30,4,18,-6.635600395573753,12
5098,5,26,32,16,-6.6474470604519045,10
5099,37,19,71,11,-6.65399605348867,8
5100,71,11,83,6,-6.6562053803338666,5
5101,94,15,1,8,-6.6588521171949875,7
5102,57,12,10,8,-6.658857003244836,4
5103,54,20,85,13,-6.664179187550933,7
5104,55,68,16,43,-6.67390774153019,25
5105,51,84,39,50,-6.677303029953272,34
5106,88,75,54,45,-6.687420775605005,30
5107,106,11,111,8,-6.697425895741327,3
5108,74,15,83,8,-6.703298030488857,7
5109,97,35,28,22,-6.716635909782018,13
5110,32,10,65,6,-6.718474357729474,4
5111,49,17,100,9,-6.721995195804149,8
5112,95,11,100,6,-6.722166987268522,5
5113,58,19,16,12,-6.723872489637053,7
5114,88,11,72,7,-6.729487423377159,4
5115,95,13,14,8,-6.731405281187272,5
5116,96,38,74,24,-6.731828732252354,14
5117,78,14,40,10,-6.732885786530082,4
5118,48,26,84,16,-6.740791105108492,10
5119,68,13,45,8,-6.747691137383073,5
5120,71,10,94,6,-6.748460655059317,4
5121,97,54,86,32,-6.749652418711037,22
5122,109,12,57,7,-6.758716421545093,5
5123,107,23,33,13,-6.763493299081546,10
5124,112,18,88,11,-6.779128140681473,7
5125,3,10,17,5,-6.783991378108847,5
5126,31,10,55,6,-6.798197972656263,4
5127,71,10,49,6,-6.8003776926672845,4
5128,109,12,3,7,-6.800442852243994,5
5129,13,50,71,29,-6.804323620324037,21
5130,49,20,27,12,-6.805361964036524,8
5131,112,21,39,12,-6.808588240484279,9
5132,96,20,51,12,-6.8091583197949745,8
5133,4,13,56,7,-6.816273515879698,6
5134,43,18,41,11,-6.8188458431087495,7
5135,15,15,49,9,-6.818845976695838,6
5136,58,17,60,10,-6.820272973850588,7
5137,104,22,30,12,-6.820606807560422,10
5138,66,14,65,9,-6.821265394674894,5
5139,31,69,68,41,-6.8216343585610195,28
5140,106,25,95,16,-6.830338155584793,9
5141,96,14,78,9,-6.830515928543477,5
5142,96,80,86,49,-6.839782165020976,31
5143,94,12,41,8,-6.847345171995749,4
5144,51,99,7,62,-6.849475435937795,37
5145,95,29,13,17,-6.852052215706936,12
5146,57,13,9,8,-6.861208808927348,5
5147,4,43,60,24,-6.864343045215706,19
5148,49,14,12,10,-6.866754769998274,4
5149,87,22,78,12,-6.86895196978416,10
5150,87,34,27,20,-6.870167901135503,14
5151,69,15,104,10,-6.8814662901468795,5
5152,99,15,106,10,-6.882359612487446,5
5153,65,22,90,12,-6.887045978873849,10
5154,8,14,62,10,-6.890538902903526,4
5155,88,16,76,9,-6.891817282335724,7
5156,43,10,49,6,-6.893725681604248,4
5157,19,24,15,14,-6.911568874572908,10
5158,13,14,85,9,-6.918810312172774,5
5159,30,19,75,11,-6.923427737676235,8
5160,46,21,7,14,-6.93576909674712,7
5161,88,12,99,7,-6.939131232028662,5
5162,93,15,20,8,-6.949708974023015,7
5163,51,25,4,16,-6.952578906103856,9
5164,63,20,90,12,-6.95733483322538,8
5165,104,18,32,12,-6.959225086389547,6
5166,36,34,16,21,-6.96230955324868,13
5167,13,21,26,14,-6.96329776155215,7
5168,8,18,78,11,-6.964373625818676,7
5169,97,23,18,14,-6.965163575719862,9
5170,33,17,8,11,-6.9756022430017754,6
5171,30,30,53,18,-6.98498975026545,12
5172,55,20,17,11,-6.987444025974705,9
5173,13,23,111,13,-6.988942249892523,10
5174,1,19,114,12,-6.990089974683046,7
5175,5,15,62,9,-6.9927087595973925,6
5176,48,13,80,9,-6.99747900943173,4
5177,54,26,93,17,-7.002072182522708,9
5178,102,18,76,11,-7.005579923396805,7
5179,53,27,87,15,-7.0226395127694765,12
5180,104,14,89,8,-7.025402807656737,6
5181,40,15,95,9,-7.026458120737084,6
5182,51,93,86,53,-7.036429696574813,40
5183,87,87,16,52,-7.036514196107803,35
5184,84,24,85,16,-7.039561068893883,8
5185,110,10,20,6,-7.040932959044511,4
5186,97,25,55,16,-7.041738062020974,9
5187,69,15,47,9,-7.043220477710501,6
5188,73,16,65,10,-7.056062739811477,6
5189,36,18,99,12,-7.061516094995873,6
5190,25,21,100,12,-7.062312436550092,9
5191,49,14,50,8,-7.064134383315742,6
5192,98,14,102,8,-7.075813129571892,6
5193,70,35,28,21,-7.078735797739843,14
5194,62,20,28,12,-7.086204539456472,8
5195,64,15,27,10,-7.0975410857988335,5
5196,17,14,38,8,-7.099034060595349,6
5197,45,10,1,6,-7.100044646871247,4
5198,7,33,45,20,-7.114147641228475,13
5199,83,30,86,20,-7.114862976089347,10
5200,107,12,67,8,-7.124134838046419,4
5201,67,11,88,8,-7.127393540580368,3
5202,107,57,75,39,-7.131800392099847,18
5203,87,26,90,16,-7.134749793973536,10
5204,55,50,40,31,-7.142420946012767,19
5205,60,17,5,11,-7.144002600647478,6
5206,103,10,88,6,-7.1465830918406095,4
5207,37,14,29,8,-7.14724630286853,6
5208,60,12,34,8,-7.148158666349012,4
5209,84,18,38,10,-7.154125748328735,8
5210,43,20,100,11,-7.154162949229226,9
5211,14,14,86,8,-7.166696838482464,6
5212,86,41,98,24,-7.171894084868248,17
5213,112,16,36,10,-7.175574629533439,6
5214,62,11,18,7,-7.178564522913038,4
5215,84,13,103,7,-7.1897480945283165,6
5216,22,13,109,8,-7.19047287621624,5
5217,48,11,17,6,-7.198036653114912,5
5218,38,13,53,8,-7.198101634639961,5
5219,23,15,29,9,-7.19868919430013,6
5220,35,13,27,8,-7.215256796262468,5
5221,76,22,112,12,-7.216620353424459,10
5222,40,20,35,13,-7.223846117897835,7
5223,106,60,13,37,-7.224822308695077,23
5224,69,34,16,21,-7.231867265179177,13
5225,62,16,54,10,-7.236680580960736,6
5226,40,27,114,18,-7.240772461331045,9
5227,75,10,20,6,-7.241047227766171,4
5228,69,21,30,12,-7.246017311790674,9
5229,5,14,31,9,-7.246607645789562,5
5230,90,13,46,8,-7.250761878801305,5
5231,93,12,98,7,-7.251352809271133,5
5232,84,19,98,13,-7.255378652482316,6
5233,29,21,39,12,-7.255610634446349,9
5234,39,33,84,19,-7.2579208484387365,14
5235,79,30,86,19,-7.258463117259924,11
5236,81,19,75,12,-7.259552889264539,7
5237,98,17,20,11,-7.267496359610283,6
5238,70,16,110,10,-7.267896542251016,6
5239,96,10,62,7,-7.268496266352443,3
5240,57,13,106,7,-7.272492874678534,6
5241,68,20,55,13,-7.273979151335479,7
5242,19,10,72,6,-7.2771053473197,4
5243,65,60,51,38,-7.27782003503813,22
5244,88,110,16,69,-7.282392910348152,41
5245,13,42,114,23,-7.284350704257173,19
5246,98,20,13,13,-7.284404613166717,7
5247,29,16,97,10,-7.284915525257297,6
5248,40,31,43,18,-7.287691070183636,13
5249,87,51,7,32,-7.2881750314854346,19
5250,61,11,47,7,-7.295405799949464,4
5251,40,33,54,20,-7.298767912387552,13
5252,85,14,63,8,-7.301748789802251,6
5253,15,14,47,8,-7.306305822535999,6
5254,5,42,70,25,-7.323141246130922,17
5255,68,13,43,8,-7.327777492653937,5
5256,107,32,2,20,-7.328844122982543,12
5257,2,16,75,9,-7.332326563651874,7
5258,12,11,16,7,-7.337174492281631,4
5259,103,10,11,7,-7.33896872976819,3
5260,104,41,40,26,-7.342291894534161,15
5261,114,18,23,12,-7.344942637597017,6
5262,79,24,48,15,-7.345817828277464,9
5263,112,17,87,10,-7.346218534351737,7
5264,9,19,17,11,-7.358179157868899,8
5265,8,25,73,15,-7.3587900254771785,10
5266,60,36,104,25,-7.360716052217208,11
5267,114,10,77,6,-7.365477220397804,4
5268,33,16,25,11,-7.36592627296452,5
5269,80,14,31,10,-7.367135464628977,4
5270,74,15,34,10,-7.367415754617588,5
5271,54,35,13,22,-7.373225396669802,13
5272,71,10,73,6,-7.373234065194552,4
5273,17,36,86,20,-7.373387885533475,16
5274,16,50,75,30,-7.388425679021318,20
5275,5,10,1,6,-7.391988711274882,4
5276,29,11,100,6,-7.392867482515364,5
5277,89,17,41,11,-7.402414100587752,6
5278,60,19,100,12,-7.407232332782621,7
5279,88,22,108,14,-7.409334471097551,8
5280,79,10,27,6,-7.410947014194593,4
5281,41,34,36,18,-7.412500474371831,16
5282,91,19,8,12,-7.416456742894205,7
5283,43,11,34,7,-7.424240308041095,4
5284,43,17,64,10,-7.438967254563773,7
5285,88,25,30,14,-7.440601155151398,11
5286,71,12,11,7,-7.444969376445684,5
5287,75,30,46,18,-7.449361290092636,12
5288,110,21,37,12,-7.457046552670356,9
5289,53,12,45,7,-7.463487107897495,5
5290,69,34,13,21,-7.4637424433148025,13
5291,57,10,60,6,-7.4675633858823804,4
5292,81,10,28,6,-7.472696801730325,4
5293,31,37,64,23,-7.4738922265185375,14
5294,63,15,108,9,-7.475559971035059,6
5295,36,14,70,8,-7.476080415111231,6
5296,68,12,89,7,-7.483167732526589,5
5297,16,42,20,28,-7.490661859277882,14
5298,53,21,27,14,-7.494848578130689,7
5299,98,14,27,8,-7.497316272159128,6
5300,61,13,6,8,-7.506143312140652,5
5301,50,13,15,8,-7.509982415529958,5
5302,3,24,88,15,-7.5117017749719,9
5303,77,18,55,11,-7.520653437888105,7
5304,55,11,6,8,-7.526848268362213,3
5305,11,24,104,15,-7.537453191814535,9
5306,46,10,85,7,-7.538229298143678,3
5307,85,10,30,6,-7.544084321309105,4
5308,79,10,19,6,-7.551536262697121,4
5309,40,38,87,22,-7.562449238427529,16
5310,45,19,60,11,-7.562934672858015,8
5311,51,24,97,16,-7.567852948549441,8
5312,109,30,107,19,-7.567930415965965,11
5313,68,66,40,42,-7.570321994315703,24
5314,5,14,34,10,-7.5706698448560905,4
5315,77,12,46,7,-7.574271980014295,5
5316,48,17,34,10,-7.58176353597154,7
5317,114,31,28,18,-7.584853881328922,13
5318,36,10,72,6,-7.585561627806541,4
5319,88,18,58,11,-7.5880987725104365,7
5320,78,17,39,10,-7.594030405779083,7
5321,36,20,18,12,-7.59490287850123,8
5322,43,31,39,18,-7.6174681270571165,13
5323,104,30,41,17,-7.6325513017383635,13
5324,80,22,96,14,-7.6325568595370585,8
5325,5,29,97,19,-7.639418302115126,10
5326,60,11,70,7,-7.646435749026202,4
5327,31,13,33,7,-7.647223417443056,6
5328,72,22,86,14,-7.651597318688159,8
5329,39,81,16,49,-7.651983090761785,32
5330,35,27,107,18,-7.659745377736293,9
5331,96,24,37,14,-7.66584492569651,10
5332,38,29,37,18,-7.668156637885105,11
5333,11,32,5,20,-7.6874421575338765,12
5334,7,25,111,15,-7.6903234257719815,10
5335,87,27,48,17,-7.6998507034284165,10
5336,64,13,46,8,-7.70178518963715,5
5337,39,14,34,8,-7.721485802648024,6
5338,1,15,15,10,-7.733065759700131,5
5339,16,50,30,31,-7.734357161184533,19
5340,84,11,44,6,-7.741464370739851,5
5341,12,14,28,9,-7.741725097225164,5
5342,54,13,73,8,-7.746921178252214,5
5343,64,32,16,21,-7.754231430905149,11
5344,25,49,37,29,-7.755599308877523,20
5345,73,11,53,7,-7.756297558195456,4
5346,18,22,50,13,-7.75840176806416,9
5347,81,15,41,10,-7.770221546669878,5
5348,114,14,92,10,-7.774797164908212,4
5349,19,13,64,9,-7.776851315652561,4
5350,103,16,100,9,-7.783417140449254,7
5351,111,10,47,6,-7.786638633209642,4
5352,64,22,55,15,-7.789831302640345,7
5353,39,36,15,24,-7.792193998628627,12
5354,48,15,50,10,-7.798532000224026,5
5355,110,12,114,8,-7.80031681097971,4
5356,37,12,49,7,-7.82035535241221,5
5357,46,46,25,27,-7.8204011950255445,19
5358,77,20,107,12,-7.8207207017880735,8
5359,109,19,53,12,-7.841205358929898,7
5360,55,14,29,9,-7.851130455007914,5
5361,91,26,106,17,-7.859341034872017,9
5362,35,12,44,7,-7.859665557157517,5
5363,13,11,89,6,-7.868919524993353,5
5364,90,25,114,15,-7.8701656835045455,10
5365,76,45,86,27,-7.887634788633701,18
5366,76,28,16,15,-7.889741987765581,13
5367,68,23,62,14,-7.893829370684332,9
5368,90,14,53,9,-7.901032299292589,5
5369,31,11,78,6,-7.904414780494012,5
5370,38,13,71,9,-7.906029048659733,4
5371,82,10,88,6,-7.9125780836424955,4
5372,18,22,54,13,-7.917650548154778,9
5373,84,20,34,12,-7.917696778697561,8
5374,66,14,60,10,-7.920621770687662,4
5375,20,16,33,10,-7.9280624383644875,6
5376,34,10,18,7,-7.93407311360503,3
5377,91,28,87,18,-7.938627726741352,10
5378,87,17,73,12,-7.94220715025842,5
5379,61,19,53,13,-7.9431150632920575,6
5380,68,60,39,36,-7.949045174912654,24
5381,39,21,23,13,-7.9630880242589255,8
5382,5,25,65,15,-7.967561696591303,10
5383,89,11,48,8,-7.971806233433708,3
5384,4,12,12,8,-7.976222296376226,4
5385,19,20,43,13,-7.982302887065219,7
5386,84,28,5,17,-7.986435375626319,11
5387,70,16,13,10,-7.990308468406848,6
5388,6,22,44,15,-7.994067314889739,7
5389,96,19,102,12,-7.995631160966494,7
5390,98,31,91,19,-8.010154956050265,12
5391,114,16,76,11,-8.01045549406789,5
5392,25,12,48,7,-8.01244102921806,5
5393,9,11,35,6,-8.012816785902407,5
5394,52,12,63,7,-8.015196003418383,5
5395,50,41,75,27,-8.02466935745211,14
5396,8,13,52,8,-8.032663143129467,5
5397,13,22,90,14,-8.036549897684578,8
5398,107,26,58,17,-8.037629940895535,9
5399,84,36,20,25,-8.04861670328596,11
5400,91,15,51,10,-8.060157448942936,5
5401,46,13,53,8,-8.064750592390654,5
5402,97,16,110,10,-8.077466293642948,6
5403,5,61,8,37,-8.080732178020163,24
5404,46,15,109,9,-8.081904977493476,6
5405,10,15,7,9,-8.086365440359023,6
5406,50,30,60,17,-8.087484578525556,13
5407,46,42,37,28,-8.095895819595153,14
5408,46,16,30,10,-8.098498106037622,6
5409,103,14,27,8,-8.105344167970015,6
5410,48,15,74,8,-8.108554922899495,7
5411,111,11,81,8,-8.120062859865854,3
5412,107,10,26,6,-8.136960920766814,4
5413,112,10,4,6,-8.145974306589782,4
5414,23,14,49,9,-8.148332918900474,5
5415,87,19,1,11,-8.15262205942027,8
5416,112,16,18,11,-8.155957753880717,5
5417,60,31,54,20,-8.161465500409882,11
5418,39,19,76,13,-8.16209874744276,6
5419,71,28,50,17,-8.165371088482388,11
5420,13,19,58,13,-8.174457300065603,6
5421,89,11,63,8,-8.192927888945773,3
5422,39,25,74,15,-8.19553508787693,10
5423,93,24,87,15,-8.201353690040278,9
5424,40,14,112,8,-8.221202026655053,6
5425,72,16,85,11,-8.221502081191195,5
5426,71,10,99,6,-8.22496630028886,4
5427,106,21,69,13,-8.230262561693124,8
5428,79,10,112,6,-8.23380656767564,4
5429,77,13,23,8,-8.251699906821148,5
5430,14,12,37,7,-8.266467835075433,5
5431,55,34,50,20,-8.268886532039618,14
5432,76,12,75,7,-8.269580351796622,5
5433,107,38,57,23,-8.273456454582034,15
5434,91,18,41,12,-8.276671952774393,6
5435,63,66,16,41,-8.283483649795642,25
5436,106,31,90,21,-8.28384546124837,10
5437,17,16,103,11,-8.316268501161485,5
5438,9,15,25,10,-8.323455878342047,5
5439,84,29,8,19,-8.33757645831541,10
5440,31,32,41,20,-8.353957395244585,12
5441,65,23,38,13,-8.354229779220868,10
5442,5,22,7,14,-8.357081514884824,8
5443,29,11,64,8,-8.360354117139725,3
5444,25,45,7,29,-8.372806618348289,16
5445,104,10,67,6,-8.393331116483225,4
5446,79,11,80,6,-8.394402338657228,5
5447,57,25,11,14,-8.40061339559345,11
5448,67,14,109,7,-8.41022889195963,7
5449,54,13,38,8,-8.421224564929705,5
5450,90,19,73,12,-8.424101991862472,7
5451,114,20,55,13,-8.432483182241098,7
5452,70,24,96,13,-8.437417991026262,11
5453,114,32,8,21,-8.446067232393617,11
5454,96,14,95,9,-8.450373982592183,5
5455,53,13,15,8,-8.451445563178742,5
5456,3,24,114,16,-8.461132150785257,8
5457,41,22,20,13,-8.461320470159405,9
5458,77,14,74,9,-8.485489523270209,5
5459,1,16,75,11,-8.487454866261048,5
5460,23,18,55,10,-8.49046563373251,8
5461,40,28,64,18,-8.49607162432113,10
5462,45,10,91,6,-8.504304930616431,4
5463,17,14,72,9,-8.505149187303855,5
5464,68,20,20,12,-8.505965296169745,8
5465,88,23,62,14,-8.51262512712999,9
5466,46,43,16,28,-8.523887339164595,15
5467,106,13,12,9,-8.530975907772833,4
5468,29,30,65,18,-8.536735338711221,12
5469,60,39,23,25,-8.544842955298874,14
5470,62,13,114,8,-8.549556180002718,5
5471,2,11,94,7,-8.550586885180518,4
5472,36,11,78,7,-8.552435160203329,4
5473,55,23,95,15,-8.57500650986488,8
5474,16,20,81,13,-8.585952206420341,7
5475,50,22,90,14,-8.598522697493998,8
5476,88,39,27,23,-8.602187681442969,16
5477,33,21,51,15,-8.606152418737853,6
5478,19,14,9,9,-8.611355514485425,5
5479,18,29,68,18,-8.623169944927229,11
5480,65,24,1,14,-8.633116949744032,10
5481,97,19,41,12,-8.638943706099203,7
5482,76,32,63,21,-8.660917262752537,11
5483,98,10,85,7,-8.673802483900154,3
5484,94,28,13,18,-8.67447319597004,10
5485,31,31,9,20,-8.678153869820548,11
5486,63,53,51,31,-8.693912898036547,22
5487,20,35,63,21,-8.70524806527441,14
5488,102,15,63,9,-8.71016569998991,6
5489,86,15,45,9,-8.710518828201982,6
5490,45,10,58,6,-8.721721801464438,4
5491,57,26,8,17,-8.727187925997562,9
5492,17,22,4,15,-8.72773506800961,7
5493,106,14,38,7,-8.74501943352997,7
5494,88,22,100,14,-8.748881194655747,8
5495,13,27,108,18,-8.751351034715967,9
5496,96,12,41,9,-8.760253621607967,3
5497,18,23,106,15,-8.778191080978738,8
5498,99,14,77,10,-8.784719144285262,4
5499,77,12,109,7,-8.789144881364967,5
5500,20,36,39,21,-8.800920294125156,15
5501,42,10,106,7,-8.802546839644418,3
5502,47,18,36,12,-8.810892372607713,6
5503,36,19,63,12,-8.822881427312195,7
5504,88,38,39,24,-8.832170453588978,14
5505,9,36,87,21,-8.835283888606128,15
5506,87,15,32,10,-8.84415502943487,5
5507,86,42,41,28,-8.84762708894901,14
5508,61,13,107,8,-8.850698470757944,5
5509,98,11,3,6,-8.853639708389592,5
5510,12,16,23,10,-8.872217683410863,6
5511,53,11,49,7,-8.876928289416243,4
5512,13,20,44,13,-8.886721786197054,7
5513,97,12,69,8,-8.888377862411463,4
5514,3,35,13,24,-8.889146842450911,11
5515,55,14,15,10,-8.903520851178024,4
5516,109,20,7,13,-8.908032141063202,7
5517,107,15,89,10,-8.908975430626485,5
5518,25,19,110,13,-8.917701672558223,6
5519,12,25,60,13,-8.918654482484735,12
5520,88,10,26,6,-8.91952728239028,4
5521,91,10,11,7,-8.923724837318142,3
5522,84,22,13,15,-8.926224969766146,7
5523,31,12,73,8,-8.93891957013575,4
5524,32,11,28,7,-8.963821007682874,4
5525,84,16,43,10,-8.968948746982852,6
5526,114,20,47,12,-8.969382880850324,8
5527,36,18,97,11,-8.970668153566264,7
5528,52,15,28,9,-8.975367013246691,6
5529,36,15,5,9,-9.008614310253614,6
5530,70,16,30,9,-9.016092338129875,7
5531,100,18,75,10,-9.024866169547831,8
5532,87,49,68,31,-9.026916198896794,18
5533,8,23,34,15,-9.029109968573682,8
5534,45,16,35,9,-9.0400315918615,7
5535,57,18,69,12,-9.053157000869454,6
5536,43,13,78,8,-9.06197930193436,5
5537,61,11,30,7,-9.067314274609851,4
5538,75,34,28,22,-9.068390514566694,12
5539,86,29,44,19,-9.073857704921481,10
5540,8,34,95,21,-9.07920947405897,13
5541,68,20,58,13,-9.097701878706363,7
5542,68,59,75,39,-9.101320704031794,20
5543,49,22,75,14,-9.103848187252067,8
5544,78,16,100,10,-9.111982399643404,6
5545,31,15,109,10,-9.113887572404183,5
5546,17,11,92,7,-9.114563540800457,4
5547,20,22,91,13,-9.11515023214943,9
5548,81,25,60,16,-9.119854252529585,9
5549,9,40,16,27,-9.142096271109022,13
5550,11,13,64,10,-9.14671239096917,3
5551,65,45,30,29,-9.147382543925604,16
5552,106,25,39,15,-9.155969378752744,10
5553,5,43,50,26,-9.156049369840705,17
5554,48,30,86,19,-9.164691805544658,11
5555,40,15,92,10,-9.168940871834318,5
5556,91,13,15,7,-9.175439096539634,6
5557,91,14,23,8,-9.188824217195519,6
5558,40,17,73,11,-9.199997222971483,6
5559,40,12,2,8,-9.204153353273353,4
5560,90,11,93,7,-9.204947446014161,4
5561,4,15,27,9,-9.21491506769711,6
5562,6,19,13,12,-9.21551599242718,7
5563,81,11,64,7,-9.217681779438383,4
5564,69,16,70,11,-9.227346228401576,5
5565,38,18,104,11,-9.236395276928322,7
5566,10,13,11,8,-9.240894504208253,5
5567,53,15,78,9,-9.245467105519943,6
5568,68,31,76,23,-9.272498266828656,8
5569,93,13,75,8,-9.279825087560207,5
5570,27,15,29,11,-9.2811135121499,4
5571,29,25,60,15,-9.283204942004181,10
5572,77,19,63,13,-9.291814452323939,6
5573,18,17,100,10,-9.29762264727719,7
5574,38,10,45,7,-9.31109379184883,3
5575,11,13,15,8,-9.314265162028605,5
5576,27,17,37,11,-9.314988662643295,6
5577,70,17,50,10,-9.316243790355681,7
5578,48,11,76,8,-9.322751855221474,3
5579,51,15,111,10,-9.328246716797015,5
5580,12,20,53,12,-9.33945038591408,8
5581,2,29,28,19,-9.34282167881126,10
5582,50,12,23,9,-9.354699302165743,3
5583,33,14,87,9,-9.358610632806945,5
5584,84,21,104,13,-9.37162724208143,8
5585,77,16,41,11,-9.374945974938667,5
5586,107,33,80,22,-9.376730084103613,11
5587,36,11,109,8,-9.390936468630553,3
5588,51,13,48,7,-9.391737592298234,6
5589,109,25,63,15,-9.392892060380623,10
5590,84,14,100,10,-9.41403322885896,4
5591,87,32,100,18,-9.424503759628436,14
5592,3,31,16,21,-9.436058343738472,10
5593,63,11,32,7,-9.44232166344675,4
5594,63,20,100,12,-9.445750716022594,8
5595,94,10,17,6,-9.449116979238092,4
5596,17,12,102,8,-9.460667678985605,4
5597,96,47,16,33,-9.462953828826512,14
5598,58,10,70,7,-9.487562225897111,3
5599,7,29,37,18,-9.500511382222342,11
5600,99,22,37,15,-9.502759058160713,7
5601,35,24,76,15,-9.506743182760358,9
5602,2,13,114,8,-9.50915856241785,5
5603,80,14,90,10,-9.509239360264804,4
5604,36,17,8,11,-9.51236026695053,6
5605,9,27,18,18,-9.520249042639605,9
5606,25,32,20,21,-9.520523686179052,11
5607,31,22,1,13,-9.525804060927038,9
5608,1,12,78,8,-9.531466280674072,4
5609,108,13,106,9,-9.535201707134298,4
5610,69,29,60,17,-9.553479216421115,12
5611,60,44,64,30,-9.569439655645416,14
5612,31,28,27,16,-9.569633624787404,12
5613,7,20,73,12,-9.582485903794177,8
5614,109,25,11,17,-9.585833860536326,8
5615,39,14,80,9,-9.589468521855673,5
5616,53,13,8,9,-9.596286006275326,4
5617,84,18,83,11,-9.60947373437216,7
5618,8,14,99,8,-9.611065592860308,6
5619,19,12,40,8,-9.612489725967157,4
5620,9,16,76,11,-9.62150457184245,5
5621,109,17,70,11,-9.623350653501726,6
5622,109,22,74,15,-9.62539761750223,7
5623,53,23,41,15,-9.631953807885303,8
5624,104,10,93,6,-9.63796658188527,4
5625,30,19,50,12,-9.638315382937568,7
5626,8,36,109,22,-9.641625939928554,14
5627,114,10,22,5,-9.649313306364819,5
5628,63,16,111,10,-9.656549842780757,6
5629,71,12,100,8,-9.66068752031631,4
5630,11,18,75,11,-9.710887852205726,7
5631,31,19,43,9,-9.720852773553686,10
5632,16,13,89,8,-9.733195931265595,5
5633,52,21,86,14,-9.734029946764757,7
5634,70,11,100,7,-9.741790049682667,4
5635,48,35,63,23,-9.759297495682489,12
5636,3,14,8,7,-9.760247946851925,7
5637,52,12,30,8,-9.763146241314214,4
5638,43,46,13,27,-9.779544155099417,19
5639,83,24,37,15,-9.783726366978415,9
5640,93,40,65,24,-9.79585778056327,16
5641,61,11,63,8,-9.795863144147216,3
5642,93,10,62,6,-9.798162399200404,4
5643,37,17,64,11,-9.810222324765896,6
5644,93,13,29,8,-9.815241351279962,5
5645,17,24,40,16,-9.815776001763277,8
5646,92,13,16,10,-9.821906376974377,3
5647,75,25,104,16,-9.822163907084752,9
5648,57,13,54,10,-9.824315369895016,3
5649,47,17,9,11,-9.833363334347146,6
5650,10,12,16,8,-9.837247209773246,4
5651,98,10,53,6,-9.839111782848335,4
5652,71,15,17,9,-9.874078720771612,6
5653,67,16,86,10,-9.874432105586441,6
5654,54,26,100,17,-9.876264305600085,9
5655,54,17,2,12,-9.883928701627932,5
5656,16,20,110,13,-9.89345041941321,7
5657,38,11,100,8,-9.893822683440993,3
5658,83,14,11,10,-9.896151919094907,4
5659,15,23,8,14,-9.91327541461084,9
5660,84,50,63,31,-9.919938234846498,19
5661,2,10,95,7,-9.9203126299905,3
5662,3,13,100,8,-9.932098946026004,5
5663,51,15,72,9,-9.937514477649751,6
5664,88,45,63,31,-9.955054334971098,14
5665,68,22,69,14,-9.966225512690011,8
5666,88,18,73,12,-9.974203425238962,6
5667,109,14,93,9,-9.987067099161266,5
5668,65,25,95,16,-9.987438820754939,9
5669,29,19,98,13,-10.031731367912892,6
5670,18,14,11,9,-10.031989827572827,5
5671,107,13,110,9,-10.034721322746934,4
5672,38,10,44,7,-10.048373138060267,3
5673,51,19,80,12,-10.049293803677344,7
5674,83,23,13,15,-10.067954696106943,8
5675,79,12,13,8,-10.072956753420838,4
5676,49,16,40,10,-10.077718304922938,6
5677,106,12,79,8,-10.079963228120917,4
5678,17,17,23,11,-10.090670558592322,6
5679,74,11,89,7,-10.093150392265773,4
5680,36,36,53,25,-10.11473282468799,11
5681,102,20,50,12,-10.118106239071224,8
5682,109,10,92,7,-10.132066653367776,3
5683,31,37,53,23,-10.136338371296794,14
5684,23,11,96,7,-10.143008283174424,4
5685,12,21,27,13,-10.146930026303878,8
5686,68,16,92,11,-10.14730683848729,5
5687,38,13,2,8,-10.156438284208226,5
5688,86,29,43,20,-10.173097117221216,9
5689,9,12,6,7,-10.175309866966634,5
5690,37,41,97,27,-10.190687502541847,14
5691,33,13,71,9,-10.195530501937561,4
5692,2,15,98,9,-10.198603389321665,6
5693,96,24,48,16,-10.200121519345737,8
5694,18,22,15,15,-10.200875953247772,7
5695,106,63,16,43,-10.201810935158226,20
5696,57,16,114,11,-10.202940786046577,5
5697,12,17,94,10,-10.206094758988755,7
5698,39,24,91,16,-10.206322081312436,8
5699,37,36,11,24,-10.207174749413833,12
5700,28,14,10,10,-10.2079261309438,4
5701,68,24,25,16,-10.21179043309895,8
5702,31,17,30,10,-10.214096274935343,7
5703,91,35,63,24,-10.225389928816243,11
5704,68,27,28,19,-10.22954876840922,8
5705,18,44,16,30,-10.2395488957726,14
5706,106,16,67,10,-10.252161434234205,6
5707,39,40,18,27,-10.257356241937435,13
5708,50,15,85,10,-10.26203922127155,5
5709,107,23,45,15,-10.289536165233189,8
5710,31,29,107,16,-10.30345756995746,13
5711,43,19,54,12,-10.322637569623126,7
5712,19,24,7,17,-10.325778739734245,7
5713,60,33,27,23,-10.33113010718894,10
5714,1,13,37,8,-10.34216426905315,5
5715,1,26,16,19,-10.34569928715388,7
5716,102,16,40,10,-10.346146758066936,6
5717,77,16,53,10,-10.347606271977275,6
5718,7,10,94,7,-10.355621654064775,3
5719,65,39,27,26,-10.35712628752035,13
5720,12,12,9,8,-10.366855545040101,4
5721,93,16,106,10,-10.37915501513517,6
5722,16,25,78,16,-10.383984889707147,9
5723,57,13,75,9,-10.387723743034117,4
5724,29,20,13,12,-10.404528641481374,8
5725,39,15,110,11,-10.417609870944737,4
5726,7,11,110,6,-10.42257657923173,5
5727,114,19,95,12,-10.422604339796184,7
5728,39,16,44,10,-10.434810009571377,6
5729,112,25,64,18,-10.44734880369225,7
5730,39,37,30,24,-10.453657029709747,13
5731,8,25,18,18,-10.457817501473423,7
5732,69,23,58,14,-10.458248548468932,9
5733,31,10,6,6,-10.459894630543896,4
5734,49,16,41,10,-10.465212157406025,6
5735,8,35,75,24,-10.477015226263449,11
5736,27,11,81,7,-10.477393451911677,4
5737,102,14,75,10,-10.47886729381523,4
5738,107,46,30,30,-10.483764542713445,16
5739,9,27,64,19,-10.495957554452968,8
5740,94,15,76,11,-10.510484442957436,4
5741,51,25,77,15,-10.516258457456901,10
5742,37,14,89,8,-10.519274673853,6
5743,36,27,27,17,-10.523349599331356,10
5744,97,19,71,13,-10.523533962196899,6
5745,17,16,41,11,-10.533333329606139,5
5746,66,12,63,8,-10.537031225709402,4
5747,108,13,76,9,-10.539317855686345,4
5748,56,16,86,11,-10.543126647721751,5
5749,40,17,28,10,-10.551622113062638,7
5750,54,19,71,12,-10.56377327137223,7
5751,9,15,95,9,-10.569002592922953,6
5752,28,10,26,7,-10.592168464369761,3
5753,91,31,7,22,-10.60910028610159,9
5754,108,14,48,10,-10.6209300268859,4
5755,101,12,16,8,-10.62271769748288,4
5756,71,18,98,12,-10.627953776602759,6
5757,64,20,30,13,-10.642272986004782,7
5758,98,25,5,16,-10.662918685540621,9
5759,57,12,38,7,-10.682623087511102,5
5760,107,32,48,21,-10.69484594829312,11
5761,74,25,51,18,-10.704030149650722,7
5762,84,23,30,16,-10.710699208047563,7
5763,36,13,43,8,-10.713552025008546,5
5764,111,11,54,8,-10.714143810197228,3
5765,17,22,53,15,-10.723383781136489,7
5766,18,45,13,29,-10.738363532449277,16
5767,108,23,53,14,-10.749834986479383,9
5768,72,11,63,8,-10.764095493593645,3
5769,7,11,59,8,-10.771239818059199,3
5770,81,21,87,12,-10.779060224204759,9
5771,91,25,55,18,-10.791612827626562,7
5772,81,17,106,10,-10.816681182916206,7
5773,88,33,15,24,-10.81683958702342,9
5774,2,11,30,7,-10.820419515250846,4
5775,54,46,37,31,-10.87009397469276,15
5776,77,16,71,11,-10.872072685026803,5
5777,41,21,111,13,-10.875724405637953,8
5778,94,10,104,7,-10.890017890960022,3
5779,69,20,63,14,-10.901230458210243,6
5780,35,10,102,6,-10.90320798703147,4
5781,5,17,73,11,-10.90738305979487,6
5782,9,14,11,9,-10.959299620365583,5
5783,100,10,41,7,-10.96219617530149,3
5784,39,16,108,10,-10.97781923779307,6
5785,97,25,13,16,-10.985857531237674,9
5786,88,37,50,24,-10.986958086725291,13
5787,57,24,70,14,-10.997514680908582,10
5788,110,20,51,14,-11.000148170458745,6
5789,107,13,56,8,-11.000292497508868,5
5790,3,26,40,18,-11.007177692487943,8
5791,71,13,15,9,-11.00914391321026,4
5792,68,10,98,7,-11.014423279510455,3
5793,92,14,41,9,-11.016394202336143,5
5794,88,41,53,28,-11.023031682203495,13
5795,32,17,16,11,-11.045561391190384,6
5796,114,12,32,8,-11.045874107216177,4
5797,11,11,99,7,-11.04788337752713,4
5798,109,13,30,9,-11.049589386483902,4
5799,80,13,78,9,-11.09791576617006,4
5800,32,13,74,9,-11.101664191982367,4
5801,84,20,27,13,-11.118973426521961,7
5802,70,15,46,10,-11.123543654837002,5
5803,38,16,75,12,-11.14383618558865,4
5804,85,13,55,9,-11.149931721802188,4
5805,4,16,43,10,-11.162760468553993,6
5806,27,13,17,8,-11.181834221753332,5
5807,1,11,89,7,-11.20901106938993,4
5808,46,12,100,8,-11.210309669403358,4
5809,3,15,25,10,-11.21463496022273,5
5810,106,18,98,12,-11.217270403208776,6
5811,51,13,73,9,-11.219804453521853,4
5812,96,20,46,12,-11.223825219116964,8
5813,112,12,38,9,-11.23040362290014,3
5814,109,17,75,12,-11.242273446455997,5
5815,51,28,95,20,-11.244919045567018,8
5816,81,13,40,9,-11.249205674756395,4
5817,83,16,107,11,-11.24958512039028,5
5818,70,29,87,18,-11.250414739740132,11
5819,48,12,90,8,-11.252381363492235,4
5820,103,10,28,7,-11.258889995972657,3
5821,104,22,49,15,-11.263982069887422,7
5822,7,52,75,35,-11.2746633859962,17
5823,55,14,2,9,-11.276816159574057,5
5824,27,11,111,8,-11.279710088837586,3
5825,5,10,80,7,-11.295210617596885,3
5826,96,25,7,18,-11.300422106484014,7
5827,72,19,28,13,-11.306329036701383,6
5828,20,38,50,26,-11.316816486601454,12
5829,88,75,13,51,-11.322656510714445,24
5830,20,12,64,9,-11.331308462604776,3
5831,71,21,104,13,-11.370166649530528,8
5832,10,14,107,9,-11.38119632500004,5
5833,57,23,27,14,-11.383835754448821,9
5834,38,11,4,8,-11.395009854616482,3
5835,95,10,29,7,-11.401888238693147,3
5836,106,39,114,26,-11.417874917507989,13
5837,81,14,47,10,-11.445134927289029,4
5838,63,19,57,12,-11.499632269547762,7
5839,3,19,53,13,-11.503790428420066,6
5840,81,15,7,9,-11.525413070422037,6
5841,60,19,17,13,-11.543012493338722,6
5842,76,15,74,9,-11.544600382799558,6
5843,71,10,111,7,-11.563837134119527,3
5844,104,16,36,10,-11.564722196156035,6
5845,11,10,108,7,-11.565275419390531,3
5846,50,15,33,10,-11.568332857311571,5
5847,39,15,90,10,-11.577976501423594,5
5848,68,16,72,11,-11.581640635616754,5
5849,40,12,100,8,-11.638460148115906,4
5850,86,33,102,23,-11.659667182565103,10
5851,94,15,30,10,-11.673617423848103,5
5852,48,11,98,8,-11.678045251552971,3
5853,28,23,34,16,-11.682170467841411,7
5854,68,25,11,16,-11.682534954278285,9
5855,96,13,91,9,-11.692854193124042,4
5856,102,15,100,11,-11.724376607273163,4
5857,94,11,11,8,-11.72559745135693,3
5858,27,24,104,17,-11.734157252311213,7
5859,84,34,11,23,-11.737395009694307,11
5860,67,11,16,8,-11.761532223804268,3
5861,53,18,43,13,-11.76241610426229,5
5862,1,37,55,26,-11.769033555767942,11
5863,60,14,102,9,-11.776298762035289,5
5864,62,10,112,7,-11.78047192200998,3
5865,109,18,17,12,-11.781743441013703,6
5866,65,12,91,8,-11.784658313781671,4
5867,54,10,44,7,-11.791894285038754,3
5868,40,21,8,15,-11.791921402372775,6
5869,108,11,8,8,-11.805411430354427,3
5870,91,10,53,7,-11.811611902058761,3
5871,17,10,83,6,-11.812775268760374,4
5872,46,10,78,6,-11.81650181599484,4
5873,111,16,28,11,-11.820301223407922,5
5874,64,10,74,6,-11.828764368523549,4
5875,28,47,63,33,-11.828866423716303,14
5876,37,10,78,7,-11.831707242150298,3
5877,28,34,74,23,-11.834419909257845,11
5878,103,17,107,12,-11.84601297233496,5
5879,29,12,20,8,-11.85416559868577,4
5880,77,28,104,19,-11.87424672617717,9
5881,104,18,90,12,-11.89837391797068,6
5882,63,18,62,12,-11.898616241132698,6
5883,29,11,109,6,-11.905733206262543,5
5884,65,46,114,30,-11.938229846486397,16
5885,18,27,95,18,-11.951490678023534,9
5886,54,10,53,7,-11.951994898142779,3
5887,51,30,78,18,-11.95634802340221,12
5888,81,14,104,8,-11.956844186421009,6
5889,72,11,50,8,-11.966306538639385,3
5890,60,16,37,10,-11.9668638856867,6
5891,98,11,109,8,-11.980585816049416,3
5892,55,18,102,12,-11.983866194974432,6
5893,87,21,15,14,-12.012506408703718,7
5894,104,12,1,8,-12.020108292717424,4
5895,63,18,1,11,-12.054495717242014,7
5896,57,14,76,10,-12.05677878352057,4
5897,94,35,16,25,-12.057575200604031,10
5898,91,18,30,13,-12.061464887561756,5
5899,69,20,49,13,-12.079897975557312,7
5900,20,14,34,10,-12.080633416209027,4
5901,72,10,39,7,-12.089715209342566,3
5902,35,11,8,8,-12.093356369533684,3
5903,112,23,60,16,-12.109222093309295,7
5904,12,12,1,8,-12.121434397869619,4
5905,63,12,92,7,-12.136993324985582,5
5906,31,11,19,8,-12.140248760143196,3
5907,70,22,2,14,-12.153236389251056,8
5908,103,10,78,8,-12.172315771013801,2
5909,99,21,107,14,-12.174640608684573,7
5910,57,19,65,13,-12.179886904630772,6
5911,39,18,109,13,-12.189314131019263,5
5912,76,18,7,11,-12.196617315781682,7
5913,106,11,78,8,-12.21024325274275,3
5914,9,14,43,9,-12.224469441855376,5
5915,43,19,75,14,-12.224767647713705,5
5916,60,22,74,14,-12.230302476711504,8
5917,54,27,48,18,-12.230401373927076,9
5918,77,19,27,13,-12.255114612404,6
5919,84,11,71,8,-12.255989147154674,3
5920,39,10,32,7,-12.25900875776762,3
5921,85,16,39,10,-12.259649528892558,6
5922,78,17,17,11,-12.267827102574513,6
5923,112,12,58,8,-12.27450382990949,4
5924,96,29,98,20,-12.301665445316491,9
5925,60,24,47,17,-12.306617941323186,7
5926,114,11,78,7,-12.319932318545474,4
5927,20,10,78,7,-12.337947782230119,3
5928,11,14,100,9,-12.338290360370584,5
5929,104,13,34,9,-12.352990002767115,4
5930,97,12,67,9,-12.35346782744064,3
5931,46,39,104,26,-12.353574327141937,13
5932,50,17,36,10,-12.423703215189779,7
5933,92,15,64,8,-12.492372460791037,7
5934,49,10,80,6,-12.509141995238949,4
5935,103,12,55,9,-12.517980336309982,3
5936,5,27,75,17,-12.535083552437035,10
5937,58,14,54,9,-12.535089602873326,5
5938,3,15,41,12,-12.536867675080288,3
5939,87,27,98,19,-12.540784384215351,8
5940,5,27,57,19,-12.572003913811173,8
5941,11,16,30,11,-12.57840097668375,5
5942,39,15,58,11,-12.586107695941518,4
5943,5,15,48,11,-12.675358072710548,4
5944,63,12,15,8,-12.697936769695263,4
5945,88,16,111,12,-12.710530076381987,4
5946,106,24,46,15,-12.725492516069489,9
5947,106,14,33,10,-12.736963404825662,4
5948,109,27,114,20,-12.737377288037608,7
5949,36,10,95,7,-12.746346244298937,3
5950,81,12,54,8,-12.757047966098474,4
5951,14,19,16,13,-12.801433996471316,6
5952,19,11,63,8,-12.824791428015692,3
5953,38,13,11,9,-12.885059978927561,4
5954,65,21,2,16,-12.8900275785182,5
5955,49,10,34,7,-12.890039581771166,3
5956,62,20,74,14,-12.893098863947467,6
5957,48,14,60,10,-12.898116343169702,4
5958,75,12,98,8,-12.900340980932176,4
5959,19,10,18,7,-12.906348402552078,3
5960,9,20,20,14,-12.92396478016519,6
5961,87,20,79,15,-12.924731468288163,5
5962,84,13,41,9,-12.931428566792913,4
5963,51,14,34,10,-12.934608487352978,4
5964,60,29,91,19,-12.952631394075716,10
5965,102,21,107,14,-12.974367748289918,7
5966,77,18,30,13,-12.982342846447986,5
5967,30,11,80,8,-13.03236389442298,3
5968,29,14,75,9,-13.04592128555306,5
5969,91,15,43,11,-13.046946068237398,4
5970,112,21,28,15,-13.06776325687043,6
5971,108,11,84,8,-13.07106461175519,3
5972,12,13,114,8,-13.087005723325444,5
5973,88,12,98,9,-13.094822370834628,3
5974,70,10,83,6,-13.118339150755117,4
5975,83,11,27,9,-13.134097125094824,2
5976,37,28,95,21,-13.149042342745602,7
5977,88,17,102,13,-13.153141792955822,4
5978,70,22,11,16,-13.174919150937757,6
5979,81,25,51,16,-13.181806016972251,9
5980,87,17,34,12,-13.184329008068612,5
5981,54,18,36,12,-13.217744798273172,6
5982,41,16,8,12,-13.244566662838952,4
5983,88,36,95,25,-13.24512473637818,11
5984,96,39,11,27,-13.252582377716239,12
5985,11,23,95,17,-13.263288005084238,6
5986,5,31,102,21,-13.269431869962297,10
5987,99,12,7,8,-13.274517260788413,4
5988,106,19,64,13,-13.295192075566398,6
5989,23,11,72,8,-13.303468387767726,3
5990,46,17,50,11,-13.310329365776978,6
5991,47,11,78,7,-13.313837965116967,4
5992,18,16,47,12,-13.317575135316673,4
5993,46,12,18,9,-13.322032493347338,3
5994,32,11,55,7,-13.36363963009391,4
5995,35,12,104,8,-13.369677424437175,4
5996,112,11,91,8,-13.423237527272477,3
5997,53,15,75,10,-13.423496737137004,5
5998,32,12,25,7,-13.427877456338663,5
5999,45,15,23,11,-13.436468047997268,4
6000,35,15,36,11,-13.440272285829963,4
6001,86,24,26,18,-13.454427406615018,6
6002,66,11,7,7,-13.514093541012448,4
6003,104,18,64,13,-13.541290561517043,5
6004,74,10,15,7,-13.56932630742914,3
6005,3,10,38,7,-13.612373842695774,3
6006,46,12,93,9,-13.65474091099076,3
6007,18,11,49,8,-13.655065375637419,3
6008,86,16,92,11,-13.67676060817369,5
6009,44,14,104,10,-13.703910249073422,4
6010,3,22,63,17,-13.713969327820672,5
6011,31,25,63,18,-13.714594813504094,7
6012,33,14,63,10,-13.733555706081619,4
6013,27,10,97,6,-13.735152835550487,4
6014,50,17,77,13,-13.753479149012174,4
6015,112,11,97,9,-13.794615799527321,2
6016,31,74,13,51,-13.800549608099518,23
6017,31,17,98,11,-13.805084918983175,6
6018,114,29,87,19,-13.836079480400485,10
6019,50,19,53,13,-13.883151416746287,6
6020,76,17,54,12,-13.892444764564262,5
6021,68,14,34,10,-13.903096130211466,4
6022,112,11,37,8,-13.937736127059297,3
6023,69,19,75,14,-13.94230448490658,5
6024,109,11,91,8,-13.94618860472034,3
6025,71,24,40,17,-13.948125771645659,7
6026,8,11,69,8,-13.967704360915697,3
6027,75,12,111,8,-13.972281809419961,4
6028,91,11,69,7,-13.993001551531528,4
6029,77,29,40,21,-14.048771071022598,8
6030,57,12,62,9,-14.067895538486146,3
6031,78,16,27,13,-14.073489954228481,3
6032,112,13,49,9,-14.107588631583399,4
6033,63,19,30,13,-14.12091588269026,6
6034,80,11,41,8,-14.186716292232557,3
6035,3,15,20,11,-14.188922367828342,4
6036,37,12,34,9,-14.300571264435137,3
6037,102,11,46,8,-14.307494713152051,3
6038,50,18,80,14,-14.309192739594003,4
6039,112,15,47,10,-14.309777431810543,5
6040,57,12,31,8,-14.310689026630849,4
6041,112,10,108,7,-14.316449946299121,3
6042,63,37,80,27,-14.322048676220186,10
6043,77,27,7,19,-14.33556677589385,8
6044,83,10,40,8,-14.347262135245904,2
6045,49,18,76,13,-14.388922058985907,5
6046,90,16,20,11,-14.40477443227545,5
6047,70,26,108,19,-14.427393649276276,7
6048,14,11,80,7,-14.435345395194508,4
6049,35,13,97,10,-14.4445517315995,3
6050,5,12,44,9,-14.447481002517355,3
6051,35,13,63,9,-14.450412261730216,4
6052,65,10,72,7,-14.450652701600797,3
6053,2,10,73,7,-14.457830254043136,3
6054,25,12,34,9,-14.468789684868275,3
6055,2,12,13,8,-14.516038794033763,4
6056,37,12,73,8,-14.533349572792924,4
6057,9,11,108,7,-14.533752266696007,4
6058,19,19,27,15,-14.534765196502544,4
6059,99,12,50,8,-14.581629542155014,4
6060,29,22,88,16,-14.584788845308772,6
6061,9,25,15,16,-14.58750591260023,9
6062,51,14,94,10,-14.642632531518043,4
6063,35,10,3,7,-14.67345115895829,3
6064,79,14,104,9,-14.67585498642578,5
6065,18,13,69,9,-14.695896617157176,4
6066,77,13,43,9,-14.703131603210487,4
6067,94,10,9,6,-14.704426445452432,4
6068,83,19,114,14,-14.71253096490687,5
6069,31,10,100,7,-14.730848989291465,3
6070,102,11,90,6,-14.739148726840858,5
6071,109,21,27,14,-14.741810222555548,7
6072,106,14,32,11,-14.741977351969277,3
6073,83,19,16,14,-14.752075456104706,5
6074,2,10,57,7,-14.75670329182861,3
6075,54,36,75,25,-14.80658448659353,11
6076,76,13,15,9,-14.81353391108204,4
6077,80,11,34,9,-14.830360037538274,2
6078,68,15,29,11,-14.842517688016263,4
6079,38,13,87,9,-14.859584047072818,4
6080,28,12,110,8,-14.8602682733133,4
6081,39,11,2,8,-14.867970478981071,3
6082,112,10,55,8,-14.907032679929216,2
6083,77,11,98,8,-14.971497492381292,3
6084,75,10,45,8,-15.003649946946844,2
6085,99,18,25,13,-15.014737107768294,5
6086,65,34,100,26,-15.04864337983154,8
6087,94,17,81,11,-15.053941840602283,6
6088,51,19,45,14,-15.064032724857126,5
6089,69,10,111,7,-15.0816233253005,3
6090,70,11,34,8,-15.101320383881482,3
6091,71,17,41,13,-15.162388636591329,4
6092,68,15,61,11,-15.24709195978541,4
6093,37,13,18,10,-15.368965567811568,3
6094,3,27,84,18,-15.372916145146673,9
6095,46,12,98,8,-15.381140721878973,4
6096,25,14,49,10,-15.43786379260084,4
6097,107,25,73,17,-15.460672720698524,8
6098,103,12,74,9,-15.463990000688312,3
6099,84,22,112,16,-15.486639525748986,6
6100,31,15,69,10,-15.502962092044207,5
6101,2,18,104,12,-15.50344370749933,6
6102,10,11,37,7,-15.516949569025604,4
6103,14,11,25,9,-15.536643242754739,2
6104,31,12,104,8,-15.561592201078605,4
6105,5,20,23,15,-15.563915929412014,5
6106,45,14,4,10,-15.600891470448104,4
6107,85,11,106,8,-15.605731963514037,3
6108,97,13,90,9,-15.62188808576594,4
6109,58,23,65,16,-15.653154983328356,7
6110,97,12,14,10,-15.664913845649806,2
6111,35,13,87,9,-15.683184050777022,4
6112,51,23,15,16,-15.696340054221961,7
6113,1,13,8,10,-15.702434313684371,3
6114,80,13,75,10,-15.71805205236554,3
6115,35,12,80,9,-15.72406211872363,3
6116,77,14,37,10,-15.73169378416834,4
6117,96,16,93,12,-15.73319462766121,4
6118,43,14,30,11,-15.738372858595183,3
6119,57,20,7,13,-15.746440629237659,7
6120,35,10,75,8,-15.755761764469415,2
6121,37,10,15,8,-15.78269510258246,2
6122,12,12,75,8,-15.785867542761379,4
6123,17,22,95,17,-15.802621580377178,5
6124,78,11,76,9,-15.811000042078586,2
6125,31,45,16,33,-15.837412153743443,12
6126,39,18,99,14,-15.84878961626863,4
6127,91,11,76,9,-15.872477419459234,2
6128,94,12,85,9,-15.872945827108664,3
6129,13,26,30,18,-15.88389201939532,8
6130,28,12,43,8,-15.894105628705272,4
6131,9,30,53,22,-15.894615033798411,8
6132,70,13,80,11,-15.90133341789594,2
6133,87,11,72,8,-15.951187331907203,3
6134,63,13,14,9,-15.961958621197994,4
6135,5,18,41,12,-16.050377082501456,6
6136,77,20,8,15,-16.11157045463716,5
6137,112,15,71,11,-16.11687592102847,4
6138,102,10,43,7,-16.154622115934174,3
6139,3,15,30,12,-16.224004525931704,3
6140,79,10,76,8,-16.246721403642802,2
6141,69,21,53,15,-16.247322250303586,6
6142,68,16,103,12,-16.281667488957133,4
6143,79,12,30,9,-16.40518046559389,3
6144,7,16,61,11,-16.426968020447948,5
6145,25,25,11,20,-16.429746187224737,5
6146,19,21,29,16,-16.441613211726516,5
6147,109,14,15,11,-16.447207404622475,3
6148,55,15,14,12,-16.464885141480416,3
6149,88,17,80,12,-16.477538046034613,5
6150,57,14,100,10,-16.518461506999675,4
6151,68,22,95,18,-16.550204863156033,4
6152,36,10,101,8,-16.627946704419497,2
6153,41,12,30,8,-16.67014747818193,4
6154,71,15,95,10,-16.72675418994599,5
6155,83,13,23,10,-16.744700089549813,3
6156,76,10,1,7,-16.815372977495876,3
6157,30,14,95,10,-16.836817117204564,4
6158,97,14,38,11,-16.838290194315167,3
6159,10,12,13,9,-16.89276746041982,3
6160,112,19,20,15,-16.964936240764274,4
6161,31,10,38,6,-16.97274158238424,4
6162,46,11,43,8,-16.991693442801246,3
6163,70,11,48,8,-17.04295857723929,3
6164,15,10,62,8,-17.05506964781122,2
6165,1,14,18,11,-17.058153705270225,3
6166,13,17,80,12,-17.06375198393908,5
6167,2,11,60,8,-17.11684300008854,3
6168,9,28,41,21,-17.159883472781484,7
6169,5,22,27,16,-17.186967099907662,6
6170,3,10,48,7,-17.21455694117363,3
6171,20,13,60,10,-17.267904745312975,3
6172,107,18,19,15,-17.294486817084366,3
6173,106,10,35,7,-17.319051156851785,3
6174,39,10,45,7,-17.32115834390289,3
6175,12,16,41,12,-17.359792151573956,4
6176,43,11,81,8,-17.430783583295423,3
6177,18,14,23,10,-17.468338798211544,4
6178,83,11,110,9,-17.575104905290946,2
6179,69,11,15,9,-17.61798439542534,2
6180,3,11,5,7,-17.694163901939547,4
6181,68,32,112,25,-17.735336321116534,7
6182,55,12,44,9,-17.771847163193563,3
6183,5,18,30,15,-17.81053305502534,3
6184,88,17,32,13,-17.824594134673823,4
6185,114,11,111,8,-17.846918134233796,3
6186,41,10,35,7,-17.84884882348167,3
6187,22,11,13,9,-17.88490511828995,2
6188,43,16,55,14,-17.88766939591472,2
6189,33,18,55,14,-17.969879843551904,4
6190,112,22,78,17,-18.00765085252849,5
6191,28,28,90,22,-18.060877876686433,6
6192,57,11,79,8,-18.14640267745942,3
6193,79,10,75,8,-18.185200748196127,2
6194,103,10,109,7,-18.37872283171988,3
6195,18,10,5,8,-18.464269170029826,2
6196,81,14,49,10,-18.467862810158525,4
6197,9,15,48,12,-18.472872872736897,3
6198,33,14,65,11,-18.512762180418843,3
6199,31,15,106,11,-18.52908676481624,4
6200,102,11,30,8,-18.53374521303684,3
6201,49,10,47,8,-18.582870806995665,2
6202,57,13,34,10,-18.63083545853813,3
6203,68,15,50,11,-18.68712791744929,4
6204,77,19,16,15,-18.736127046783512,4
6205,28,17,99,13,-18.754584808369174,4
6206,19,12,51,10,-18.82985585398082,2
6207,47,11,55,8,-18.857554518412744,3
6208,11,10,2,8,-18.92308479788875,2
6209,4,13,98,11,-18.936498509144613,2
6210,106,11,89,7,-18.95338953455919,4
6211,6,10,30,8,-19.02037640213381,2
6212,106,10,92,8,-19.041690772468705,2
6213,43,12,45,9,-19.04326521517843,3
6214,2,10,100,7,-19.143504228869272,3
6215,54,16,4,14,-19.244087603842104,2
6216,18,14,99,11,-19.290873438644514,3
6217,81,11,100,8,-19.29891210464559,3
6218,108,10,114,7,-19.30451384791422,3
6219,36,19,30,17,-19.30529767168729,2
6220,58,19,86,15,-19.384187711945845,4
6221,9,25,27,19,-19.43154810444966,6
6222,51,10,101,8,-19.538804927619935,2
6223,5,11,64,9,-19.698196874853632,2
6224,68,19,100,14,-19.724922124038788,5
6225,31,11,15,8,-19.738787942525683,3
6226,32,12,95,10,-19.760326388824467,2
6227,84,11,7,9,-20.072751797902637,2
6228,10,15,51,12,-20.332726180509006,3
6229,69,14,27,11,-20.342887062572174,3
6230,35,11,48,9,-20.438098241934796,2
6231,93,10,30,8,-20.554928098530844,2
6232,19,12,55,9,-20.602645773872627,3
6233,79,11,17,9,-20.72101316555543,2
6234,68,11,90,9,-20.787956198015944,2
6235,38,11,55,9,-20.87506721402826,2
6236,57,13,94,10,-20.917014051877036,3
6237,43,10,110,8,-21.055981543018305,2
6238,10,13,112,10,-21.234179723414762,3
6239,91,16,104,15,-21.31971827875211,1
6240,51,16,2,12,-21.322170492802826,4
6241,51,20,90,17,-21.393287092982963,3
6242,4,13,25,11,-21.42004260246313,2
6243,4,15,41,10,-21.480590173913868,5
6244,31,12,62,9,-21.790941067775986,3
6245,19,12,76,10,-21.846516735454518,2
6246,97,12,91,10,-22.175648770183788,2
6247,57,12,29,10,-22.398372618819636,2
6248,77,12,100,10,-22.63602526498757,2
6249,112,14,80,11,-22.742433885358178,3
6250,8,11,4,10,-23.17790508365148,1
6251,109,11,12,10,-23.647352995961207,1
6252,57,11,112,9,-24.03512959326609,2
6253,97,11,34,9,-24.058676404388496,2
6254,97,12,73,9,-24.10757303293757,3
6255,3,16,75,14,-24.194103806582213,2
6256,48,10,78,9,-24.571299754132223,1
6257,57,12,26,10,-24.80508950345583,2
6258,94,10,62,9,-26.27052480823864,1
6259,77,17,75,15,-26.826580833678783,2
6260,23,13,90,12,-28.362481429909796,1
6261,29,10,72,9,-28.9891345421891,1
6262,102,11,112,10,-29.817132660557682,1
6263,37,11,44,11,-29.883498899257123,0
